#,date_time,air_temp,RH,dew_pt,logger_ID,site,location
4,05/29/2023 17:14:45,11.13,89.86,9.54,21344222,JEN,deep
5,05/29/2023 17:44:45,11.09,90.79,9.65,21344222,JEN,deep
6,05/29/2023 18:14:45,11.1,91.37,9.76,21344222,JEN,deep
7,05/29/2023 18:44:45,11.1,91.73,9.82,21344222,JEN,deep
8,05/29/2023 19:14:45,11.07,92.01,9.83,21344222,JEN,deep
9,05/29/2023 19:44:45,11.09,92.28,9.89,21344222,JEN,deep
10,05/29/2023 20:14:45,11.1,92.47,9.93,21344222,JEN,deep
11,05/29/2023 20:44:45,11.09,92.67,9.96,21344222,JEN,deep
12,05/29/2023 21:14:45,11.04,92.84,9.94,21344222,JEN,deep
13,05/29/2023 21:44:45,11.08,92.99,10,21344222,JEN,deep
14,05/29/2023 22:14:45,11.07,93.12,10.01,21344222,JEN,deep
15,05/29/2023 22:44:45,11.08,93.27,10.04,21344222,JEN,deep
16,05/29/2023 23:14:45,11.08,93.49,10.08,21344222,JEN,deep
17,05/29/2023 23:44:45,11.03,93.54,10.04,21344222,JEN,deep
18,05/30/2023 00:14:45,11.07,93.59,10.08,21344222,JEN,deep
19,05/30/2023 00:44:45,11.03,93.66,10.06,21344222,JEN,deep
20,05/30/2023 01:14:45,11.04,93.85,10.1,21344222,JEN,deep
21,05/30/2023 01:44:45,11.07,93.88,10.13,21344222,JEN,deep
22,05/30/2023 02:14:45,11.08,94,10.16,21344222,JEN,deep
23,05/30/2023 02:44:45,11.05,94.05,10.15,21344222,JEN,deep
24,05/30/2023 03:14:45,11.08,94.12,10.18,21344222,JEN,deep
25,05/30/2023 03:44:45,11.05,94.16,10.16,21344222,JEN,deep
26,05/30/2023 04:14:45,11.04,94.27,10.17,21344222,JEN,deep
27,05/30/2023 04:44:45,11.1,94.32,10.23,21344222,JEN,deep
28,05/30/2023 05:14:45,11.09,94.43,10.24,21344222,JEN,deep
29,05/30/2023 05:44:45,11.08,94.49,10.24,21344222,JEN,deep
30,05/30/2023 06:14:45,11.08,94.52,10.24,21344222,JEN,deep
31,05/30/2023 06:44:45,11.07,94.61,10.25,21344222,JEN,deep
32,05/30/2023 07:14:45,11.09,94.7,10.28,21344222,JEN,deep
33,05/30/2023 07:44:45,11.04,94.71,10.24,21344222,JEN,deep
34,05/30/2023 08:14:45,11.05,94.78,10.26,21344222,JEN,deep
35,05/30/2023 08:44:45,11.04,94.79,10.25,21344222,JEN,deep
36,05/30/2023 09:14:45,11.02,94.89,10.25,21344222,JEN,deep
37,05/30/2023 09:44:45,11.05,94.89,10.28,21344222,JEN,deep
38,05/30/2023 10:14:45,11.08,94.93,10.31,21344222,JEN,deep
39,05/30/2023 10:44:45,11.07,94.99,10.31,21344222,JEN,deep
40,05/30/2023 11:14:45,11.04,95.02,10.29,21344222,JEN,deep
41,05/30/2023 11:44:45,11.05,95.08,10.31,21344222,JEN,deep
42,05/30/2023 12:14:45,11.04,95.1,10.3,21344222,JEN,deep
43,05/30/2023 12:44:45,11.04,95.16,10.31,21344222,JEN,deep
44,05/30/2023 13:14:45,11.04,95.21,10.32,21344222,JEN,deep
45,05/30/2023 13:44:45,11.08,95.24,10.36,21344222,JEN,deep
46,05/30/2023 14:14:45,11.03,95.28,10.32,21344222,JEN,deep
47,05/30/2023 14:44:45,11.05,95.35,10.35,21344222,JEN,deep
48,05/30/2023 15:14:45,11.07,95.36,10.36,21344222,JEN,deep
49,05/30/2023 15:44:45,11.07,95.4,10.37,21344222,JEN,deep
50,05/30/2023 16:14:45,11.04,95.41,10.35,21344222,JEN,deep
51,05/30/2023 16:44:45,11.08,95.48,10.39,21344222,JEN,deep
52,05/30/2023 17:14:45,11.02,95.52,10.35,21344222,JEN,deep
53,05/30/2023 17:44:45,11.05,95.57,10.39,21344222,JEN,deep
54,05/30/2023 18:14:45,11.05,95.59,10.39,21344222,JEN,deep
55,05/30/2023 18:44:45,11.04,95.63,10.39,21344222,JEN,deep
56,05/30/2023 19:14:45,11.05,95.65,10.4,21344222,JEN,deep
57,05/30/2023 19:44:45,11.04,95.69,10.39,21344222,JEN,deep
58,05/30/2023 20:14:45,11.07,95.74,10.42,21344222,JEN,deep
59,05/30/2023 20:44:45,11.05,95.77,10.42,21344222,JEN,deep
60,05/30/2023 21:14:45,11.04,95.77,10.41,21344222,JEN,deep
61,05/30/2023 21:44:45,11.04,95.76,10.41,21344222,JEN,deep
62,05/30/2023 22:14:45,11.01,95.83,10.38,21344222,JEN,deep
63,05/30/2023 22:44:45,11.04,95.87,10.42,21344222,JEN,deep
64,05/30/2023 23:14:45,11.08,95.94,10.47,21344222,JEN,deep
65,05/30/2023 23:44:45,11.04,95.94,10.43,21344222,JEN,deep
66,05/31/2023 00:14:45,11.05,95.99,10.45,21344222,JEN,deep
67,05/31/2023 00:44:45,11.03,96.02,10.44,21344222,JEN,deep
68,05/31/2023 01:14:45,11.04,96,10.44,21344222,JEN,deep
69,05/31/2023 01:44:45,11.04,96.01,10.44,21344222,JEN,deep
70,05/31/2023 02:14:45,11.04,96.09,10.46,21344222,JEN,deep
71,05/31/2023 02:44:45,11.04,96.11,10.46,21344222,JEN,deep
72,05/31/2023 03:14:45,11.08,96.12,10.49,21344222,JEN,deep
73,05/31/2023 03:44:45,11.07,96.12,10.48,21344222,JEN,deep
74,05/31/2023 04:14:45,11.04,96.14,10.47,21344222,JEN,deep
75,05/31/2023 04:44:45,11.05,96.21,10.49,21344222,JEN,deep
76,05/31/2023 05:14:45,11.04,96.22,10.48,21344222,JEN,deep
77,05/31/2023 05:44:45,11.05,96.22,10.49,21344222,JEN,deep
78,05/31/2023 06:14:45,11.05,96.22,10.49,21344222,JEN,deep
79,05/31/2023 06:44:45,11.05,96.34,10.51,21344222,JEN,deep
80,05/31/2023 07:14:45,11.04,96.35,10.5,21344222,JEN,deep
81,05/31/2023 07:44:45,11.03,96.29,10.48,21344222,JEN,deep
82,05/31/2023 08:14:45,11.07,96.35,10.52,21344222,JEN,deep
83,05/31/2023 08:44:45,11.07,96.4,10.53,21344222,JEN,deep
84,05/31/2023 09:14:45,11.04,96.43,10.51,21344222,JEN,deep
85,05/31/2023 09:44:45,11.04,96.56,10.53,21344222,JEN,deep
86,05/31/2023 10:14:45,11.04,96.43,10.51,21344222,JEN,deep
87,05/31/2023 10:44:45,11.04,96.45,10.51,21344222,JEN,deep
88,05/31/2023 11:14:45,11.05,96.44,10.52,21344222,JEN,deep
89,05/31/2023 11:44:45,11.04,96.46,10.51,21344222,JEN,deep
90,05/31/2023 12:14:45,11.03,96.5,10.51,21344222,JEN,deep
91,05/31/2023 12:44:45,11.02,96.53,10.5,21344222,JEN,deep
92,05/31/2023 13:14:45,11.03,96.51,10.51,21344222,JEN,deep
93,05/31/2023 13:44:45,11.02,96.53,10.5,21344222,JEN,deep
94,05/31/2023 14:14:45,11.02,96.54,10.51,21344222,JEN,deep
95,05/31/2023 14:44:45,11.04,96.58,10.53,21344222,JEN,deep
96,05/31/2023 15:14:45,11.04,96.62,10.54,21344222,JEN,deep
97,05/31/2023 15:44:45,11.02,96.64,10.52,21344222,JEN,deep
98,05/31/2023 16:14:45,11.04,96.63,10.54,21344222,JEN,deep
99,05/31/2023 16:44:45,11.03,96.64,10.53,21344222,JEN,deep
100,05/31/2023 17:14:45,11.04,96.69,10.55,21344222,JEN,deep
101,05/31/2023 17:44:45,11.04,96.67,10.55,21344222,JEN,deep
102,05/31/2023 18:14:45,11.04,96.69,10.55,21344222,JEN,deep
103,05/31/2023 18:44:45,11.04,96.75,10.56,21344222,JEN,deep
104,05/31/2023 19:14:45,11.02,96.75,10.54,21344222,JEN,deep
105,05/31/2023 19:44:45,11.03,96.81,10.56,21344222,JEN,deep
106,05/31/2023 20:14:45,11.05,96.77,10.57,21344222,JEN,deep
107,05/31/2023 20:44:45,11.04,96.78,10.56,21344222,JEN,deep
108,05/31/2023 21:14:45,11.04,96.84,10.57,21344222,JEN,deep
109,05/31/2023 21:44:45,11.04,96.83,10.57,21344222,JEN,deep
110,05/31/2023 22:14:45,11.05,96.91,10.6,21344222,JEN,deep
111,05/31/2023 22:44:45,11.04,96.9,10.58,21344222,JEN,deep
112,05/31/2023 23:14:45,11.03,96.92,10.58,21344222,JEN,deep
113,05/31/2023 23:44:45,11.03,96.98,10.58,21344222,JEN,deep
114,6/1/2023 0:14,11.04,96.99,10.6,21344222,JEN,deep
115,6/1/2023 0:44,11.03,96.97,10.58,21344222,JEN,deep
116,6/1/2023 1:14,11.04,97,10.6,21344222,JEN,deep
117,6/1/2023 1:44,11.05,97,10.61,21344222,JEN,deep
118,6/1/2023 2:14,11.05,96.98,10.61,21344222,JEN,deep
119,6/1/2023 2:44,11.03,97.02,10.59,21344222,JEN,deep
120,6/1/2023 3:14,11.03,97.07,10.6,21344222,JEN,deep
121,6/1/2023 3:44,11.05,97.02,10.61,21344222,JEN,deep
122,6/1/2023 4:14,11.04,97.06,10.61,21344222,JEN,deep
123,6/1/2023 4:44,11.04,97.1,10.61,21344222,JEN,deep
124,6/1/2023 5:14,11.02,97.09,10.59,21344222,JEN,deep
125,6/1/2023 5:44,11.09,97.13,10.66,21344222,JEN,deep
126,6/1/2023 6:14,11.03,97.18,10.62,21344222,JEN,deep
127,6/1/2023 6:44,11.04,97.16,10.62,21344222,JEN,deep
128,6/1/2023 7:14,11.04,97.17,10.63,21344222,JEN,deep
129,6/1/2023 7:44,11.04,97.2,10.63,21344222,JEN,deep
130,6/1/2023 8:14,11.01,97.2,10.6,21344222,JEN,deep
131,6/1/2023 8:44,11.02,97.2,10.61,21344222,JEN,deep
132,6/1/2023 9:14,11.02,97.17,10.6,21344222,JEN,deep
133,6/1/2023 9:44,11.04,97.17,10.62,21344222,JEN,deep
134,6/1/2023 10:14,11.05,97.23,10.64,21344222,JEN,deep
135,6/1/2023 10:44,11.04,97.22,10.63,21344222,JEN,deep
136,6/1/2023 11:14,11.04,97.25,10.64,21344222,JEN,deep
137,6/1/2023 11:44,11.03,97.26,10.63,21344222,JEN,deep
138,6/1/2023 12:14,11.02,97.3,10.62,21344222,JEN,deep
139,6/1/2023 12:44,11.02,97.27,10.62,21344222,JEN,deep
140,6/1/2023 13:14,11.03,97.25,10.63,21344222,JEN,deep
141,6/1/2023 13:44,11,97.29,10.6,21344222,JEN,deep
142,6/1/2023 14:14,11,97.33,10.61,21344222,JEN,deep
143,6/1/2023 14:44,11.04,97.33,10.65,21344222,JEN,deep
144,6/1/2023 15:14,11.03,97.33,10.64,21344222,JEN,deep
145,6/1/2023 15:44,11.03,97.36,10.64,21344222,JEN,deep
146,6/1/2023 16:14,11.04,97.35,10.65,21344222,JEN,deep
147,6/1/2023 16:44,11.04,97.36,10.65,21344222,JEN,deep
148,6/1/2023 17:14,11.04,97.39,10.66,21344222,JEN,deep
149,6/1/2023 17:44,11.03,97.43,10.65,21344222,JEN,deep
150,6/1/2023 18:14,11.02,97.43,10.64,21344222,JEN,deep
151,6/1/2023 18:44,11.04,97.47,10.67,21344222,JEN,deep
152,6/1/2023 19:14,11.03,97.53,10.67,21344222,JEN,deep
153,6/1/2023 19:44,11.02,97.5,10.65,21344222,JEN,deep
154,6/1/2023 20:14,11.05,97.57,10.7,21344222,JEN,deep
155,6/1/2023 20:44,11.04,97.55,10.68,21344222,JEN,deep
156,6/1/2023 21:14,11.02,97.54,10.66,21344222,JEN,deep
157,6/1/2023 21:44,11.04,97.56,10.69,21344222,JEN,deep
158,6/1/2023 22:14,11.03,97.56,10.67,21344222,JEN,deep
159,6/1/2023 22:44,11.04,97.6,10.69,21344222,JEN,deep
160,6/1/2023 23:14,11.04,97.64,10.7,21344222,JEN,deep
161,6/1/2023 23:44,11.05,97.65,10.71,21344222,JEN,deep
162,6/2/2023 0:14,11.04,97.67,10.7,21344222,JEN,deep
163,6/2/2023 0:44,11.05,97.67,10.71,21344222,JEN,deep
164,6/2/2023 1:14,11.04,97.66,10.7,21344222,JEN,deep
165,6/2/2023 1:44,11.05,97.68,10.71,21344222,JEN,deep
166,6/2/2023 2:14,11.04,97.72,10.71,21344222,JEN,deep
167,6/2/2023 2:44,11.01,97.7,10.67,21344222,JEN,deep
168,6/2/2023 3:14,11.04,97.75,10.71,21344222,JEN,deep
169,6/2/2023 3:44,11.03,97.74,10.7,21344222,JEN,deep
170,6/2/2023 4:14,11.09,97.77,10.76,21344222,JEN,deep
171,6/2/2023 4:44,11.04,97.82,10.73,21344222,JEN,deep
172,6/2/2023 5:14,11.07,97.8,10.74,21344222,JEN,deep
173,6/2/2023 5:44,11.04,97.81,10.72,21344222,JEN,deep
174,6/2/2023 6:14,11.04,97.8,10.72,21344222,JEN,deep
175,6/2/2023 6:44,11.03,97.8,10.71,21344222,JEN,deep
176,6/2/2023 7:14,11.05,97.76,10.73,21344222,JEN,deep
177,6/2/2023 7:44,11.04,97.77,10.72,21344222,JEN,deep
178,6/2/2023 8:14,11.05,97.82,10.74,21344222,JEN,deep
179,6/2/2023 8:44,11.04,97.89,10.74,21344222,JEN,deep
180,6/2/2023 9:14,11.04,97.87,10.73,21344222,JEN,deep
181,6/2/2023 9:44,11.03,97.9,10.73,21344222,JEN,deep
182,6/2/2023 10:14,11.08,97.87,10.76,21344222,JEN,deep
183,6/2/2023 10:44,11.02,97.9,10.72,21344222,JEN,deep
184,6/2/2023 11:14,11.04,97.87,10.73,21344222,JEN,deep
185,6/2/2023 11:44,11.03,97.88,10.72,21344222,JEN,deep
186,6/2/2023 12:14,11.04,97.87,10.73,21344222,JEN,deep
187,6/2/2023 12:44,11.02,97.9,10.72,21344222,JEN,deep
188,6/2/2023 13:14,11.03,97.88,10.72,21344222,JEN,deep
189,6/2/2023 13:44,11.04,97.9,10.74,21344222,JEN,deep
190,6/2/2023 14:14,11.03,97.9,10.73,21344222,JEN,deep
191,6/2/2023 14:44,11.02,97.87,10.71,21344222,JEN,deep
192,6/2/2023 15:14,11.03,97.9,10.73,21344222,JEN,deep
193,6/2/2023 15:44,11.03,97.92,10.73,21344222,JEN,deep
194,6/2/2023 16:14,11.03,97.92,10.73,21344222,JEN,deep
195,6/2/2023 16:44,11.02,97.91,10.72,21344222,JEN,deep
196,6/2/2023 17:14,11.03,97.94,10.73,21344222,JEN,deep
197,6/2/2023 17:44,11.03,97.99,10.74,21344222,JEN,deep
198,6/2/2023 18:14,11.04,97.93,10.74,21344222,JEN,deep
199,6/2/2023 18:44,11.01,97.96,10.72,21344222,JEN,deep
200,6/2/2023 19:14,11.03,98.02,10.75,21344222,JEN,deep
201,6/2/2023 19:44,11.03,98.01,10.74,21344222,JEN,deep
202,6/2/2023 20:14,11.04,98.02,10.76,21344222,JEN,deep
203,6/2/2023 20:44,11.01,98.04,10.73,21344222,JEN,deep
204,6/2/2023 21:14,11.03,98.07,10.75,21344222,JEN,deep
205,6/2/2023 21:44,11.03,98.09,10.75,21344222,JEN,deep
206,6/2/2023 22:14,11.03,98.13,10.76,21344222,JEN,deep
207,6/2/2023 22:44,11.04,98.07,10.76,21344222,JEN,deep
208,6/2/2023 23:14,11.01,98.11,10.74,21344222,JEN,deep
209,6/2/2023 23:44,11.04,98.11,10.77,21344222,JEN,deep
210,6/3/2023 0:14,11.04,98.14,10.77,21344222,JEN,deep
211,6/3/2023 0:44,11.04,98.17,10.78,21344222,JEN,deep
212,6/3/2023 1:14,11.07,98.16,10.8,21344222,JEN,deep
213,6/3/2023 1:44,11.03,98.21,10.77,21344222,JEN,deep
214,6/3/2023 2:14,11.02,98.17,10.76,21344222,JEN,deep
215,6/3/2023 2:44,11.04,98.17,10.78,21344222,JEN,deep
216,6/3/2023 3:14,11.04,98.21,10.79,21344222,JEN,deep
217,6/3/2023 3:44,11.04,98.22,10.79,21344222,JEN,deep
218,6/3/2023 4:14,11.04,98.23,10.79,21344222,JEN,deep
219,6/3/2023 4:44,11.04,98.24,10.79,21344222,JEN,deep
220,6/3/2023 5:14,11.03,98.26,10.78,21344222,JEN,deep
221,6/3/2023 5:44,11.05,98.28,10.81,21344222,JEN,deep
222,6/3/2023 6:14,11,98.32,10.76,21344222,JEN,deep
223,6/3/2023 6:44,11.07,98.31,10.82,21344222,JEN,deep
224,6/3/2023 7:14,11.03,98.33,10.79,21344222,JEN,deep
225,6/3/2023 7:44,11.03,98.34,10.79,21344222,JEN,deep
226,6/3/2023 8:14,11.05,98.33,10.81,21344222,JEN,deep
227,6/3/2023 8:44,11.02,98.3,10.78,21344222,JEN,deep
228,6/3/2023 9:14,11.04,98.33,10.8,21344222,JEN,deep
229,6/3/2023 9:44,11.03,98.29,10.79,21344222,JEN,deep
230,6/3/2023 10:14,11.03,98.27,10.78,21344222,JEN,deep
231,6/3/2023 10:44,11.04,98.27,10.79,21344222,JEN,deep
232,6/3/2023 11:14,11.02,98.29,10.78,21344222,JEN,deep
233,6/3/2023 11:44,11.03,98.26,10.78,21344222,JEN,deep
234,6/3/2023 12:14,11.02,98.27,10.77,21344222,JEN,deep
235,6/3/2023 12:44,11.05,98.3,10.81,21344222,JEN,deep
236,6/3/2023 13:14,11.05,98.29,10.81,21344222,JEN,deep
237,6/3/2023 13:44,11.04,98.3,10.8,21344222,JEN,deep
238,6/3/2023 14:14,11.02,98.3,10.78,21344222,JEN,deep
239,6/3/2023 14:44,11,98.31,10.76,21344222,JEN,deep
240,6/3/2023 15:14,11.01,98.27,10.76,21344222,JEN,deep
241,6/3/2023 15:44,11,98.31,10.76,21344222,JEN,deep
242,6/3/2023 16:14,11.02,98.3,10.78,21344222,JEN,deep
243,6/3/2023 16:44,11.03,98.34,10.79,21344222,JEN,deep
244,6/3/2023 17:14,11.03,98.33,10.79,21344222,JEN,deep
245,6/3/2023 17:44,11.02,98.39,10.79,21344222,JEN,deep
246,6/3/2023 18:14,11.01,98.39,10.78,21344222,JEN,deep
247,6/3/2023 18:44,11.03,98.4,10.8,21344222,JEN,deep
248,6/3/2023 19:14,11.04,98.46,10.82,21344222,JEN,deep
249,6/3/2023 19:44,11.04,98.48,10.83,21344222,JEN,deep
250,6/3/2023 20:14,11.02,98.51,10.81,21344222,JEN,deep
251,6/3/2023 20:44,11.01,98.45,10.79,21344222,JEN,deep
252,6/3/2023 21:14,11.01,98.41,10.78,21344222,JEN,deep
253,6/3/2023 21:44,11.03,98.45,10.81,21344222,JEN,deep
254,6/3/2023 22:14,11.03,98.47,10.81,21344222,JEN,deep
255,6/3/2023 22:44,11.01,98.46,10.79,21344222,JEN,deep
256,6/3/2023 23:14,11.03,98.55,10.83,21344222,JEN,deep
257,6/3/2023 23:44,11,98.54,10.79,21344222,JEN,deep
258,6/4/2023 0:14,11.03,98.5,10.82,21344222,JEN,deep
259,6/4/2023 0:44,11.04,98.49,10.83,21344222,JEN,deep
260,6/4/2023 1:14,11.01,98.52,10.8,21344222,JEN,deep
261,6/4/2023 1:44,11.01,98.52,10.8,21344222,JEN,deep
262,6/4/2023 2:14,11.04,98.53,10.83,21344222,JEN,deep
263,6/4/2023 2:44,11.03,98.55,10.83,21344222,JEN,deep
264,6/4/2023 3:14,11.02,98.56,10.82,21344222,JEN,deep
265,6/4/2023 3:44,11.03,98.58,10.83,21344222,JEN,deep
266,6/4/2023 4:14,11.01,98.57,10.81,21344222,JEN,deep
267,6/4/2023 4:44,11.03,98.58,10.83,21344222,JEN,deep
268,6/4/2023 5:14,11.04,98.6,10.84,21344222,JEN,deep
269,6/4/2023 5:44,11.03,98.64,10.84,21344222,JEN,deep
270,6/4/2023 6:14,11.04,98.63,10.85,21344222,JEN,deep
271,6/4/2023 6:44,11.04,98.62,10.85,21344222,JEN,deep
272,6/4/2023 7:14,11.07,98.66,10.88,21344222,JEN,deep
273,6/4/2023 7:44,11.04,98.66,10.85,21344222,JEN,deep
274,6/4/2023 8:14,11.04,98.65,10.85,21344222,JEN,deep
275,6/4/2023 8:44,11.04,98.67,10.86,21344222,JEN,deep
276,6/4/2023 9:14,11.04,98.68,10.86,21344222,JEN,deep
277,6/4/2023 9:44,11.03,98.72,10.85,21344222,JEN,deep
278,6/4/2023 10:14,11.03,98.73,10.85,21344222,JEN,deep
279,6/4/2023 10:44,11.01,98.71,10.83,21344222,JEN,deep
280,6/4/2023 11:14,11.03,98.69,10.85,21344222,JEN,deep
281,6/4/2023 11:44,11.04,98.74,10.87,21344222,JEN,deep
282,6/4/2023 12:14,11.02,98.73,10.84,21344222,JEN,deep
283,6/4/2023 12:44,11.05,98.73,10.88,21344222,JEN,deep
284,6/4/2023 13:14,11.02,98.74,10.84,21344222,JEN,deep
285,6/4/2023 13:44,11.05,98.74,10.88,21344222,JEN,deep
286,6/4/2023 14:14,11.02,98.74,10.84,21344222,JEN,deep
287,6/4/2023 14:44,11.03,98.74,10.86,21344222,JEN,deep
288,6/4/2023 15:14,11.03,98.75,10.86,21344222,JEN,deep
289,6/4/2023 15:44,11.05,98.79,10.88,21344222,JEN,deep
290,6/4/2023 16:14,11.02,98.77,10.85,21344222,JEN,deep
291,6/4/2023 16:44,11.04,98.84,10.88,21344222,JEN,deep
292,6/4/2023 17:14,11.04,98.81,10.88,21344222,JEN,deep
293,6/4/2023 17:44,11.05,98.81,10.89,21344222,JEN,deep
294,6/4/2023 18:14,11.05,98.85,10.89,21344222,JEN,deep
295,6/4/2023 18:44,11.01,98.84,10.85,21344222,JEN,deep
296,6/4/2023 19:14,11.04,98.85,10.88,21344222,JEN,deep
297,6/4/2023 19:44,11.04,98.86,10.88,21344222,JEN,deep
298,6/4/2023 20:14,11.04,98.84,10.88,21344222,JEN,deep
299,6/4/2023 20:44,11.03,98.85,10.87,21344222,JEN,deep
300,6/4/2023 21:14,11.03,98.85,10.87,21344222,JEN,deep
301,6/4/2023 21:44,11.03,98.89,10.88,21344222,JEN,deep
302,6/4/2023 22:14,11.05,98.86,10.89,21344222,JEN,deep
303,6/4/2023 22:44,11.04,98.9,10.89,21344222,JEN,deep
304,6/4/2023 23:14,11.05,98.88,10.9,21344222,JEN,deep
305,6/4/2023 23:44,11.02,98.95,10.88,21344222,JEN,deep
306,6/5/2023 0:14,11.07,98.91,10.91,21344222,JEN,deep
307,6/5/2023 0:44,11.04,98.98,10.9,21344222,JEN,deep
308,6/5/2023 1:14,11.05,99.03,10.92,21344222,JEN,deep
309,6/5/2023 1:44,11.04,99.03,10.91,21344222,JEN,deep
310,6/5/2023 2:14,11.04,99.04,10.91,21344222,JEN,deep
311,6/5/2023 2:44,11.07,99.05,10.94,21344222,JEN,deep
312,6/5/2023 3:14,11.05,99.09,10.93,21344222,JEN,deep
313,6/5/2023 3:44,11.04,99.01,10.91,21344222,JEN,deep
314,6/5/2023 4:14,11.05,99.01,10.92,21344222,JEN,deep
315,6/5/2023 4:44,11.09,99,10.95,21344222,JEN,deep
316,6/5/2023 5:14,11.02,99.05,10.89,21344222,JEN,deep
317,6/5/2023 5:44,11.04,99.08,10.92,21344222,JEN,deep
318,6/5/2023 6:14,11.04,99.08,10.92,21344222,JEN,deep
319,6/5/2023 6:44,11.05,99.06,10.93,21344222,JEN,deep
320,6/5/2023 7:14,11.04,99.09,10.92,21344222,JEN,deep
321,6/5/2023 7:44,11.03,99.06,10.9,21344222,JEN,deep
322,6/5/2023 8:14,11.08,99.1,10.95,21344222,JEN,deep
323,6/5/2023 8:44,11.04,99.12,10.92,21344222,JEN,deep
324,6/5/2023 9:14,11.01,99.12,10.89,21344222,JEN,deep
325,6/5/2023 9:44,11.04,99.1,10.92,21344222,JEN,deep
326,6/5/2023 10:14,11.05,99.13,10.94,21344222,JEN,deep
327,6/5/2023 10:44,11.05,99.11,10.93,21344222,JEN,deep
328,6/5/2023 11:14,11.01,99.12,10.89,21344222,JEN,deep
329,6/5/2023 11:44,11.04,99.13,10.93,21344222,JEN,deep
330,6/5/2023 12:14,11.03,99.15,10.92,21344222,JEN,deep
331,6/5/2023 12:44,11.04,99.15,10.93,21344222,JEN,deep
332,6/5/2023 13:14,11.04,99.14,10.93,21344222,JEN,deep
333,6/5/2023 13:44,11.02,99.11,10.9,21344222,JEN,deep
334,6/5/2023 14:14,11.05,99.14,10.94,21344222,JEN,deep
335,6/5/2023 14:44,11.03,99.15,10.92,21344222,JEN,deep
336,6/5/2023 15:14,11.05,99.17,10.94,21344222,JEN,deep
337,6/5/2023 15:44,11.02,99.18,10.91,21344222,JEN,deep
338,6/5/2023 16:14,11.02,99.16,10.91,21344222,JEN,deep
339,6/5/2023 16:44,11.04,99.21,10.94,21344222,JEN,deep
340,6/5/2023 17:14,11.03,99.21,10.93,21344222,JEN,deep
341,6/5/2023 17:44,11.04,99.2,10.94,21344222,JEN,deep
342,6/5/2023 18:14,11.03,99.23,10.93,21344222,JEN,deep
343,6/5/2023 18:44,11.03,99.22,10.93,21344222,JEN,deep
344,6/5/2023 19:14,11.04,99.27,10.95,21344222,JEN,deep
345,6/5/2023 19:44,11.04,99.22,10.94,21344222,JEN,deep
346,6/5/2023 20:14,11.05,99.23,10.95,21344222,JEN,deep
347,6/5/2023 20:44,11.02,99.27,10.92,21344222,JEN,deep
348,6/5/2023 21:14,11.04,99.24,10.94,21344222,JEN,deep
349,6/5/2023 21:44,11.04,99.27,10.95,21344222,JEN,deep
350,6/5/2023 22:14,11.01,99.28,10.91,21344222,JEN,deep
351,6/5/2023 22:44,11.04,99.29,10.95,21344222,JEN,deep
352,6/5/2023 23:14,11.04,99.33,10.96,21344222,JEN,deep
353,6/5/2023 23:44,11.04,99.35,10.96,21344222,JEN,deep
354,6/6/2023 0:14,11.04,99.3,10.95,21344222,JEN,deep
355,6/6/2023 0:44,11.04,99.31,10.95,21344222,JEN,deep
356,6/6/2023 1:14,11.04,99.34,10.96,21344222,JEN,deep
357,6/6/2023 1:44,11.07,99.33,10.98,21344222,JEN,deep
358,6/6/2023 2:14,11.07,99.3,10.97,21344222,JEN,deep
359,6/6/2023 2:44,11.01,99.32,10.92,21344222,JEN,deep
360,6/6/2023 3:14,11.03,99.37,10.95,21344222,JEN,deep
361,6/6/2023 3:44,11.02,99.35,10.94,21344222,JEN,deep
362,6/6/2023 4:14,11,99.36,10.92,21344222,JEN,deep
363,6/6/2023 4:44,11.07,99.33,10.98,21344222,JEN,deep
364,6/6/2023 5:14,11.04,99.37,10.96,21344222,JEN,deep
365,6/6/2023 5:44,11.04,99.36,10.96,21344222,JEN,deep
366,6/6/2023 6:14,11.02,99.37,10.94,21344222,JEN,deep
367,6/6/2023 6:44,11.05,99.4,10.98,21344222,JEN,deep
368,6/6/2023 7:14,11.04,99.38,10.96,21344222,JEN,deep
369,6/6/2023 7:44,11.02,99.39,10.94,21344222,JEN,deep
370,6/6/2023 8:14,11.04,99.4,10.97,21344222,JEN,deep
371,6/6/2023 8:44,11.01,99.39,10.93,21344222,JEN,deep
372,6/6/2023 9:14,11.05,99.39,10.97,21344222,JEN,deep
373,6/6/2023 9:44,11.04,99.39,10.96,21344222,JEN,deep
374,6/6/2023 10:14,11.04,99.39,10.97,21344222,JEN,deep
375,6/6/2023 10:44,11.02,99.38,10.94,21344222,JEN,deep
376,6/6/2023 11:14,11.03,99.39,10.95,21344222,JEN,deep
377,6/6/2023 11:44,11.04,99.38,10.96,21344222,JEN,deep
378,6/6/2023 12:14,11.02,99.41,10.95,21344222,JEN,deep
379,6/6/2023 12:44,11.03,99.38,10.95,21344222,JEN,deep
380,6/6/2023 13:14,11.02,99.38,10.94,21344222,JEN,deep
381,6/6/2023 13:44,11.01,99.39,10.93,21344222,JEN,deep
382,6/6/2023 14:14,11.05,99.38,10.97,21344222,JEN,deep
383,6/6/2023 14:44,11.01,99.41,10.94,21344222,JEN,deep
384,6/6/2023 15:14,11.01,99.42,10.94,21344222,JEN,deep
385,6/6/2023 15:44,11.03,99.4,10.96,21344222,JEN,deep
386,6/6/2023 16:14,11.02,99.41,10.95,21344222,JEN,deep
387,6/6/2023 16:44,11.02,99.44,10.95,21344222,JEN,deep
388,6/6/2023 17:14,11.01,99.44,10.94,21344222,JEN,deep
389,6/6/2023 17:44,11.01,99.45,10.94,21344222,JEN,deep
390,6/6/2023 18:14,11.03,99.46,10.96,21344222,JEN,deep
391,6/6/2023 18:44,11.02,99.47,10.95,21344222,JEN,deep
392,6/6/2023 19:14,11.03,99.47,10.97,21344222,JEN,deep
393,6/6/2023 19:44,11.04,99.46,10.98,21344222,JEN,deep
394,6/6/2023 20:14,11.04,99.49,10.98,21344222,JEN,deep
395,6/6/2023 20:44,11.04,99.47,10.98,21344222,JEN,deep
396,6/6/2023 21:14,11.02,99.49,10.96,21344222,JEN,deep
397,6/6/2023 21:44,11.02,99.5,10.96,21344222,JEN,deep
398,6/6/2023 22:14,11.01,99.48,10.95,21344222,JEN,deep
399,6/6/2023 22:44,11.02,99.49,10.96,21344222,JEN,deep
400,6/6/2023 23:14,11.05,99.5,10.99,21344222,JEN,deep
401,6/6/2023 23:44,11.04,99.49,10.98,21344222,JEN,deep
402,6/7/2023 0:14,11.04,99.49,10.98,21344222,JEN,deep
403,6/7/2023 0:44,11.04,99.5,10.98,21344222,JEN,deep
404,6/7/2023 1:14,11.02,99.54,10.97,21344222,JEN,deep
405,6/7/2023 1:44,11.03,99.55,10.98,21344222,JEN,deep
406,6/7/2023 2:14,11.04,99.53,10.99,21344222,JEN,deep
407,6/7/2023 2:44,11.03,99.52,10.97,21344222,JEN,deep
408,6/7/2023 3:14,11.04,99.58,10.99,21344222,JEN,deep
409,6/7/2023 3:44,11.04,99.61,11,21344222,JEN,deep
410,6/7/2023 4:14,11.03,99.6,10.99,21344222,JEN,deep
411,6/7/2023 4:44,11.04,99.6,11,21344222,JEN,deep
412,6/7/2023 5:14,11.01,99.58,10.96,21344222,JEN,deep
413,6/7/2023 5:44,11.05,99.61,11.01,21344222,JEN,deep
414,6/7/2023 6:14,11.07,99.6,11.02,21344222,JEN,deep
415,6/7/2023 6:44,11.02,99.63,10.98,21344222,JEN,deep
416,6/7/2023 7:14,11.08,99.59,11.03,21344222,JEN,deep
417,6/7/2023 7:44,11.02,99.59,10.97,21344222,JEN,deep
418,6/7/2023 8:14,11.04,99.61,11,21344222,JEN,deep
419,6/7/2023 8:44,11.04,99.62,11,21344222,JEN,deep
420,6/7/2023 9:14,11,99.61,10.96,21344222,JEN,deep
421,6/7/2023 9:44,11.05,99.66,11.02,21344222,JEN,deep
422,6/7/2023 10:14,11.03,99.66,10.99,21344222,JEN,deep
423,6/7/2023 10:44,11.04,99.63,11,21344222,JEN,deep
424,6/7/2023 11:14,11.02,99.63,10.98,21344222,JEN,deep
425,6/7/2023 11:44,11,99.6,10.95,21344222,JEN,deep
426,6/7/2023 12:14,11.03,99.58,10.98,21344222,JEN,deep
427,6/7/2023 12:44,11.01,99.58,10.96,21344222,JEN,deep
428,6/7/2023 13:14,11.01,99.61,10.97,21344222,JEN,deep
429,6/7/2023 13:44,11.04,99.58,10.99,21344222,JEN,deep
430,6/7/2023 14:14,11.01,99.61,10.97,21344222,JEN,deep
431,6/7/2023 14:44,11.02,99.57,10.97,21344222,JEN,deep
432,6/7/2023 15:14,11.03,99.59,10.98,21344222,JEN,deep
433,6/7/2023 15:44,11.01,99.68,10.98,21344222,JEN,deep
434,6/7/2023 16:14,11.04,99.59,10.99,21344222,JEN,deep
435,6/7/2023 16:44,11.03,99.62,10.99,21344222,JEN,deep
436,6/7/2023 17:14,11.03,99.64,10.99,21344222,JEN,deep
437,6/7/2023 17:44,11.04,99.62,11,21344222,JEN,deep
438,6/7/2023 18:14,11.04,99.71,11.01,21344222,JEN,deep
439,6/7/2023 18:44,11,99.71,10.97,21344222,JEN,deep
440,6/7/2023 19:14,11.01,99.71,10.98,21344222,JEN,deep
441,6/7/2023 19:44,11.03,99.72,11,21344222,JEN,deep
442,6/7/2023 20:14,11.02,99.71,10.99,21344222,JEN,deep
443,6/7/2023 20:44,11.07,99.76,11.04,21344222,JEN,deep
444,6/7/2023 21:14,11.03,99.79,11.01,21344222,JEN,deep
445,6/7/2023 21:44,11.04,99.77,11.02,21344222,JEN,deep
446,6/7/2023 22:14,11.01,99.77,10.99,21344222,JEN,deep
447,6/7/2023 22:44,11.04,99.78,11.02,21344222,JEN,deep
448,6/7/2023 23:14,11.03,99.79,11.01,21344222,JEN,deep
449,6/7/2023 23:44,11.05,99.76,11.03,21344222,JEN,deep
450,6/8/2023 0:14,11.03,99.79,11.01,21344222,JEN,deep
451,6/8/2023 0:44,11.04,99.81,11.03,21344222,JEN,deep
452,6/8/2023 1:14,11.04,99.82,11.03,21344222,JEN,deep
453,6/8/2023 1:44,11.05,99.81,11.04,21344222,JEN,deep
454,6/8/2023 2:14,11.02,99.83,11.01,21344222,JEN,deep
455,6/8/2023 2:44,11.04,99.84,11.03,21344222,JEN,deep
456,6/8/2023 3:14,11.03,99.81,11.02,21344222,JEN,deep
457,6/8/2023 3:44,11.03,99.86,11.03,21344222,JEN,deep
458,6/8/2023 4:14,11.03,99.83,11.02,21344222,JEN,deep
459,6/8/2023 4:44,11.02,99.83,11.01,21344222,JEN,deep
460,6/8/2023 5:14,11.04,99.83,11.03,21344222,JEN,deep
461,6/8/2023 5:44,11.05,99.82,11.04,21344222,JEN,deep
462,6/8/2023 6:14,11.04,99.79,11.03,21344222,JEN,deep
463,6/8/2023 6:44,11.04,99.79,11.02,21344222,JEN,deep
464,6/8/2023 7:14,11.07,99.76,11.04,21344222,JEN,deep
465,6/8/2023 7:44,11.01,99.78,10.99,21344222,JEN,deep
466,6/8/2023 8:14,11.04,99.79,11.02,21344222,JEN,deep
467,6/8/2023 8:44,11.02,99.81,11.01,21344222,JEN,deep
468,6/8/2023 9:14,11.01,99.8,10.99,21344222,JEN,deep
469,6/8/2023 9:44,11.02,99.79,11,21344222,JEN,deep
470,6/8/2023 10:14,11,99.78,10.98,21344222,JEN,deep
471,6/8/2023 10:44,11.02,99.8,11.01,21344222,JEN,deep
472,6/8/2023 11:14,11,99.81,10.99,21344222,JEN,deep
473,6/8/2023 11:44,11.02,99.82,11.01,21344222,JEN,deep
474,6/8/2023 12:14,11.01,99.84,11,21344222,JEN,deep
475,6/8/2023 12:44,11.05,99.84,11.04,21344222,JEN,deep
476,6/8/2023 13:14,11.03,99.86,11.02,21344222,JEN,deep
477,6/8/2023 13:44,11.05,99.86,11.05,21344222,JEN,deep
478,6/8/2023 14:14,11.03,99.9,11.03,21344222,JEN,deep
479,6/8/2023 14:44,11.04,99.91,11.04,21344222,JEN,deep
480,6/8/2023 15:14,11.04,99.91,11.04,21344222,JEN,deep
481,6/8/2023 15:44,11.04,99.9,11.04,21344222,JEN,deep
482,6/8/2023 16:14,11.02,99.9,11.02,21344222,JEN,deep
483,6/8/2023 16:44,11.03,99.93,11.03,21344222,JEN,deep
484,6/8/2023 17:14,11.05,99.9,11.05,21344222,JEN,deep
485,6/8/2023 17:44,11.02,99.94,11.03,21344222,JEN,deep
486,6/8/2023 18:14,11.02,99.94,11.03,21344222,JEN,deep
487,6/8/2023 18:44,11.03,99.94,11.04,21344222,JEN,deep
488,6/8/2023 19:14,11.04,99.97,11.05,21344222,JEN,deep
489,6/8/2023 19:44,11.03,99.98,11.04,21344222,JEN,deep
490,6/8/2023 20:14,11,99.97,11.01,21344222,JEN,deep
491,6/8/2023 20:44,11.04,100,11.06,21344222,JEN,deep
492,6/8/2023 21:14,11.04,100,11.06,21344222,JEN,deep
493,6/8/2023 21:44,11.07,100,11.08,21344222,JEN,deep
494,6/8/2023 22:14,11.07,100,11.08,21344222,JEN,deep
495,6/8/2023 22:44,11.04,99.99,11.06,21344222,JEN,deep
496,6/8/2023 23:14,11.03,100,11.05,21344222,JEN,deep
497,6/8/2023 23:44,11.07,100,11.08,21344222,JEN,deep
498,6/9/2023 0:14,11.04,100,11.06,21344222,JEN,deep
499,6/9/2023 0:44,11.05,100,11.07,21344222,JEN,deep
500,6/9/2023 1:14,11.04,100,11.06,21344222,JEN,deep
501,6/9/2023 1:44,11.01,100,11.02,21344222,JEN,deep
502,6/9/2023 2:14,11.03,100,11.05,21344222,JEN,deep
503,6/9/2023 2:44,11.04,100,11.06,21344222,JEN,deep
504,6/9/2023 3:14,11.04,100,11.06,21344222,JEN,deep
505,6/9/2023 3:44,11.03,100,11.05,21344222,JEN,deep
506,6/9/2023 4:14,11.04,99.96,11.05,21344222,JEN,deep
507,6/9/2023 4:44,11.04,100,11.06,21344222,JEN,deep
508,6/9/2023 5:14,11.04,100,11.06,21344222,JEN,deep
509,6/9/2023 5:44,11.04,100,11.06,21344222,JEN,deep
510,6/9/2023 6:14,11.05,100,11.07,21344222,JEN,deep
511,6/9/2023 6:44,11.07,99.98,11.08,21344222,JEN,deep
512,6/9/2023 7:14,11.03,100,11.05,21344222,JEN,deep
513,6/9/2023 7:44,11.04,100,11.06,21344222,JEN,deep
514,6/9/2023 8:14,11.02,100,11.03,21344222,JEN,deep
515,6/9/2023 8:44,11.02,100,11.03,21344222,JEN,deep
516,6/9/2023 9:14,11.04,100,11.06,21344222,JEN,deep
517,6/9/2023 9:44,11.04,100,11.06,21344222,JEN,deep
518,6/9/2023 10:14,11.04,100,11.06,21344222,JEN,deep
519,6/9/2023 10:44,11.04,100,11.06,21344222,JEN,deep
520,6/9/2023 11:14,11.04,100,11.06,21344222,JEN,deep
521,6/9/2023 11:44,11.03,100,11.05,21344222,JEN,deep
522,6/9/2023 12:14,11.04,100,11.06,21344222,JEN,deep
523,6/9/2023 12:44,11.03,100,11.05,21344222,JEN,deep
524,6/9/2023 13:14,11.04,100,11.06,21344222,JEN,deep
525,6/9/2023 13:44,11.05,100,11.07,21344222,JEN,deep
526,6/9/2023 14:14,11.04,100,11.06,21344222,JEN,deep
527,6/9/2023 14:44,11.04,100,11.06,21344222,JEN,deep
528,6/9/2023 15:14,11.05,100,11.07,21344222,JEN,deep
529,6/9/2023 15:44,11.03,100,11.05,21344222,JEN,deep
530,6/9/2023 16:14,11.04,100,11.06,21344222,JEN,deep
531,6/9/2023 16:44,11.03,100,11.05,21344222,JEN,deep
532,6/9/2023 17:14,11.03,100,11.05,21344222,JEN,deep
533,6/9/2023 17:44,11.02,100,11.03,21344222,JEN,deep
534,6/9/2023 18:14,11.01,100,11.02,21344222,JEN,deep
535,6/9/2023 18:44,11.02,100,11.03,21344222,JEN,deep
536,6/9/2023 19:14,11.03,100,11.05,21344222,JEN,deep
537,6/9/2023 19:44,11.04,100,11.06,21344222,JEN,deep
538,6/9/2023 20:14,11.03,100,11.05,21344222,JEN,deep
539,6/9/2023 20:44,11.04,100,11.06,21344222,JEN,deep
540,6/9/2023 21:14,11.04,100,11.06,21344222,JEN,deep
541,6/9/2023 21:44,11.05,100,11.07,21344222,JEN,deep
542,6/9/2023 22:14,11.04,100,11.06,21344222,JEN,deep
543,6/9/2023 22:44,11.04,100,11.06,21344222,JEN,deep
544,6/9/2023 23:14,11.05,100,11.07,21344222,JEN,deep
545,6/9/2023 23:44,11.04,100,11.06,21344222,JEN,deep
546,6/10/2023 0:14,11.04,100,11.06,21344222,JEN,deep
547,6/10/2023 0:44,11.04,100,11.06,21344222,JEN,deep
548,6/10/2023 1:14,11.04,100,11.06,21344222,JEN,deep
549,6/10/2023 1:44,11.05,100,11.07,21344222,JEN,deep
550,6/10/2023 2:14,11.02,100,11.03,21344222,JEN,deep
551,6/10/2023 2:44,11.04,100,11.06,21344222,JEN,deep
552,6/10/2023 3:14,11.04,100,11.06,21344222,JEN,deep
553,6/10/2023 3:44,11.04,100,11.06,21344222,JEN,deep
554,6/10/2023 4:14,11.05,100,11.07,21344222,JEN,deep
555,6/10/2023 4:44,11.04,100,11.06,21344222,JEN,deep
556,6/10/2023 5:14,11.05,100,11.07,21344222,JEN,deep
557,6/10/2023 5:44,11.07,100,11.08,21344222,JEN,deep
558,6/10/2023 6:14,11.04,100,11.06,21344222,JEN,deep
559,6/10/2023 6:44,11.04,100,11.06,21344222,JEN,deep
560,6/10/2023 7:14,11.02,99.94,11.03,21344222,JEN,deep
561,6/10/2023 7:44,11.08,100,11.09,21344222,JEN,deep
562,6/10/2023 8:14,11.07,99.9,11.06,21344222,JEN,deep
563,6/10/2023 8:44,11.04,100,11.06,21344222,JEN,deep
564,6/10/2023 9:14,11.03,99.93,11.03,21344222,JEN,deep
565,6/10/2023 9:44,11.04,100,11.06,21344222,JEN,deep
566,6/10/2023 10:14,11.04,100,11.06,21344222,JEN,deep
567,6/10/2023 10:44,11.08,100,11.09,21344222,JEN,deep
568,6/10/2023 11:14,11.02,100,11.03,21344222,JEN,deep
569,6/10/2023 11:44,11.04,100,11.06,21344222,JEN,deep
570,6/10/2023 12:14,11.02,100,11.03,21344222,JEN,deep
571,6/10/2023 12:44,11.04,100,11.06,21344222,JEN,deep
572,6/10/2023 13:14,11.01,100,11.02,21344222,JEN,deep
573,6/10/2023 13:44,11.03,100,11.05,21344222,JEN,deep
574,6/10/2023 14:14,11.03,100,11.05,21344222,JEN,deep
575,6/10/2023 14:44,11.04,100,11.06,21344222,JEN,deep
576,6/10/2023 15:14,11.04,100,11.06,21344222,JEN,deep
577,6/10/2023 15:44,11.03,100,11.05,21344222,JEN,deep
578,6/10/2023 16:14,11.07,100,11.08,21344222,JEN,deep
579,6/10/2023 16:44,11,100,11.01,21344222,JEN,deep
580,6/10/2023 17:14,11.02,100,11.03,21344222,JEN,deep
581,6/10/2023 17:44,11.07,100,11.08,21344222,JEN,deep
582,6/10/2023 18:14,11.04,100,11.06,21344222,JEN,deep
583,6/10/2023 18:44,11.04,100,11.06,21344222,JEN,deep
584,6/10/2023 19:14,11.05,100,11.07,21344222,JEN,deep
585,6/10/2023 19:44,11.04,100,11.06,21344222,JEN,deep
586,6/10/2023 20:14,11.03,100,11.05,21344222,JEN,deep
587,6/10/2023 20:44,11.03,100,11.05,21344222,JEN,deep
588,6/10/2023 21:14,11.02,100,11.03,21344222,JEN,deep
589,6/10/2023 21:44,11.04,100,11.06,21344222,JEN,deep
590,6/10/2023 22:14,11.01,100,11.02,21344222,JEN,deep
591,6/10/2023 22:44,11.02,100,11.03,21344222,JEN,deep
592,6/10/2023 23:14,11.01,99.88,11.01,21344222,JEN,deep
593,6/10/2023 23:44,11,99.95,11.01,21344222,JEN,deep
594,6/11/2023 0:14,11.03,99.89,11.03,21344222,JEN,deep
595,6/11/2023 0:44,11.02,99.82,11.01,21344222,JEN,deep
596,6/11/2023 1:14,11.03,99.74,11.01,21344222,JEN,deep
597,6/11/2023 1:44,11.03,99.66,11,21344222,JEN,deep
598,6/11/2023 2:14,11,99.76,10.98,21344222,JEN,deep
599,6/11/2023 2:44,11.03,99.78,11.01,21344222,JEN,deep
600,6/11/2023 3:14,11.02,99.75,11,21344222,JEN,deep
601,6/11/2023 3:44,11,99.65,10.96,21344222,JEN,deep
602,6/11/2023 4:14,11.01,99.61,10.97,21344222,JEN,deep
603,6/11/2023 4:44,10.97,99.52,10.91,21344222,JEN,deep
604,6/11/2023 5:14,11,99.54,10.94,21344222,JEN,deep
605,6/11/2023 5:44,10.97,99.52,10.91,21344222,JEN,deep
606,6/11/2023 6:14,11.02,99.36,10.94,21344222,JEN,deep
607,6/11/2023 6:44,11,99.47,10.93,21344222,JEN,deep
608,6/11/2023 7:14,11,99.45,10.93,21344222,JEN,deep
609,6/11/2023 7:44,11,99.45,10.93,21344222,JEN,deep
610,6/11/2023 8:14,10.99,99.38,10.91,21344222,JEN,deep
611,6/11/2023 8:44,11,99.47,10.93,21344222,JEN,deep
612,6/11/2023 9:14,10.97,99.54,10.91,21344222,JEN,deep
613,6/11/2023 9:44,11,99.34,10.91,21344222,JEN,deep
614,6/11/2023 10:14,11,99.46,10.93,21344222,JEN,deep
615,6/11/2023 10:44,11,99.77,10.98,21344222,JEN,deep
616,6/11/2023 11:14,11,100,11.01,21344222,JEN,deep
617,6/11/2023 11:44,10.98,100,10.99,21344222,JEN,deep
618,6/11/2023 12:14,10.99,100,11,21344222,JEN,deep
619,6/11/2023 12:44,10.99,100,11,21344222,JEN,deep
620,6/11/2023 13:14,11,100,11.01,21344222,JEN,deep
621,6/11/2023 13:44,11,100,11.01,21344222,JEN,deep
622,6/11/2023 14:14,11.02,100,11.03,21344222,JEN,deep
623,6/11/2023 14:44,11,100,11.01,21344222,JEN,deep
624,6/11/2023 15:14,11.02,100,11.03,21344222,JEN,deep
625,6/11/2023 15:44,11,100,11.01,21344222,JEN,deep
626,6/11/2023 16:14,11.02,100,11.03,21344222,JEN,deep
627,6/11/2023 16:44,11.04,100,11.06,21344222,JEN,deep
628,6/11/2023 17:14,11,100,11.01,21344222,JEN,deep
629,6/11/2023 17:44,11.04,100,11.06,21344222,JEN,deep
630,6/11/2023 18:14,11.03,100,11.05,21344222,JEN,deep
631,6/11/2023 18:44,11.03,100,11.05,21344222,JEN,deep
632,6/11/2023 19:14,11.03,100,11.05,21344222,JEN,deep
633,6/11/2023 19:44,11.03,100,11.05,21344222,JEN,deep
634,6/11/2023 20:14,10.99,99.98,11,21344222,JEN,deep
635,6/11/2023 20:44,11,99.75,10.98,21344222,JEN,deep
636,6/11/2023 21:14,11,99.78,10.98,21344222,JEN,deep
637,6/11/2023 21:44,11,99.85,10.99,21344222,JEN,deep
638,6/11/2023 22:14,11,99.77,10.98,21344222,JEN,deep
639,6/11/2023 22:44,10.97,99.74,10.94,21344222,JEN,deep
640,6/11/2023 23:14,11,99.73,10.97,21344222,JEN,deep
641,6/11/2023 23:44,10.99,99.62,10.95,21344222,JEN,deep
642,6/12/2023 0:14,11,99.73,10.97,21344222,JEN,deep
643,6/12/2023 0:44,11.01,99.61,10.97,21344222,JEN,deep
644,6/12/2023 1:14,11,99.73,10.97,21344222,JEN,deep
645,6/12/2023 1:44,10.99,99.67,10.95,21344222,JEN,deep
646,6/12/2023 2:14,10.99,99.57,10.94,21344222,JEN,deep
647,6/12/2023 2:44,11.01,99.68,10.98,21344222,JEN,deep
648,6/12/2023 3:14,10.98,99.74,10.95,21344222,JEN,deep
649,6/12/2023 3:44,10.99,99.63,10.95,21344222,JEN,deep
650,6/12/2023 4:14,10.99,99.6,10.94,21344222,JEN,deep
651,6/12/2023 4:44,10.98,99.37,10.9,21344222,JEN,deep
652,6/12/2023 5:14,10.99,99.64,10.95,21344222,JEN,deep
653,6/12/2023 5:44,10.97,99.25,10.87,21344222,JEN,deep
654,6/12/2023 6:14,10.98,99.42,10.91,21344222,JEN,deep
655,6/12/2023 6:44,11,99.25,10.9,21344222,JEN,deep
656,6/12/2023 7:14,11,99.35,10.92,21344222,JEN,deep
657,6/12/2023 7:44,10.98,99.29,10.88,21344222,JEN,deep
658,6/12/2023 8:14,10.99,99.4,10.91,21344222,JEN,deep
659,6/12/2023 8:44,10.97,99.4,10.89,21344222,JEN,deep
660,6/12/2023 9:14,10.96,99.92,10.96,21344222,JEN,deep
661,6/12/2023 9:44,11,100,11.01,21344222,JEN,deep
662,6/12/2023 10:14,10.99,100,11,21344222,JEN,deep
663,6/12/2023 10:44,10.96,100,10.97,21344222,JEN,deep
664,6/12/2023 11:14,11,100,11.01,21344222,JEN,deep
665,6/12/2023 11:44,11,100,11.01,21344222,JEN,deep
666,6/12/2023 12:14,10.98,100,10.99,21344222,JEN,deep
667,6/12/2023 12:44,11,100,11.01,21344222,JEN,deep
668,6/12/2023 13:14,11,100,11.01,21344222,JEN,deep
669,6/12/2023 13:44,11.02,100,11.03,21344222,JEN,deep
670,6/12/2023 14:14,11,100,11.01,21344222,JEN,deep
671,6/12/2023 14:44,11,100,11.01,21344222,JEN,deep
672,6/12/2023 15:14,10.99,100,11,21344222,JEN,deep
673,6/12/2023 15:44,11.01,100,11.02,21344222,JEN,deep
674,6/12/2023 16:14,11.01,100,11.02,21344222,JEN,deep
675,6/12/2023 16:44,11.03,100,11.05,21344222,JEN,deep
676,6/12/2023 17:14,11.01,100,11.02,21344222,JEN,deep
677,6/12/2023 17:44,11,100,11.01,21344222,JEN,deep
678,6/12/2023 18:14,11.04,100,11.06,21344222,JEN,deep
679,6/12/2023 18:44,11.01,100,11.02,21344222,JEN,deep
680,6/12/2023 19:14,11,100,11.01,21344222,JEN,deep
681,6/12/2023 19:44,11.01,100,11.02,21344222,JEN,deep
682,6/12/2023 20:14,11.02,100,11.03,21344222,JEN,deep
683,6/12/2023 20:44,10.99,100,11,21344222,JEN,deep
684,6/12/2023 21:14,11.02,100,11.03,21344222,JEN,deep
685,6/12/2023 21:44,11.01,100,11.02,21344222,JEN,deep
686,6/12/2023 22:14,11.01,100,11.02,21344222,JEN,deep
687,6/12/2023 22:44,11,100,11.01,21344222,JEN,deep
688,6/12/2023 23:14,11,100,11.01,21344222,JEN,deep
689,6/12/2023 23:44,11.02,100,11.03,21344222,JEN,deep
690,06/13/2023 00:14:45,11,100,11.01,21344222,JEN,deep
691,06/13/2023 00:44:45,11,100,11.01,21344222,JEN,deep
692,06/13/2023 01:14:45,11.01,100,11.02,21344222,JEN,deep
693,06/13/2023 01:44:45,11.04,100,11.06,21344222,JEN,deep
694,06/13/2023 02:14:45,11,100,11.01,21344222,JEN,deep
695,06/13/2023 02:44:45,11,100,11.01,21344222,JEN,deep
696,06/13/2023 03:14:45,10.98,100,10.99,21344222,JEN,deep
697,06/13/2023 03:44:45,11,100,11.01,21344222,JEN,deep
698,06/13/2023 04:14:45,11.03,100,11.05,21344222,JEN,deep
699,06/13/2023 04:44:45,11.04,100,11.06,21344222,JEN,deep
700,06/13/2023 05:14:45,11,100,11.01,21344222,JEN,deep
701,06/13/2023 05:44:45,11.02,100,11.03,21344222,JEN,deep
702,06/13/2023 06:14:45,11.03,100,11.05,21344222,JEN,deep
703,06/13/2023 06:44:45,11.03,100,11.05,21344222,JEN,deep
704,06/13/2023 07:14:45,11.02,100,11.03,21344222,JEN,deep
705,06/13/2023 07:44:45,11.02,100,11.03,21344222,JEN,deep
706,06/13/2023 08:14:45,11.02,100,11.03,21344222,JEN,deep
707,06/13/2023 08:44:45,11.02,100,11.03,21344222,JEN,deep
708,06/13/2023 09:14:45,11.01,100,11.02,21344222,JEN,deep
709,06/13/2023 09:44:45,11.01,100,11.02,21344222,JEN,deep
710,06/13/2023 10:14:45,11,100,11.01,21344222,JEN,deep
711,06/13/2023 10:44:45,11,100,11.01,21344222,JEN,deep
712,06/13/2023 11:14:45,11.02,100,11.03,21344222,JEN,deep
713,06/13/2023 11:44:45,11.02,100,11.03,21344222,JEN,deep
714,06/13/2023 12:14:45,11.03,100,11.05,21344222,JEN,deep
715,06/13/2023 12:44:45,11.02,100,11.03,21344222,JEN,deep
716,06/13/2023 13:14:45,11.04,100,11.06,21344222,JEN,deep
717,06/13/2023 13:44:45,11.05,100,11.07,21344222,JEN,deep
718,06/13/2023 14:14:45,11.01,100,11.02,21344222,JEN,deep
719,06/13/2023 14:44:45,11.03,100,11.05,21344222,JEN,deep
720,06/13/2023 15:14:45,11.02,100,11.03,21344222,JEN,deep
721,06/13/2023 15:44:45,11.02,100,11.03,21344222,JEN,deep
722,06/13/2023 16:14:45,11.01,100,11.02,21344222,JEN,deep
723,06/13/2023 16:44:45,11,100,11.01,21344222,JEN,deep
724,06/13/2023 17:14:45,11.04,100,11.06,21344222,JEN,deep
725,06/13/2023 17:44:45,11.02,100,11.03,21344222,JEN,deep
726,06/13/2023 18:14:45,11.01,100,11.02,21344222,JEN,deep
727,06/13/2023 18:44:45,11.04,100,11.06,21344222,JEN,deep
728,06/13/2023 19:14:45,11.01,100,11.02,21344222,JEN,deep
729,06/13/2023 19:44:45,11,100,11.01,21344222,JEN,deep
730,06/13/2023 20:14:45,11,100,11.01,21344222,JEN,deep
731,06/13/2023 20:44:45,11.02,100,11.03,21344222,JEN,deep
732,06/13/2023 21:14:45,11.01,100,11.02,21344222,JEN,deep
733,06/13/2023 21:44:45,11.04,100,11.06,21344222,JEN,deep
734,06/13/2023 22:14:45,11.04,100,11.06,21344222,JEN,deep
735,06/13/2023 22:44:45,11.01,100,11.02,21344222,JEN,deep
736,06/13/2023 23:14:45,11.05,100,11.07,21344222,JEN,deep
737,06/13/2023 23:44:45,11.04,100,11.06,21344222,JEN,deep
738,06/14/2023 00:14:45,11.04,100,11.06,21344222,JEN,deep
739,06/14/2023 00:44:45,11.03,100,11.05,21344222,JEN,deep
740,06/14/2023 01:14:45,11.02,100,11.03,21344222,JEN,deep
741,06/14/2023 01:44:45,11.01,100,11.02,21344222,JEN,deep
742,06/14/2023 02:14:45,10.99,100,11,21344222,JEN,deep
743,06/14/2023 02:44:45,11.02,100,11.03,21344222,JEN,deep
744,06/14/2023 03:14:45,11.05,100,11.07,21344222,JEN,deep
745,06/14/2023 03:44:45,11.04,100,11.06,21344222,JEN,deep
746,06/14/2023 04:14:45,11.03,100,11.05,21344222,JEN,deep
747,06/14/2023 04:44:45,11.02,100,11.03,21344222,JEN,deep
748,06/14/2023 05:14:45,11.04,100,11.06,21344222,JEN,deep
749,06/14/2023 05:44:45,11.04,100,11.06,21344222,JEN,deep
750,06/14/2023 06:14:45,11.02,100,11.03,21344222,JEN,deep
751,06/14/2023 06:44:45,11.04,100,11.06,21344222,JEN,deep
752,06/14/2023 07:14:45,11.01,100,11.02,21344222,JEN,deep
753,06/14/2023 07:44:45,11.03,100,11.05,21344222,JEN,deep
754,06/14/2023 08:14:45,11.04,100,11.06,21344222,JEN,deep
755,06/14/2023 08:44:45,11.01,100,11.02,21344222,JEN,deep
756,06/14/2023 09:14:45,11,100,11.01,21344222,JEN,deep
757,06/14/2023 09:44:45,11.03,100,11.05,21344222,JEN,deep
758,06/14/2023 10:14:45,11.03,100,11.05,21344222,JEN,deep
759,06/14/2023 10:44:45,11.03,100,11.05,21344222,JEN,deep
760,06/14/2023 11:14:45,11.04,100,11.06,21344222,JEN,deep
761,06/14/2023 11:44:45,11.04,100,11.06,21344222,JEN,deep
762,06/14/2023 12:14:45,11.02,100,11.03,21344222,JEN,deep
763,06/14/2023 12:44:45,11.02,100,11.03,21344222,JEN,deep
764,06/14/2023 13:14:45,11.04,100,11.06,21344222,JEN,deep
765,06/14/2023 13:44:45,11.01,100,11.02,21344222,JEN,deep
766,06/14/2023 14:14:45,11.01,100,11.02,21344222,JEN,deep
767,06/14/2023 14:44:45,11.03,100,11.05,21344222,JEN,deep
768,06/14/2023 15:14:45,11,100,11.01,21344222,JEN,deep
769,06/14/2023 15:44:45,11.02,100,11.03,21344222,JEN,deep
770,06/14/2023 16:14:45,11.04,100,11.06,21344222,JEN,deep
771,06/14/2023 16:44:45,11.01,100,11.02,21344222,JEN,deep
772,06/14/2023 17:14:45,11.02,100,11.03,21344222,JEN,deep
773,06/14/2023 17:44:45,11.02,100,11.03,21344222,JEN,deep
774,06/14/2023 18:14:45,11.03,100,11.05,21344222,JEN,deep
775,06/14/2023 18:44:45,11.05,100,11.07,21344222,JEN,deep
776,06/14/2023 19:14:45,11.04,100,11.06,21344222,JEN,deep
777,06/14/2023 19:44:45,11.04,100,11.06,21344222,JEN,deep
778,06/14/2023 20:14:45,11.04,100,11.06,21344222,JEN,deep
779,06/14/2023 20:44:45,11.04,100,11.06,21344222,JEN,deep
780,06/14/2023 21:14:45,11,100,11.01,21344222,JEN,deep
781,06/14/2023 21:44:45,11.03,100,11.05,21344222,JEN,deep
782,06/14/2023 22:14:45,11.02,100,11.03,21344222,JEN,deep
783,06/14/2023 22:44:45,11.01,100,11.02,21344222,JEN,deep
784,06/14/2023 23:14:45,11.02,100,11.03,21344222,JEN,deep
785,06/14/2023 23:44:45,11.02,100,11.03,21344222,JEN,deep
786,06/15/2023 00:14:45,11.02,100,11.03,21344222,JEN,deep
787,06/15/2023 00:44:45,11,100,11.01,21344222,JEN,deep
788,06/15/2023 01:14:45,11.02,100,11.03,21344222,JEN,deep
789,06/15/2023 01:44:45,11,100,11.01,21344222,JEN,deep
790,06/15/2023 02:14:45,11.02,100,11.03,21344222,JEN,deep
791,06/15/2023 02:44:45,11.02,100,11.03,21344222,JEN,deep
792,06/15/2023 03:14:45,10.99,100,11,21344222,JEN,deep
793,06/15/2023 03:44:45,11.02,100,11.03,21344222,JEN,deep
794,06/15/2023 04:14:45,11.02,100,11.03,21344222,JEN,deep
795,06/15/2023 04:44:45,11.02,100,11.03,21344222,JEN,deep
796,06/15/2023 05:14:45,11,100,11.01,21344222,JEN,deep
797,06/15/2023 05:44:45,11.03,100,11.05,21344222,JEN,deep
798,06/15/2023 06:14:45,11,100,11.01,21344222,JEN,deep
799,06/15/2023 06:44:45,11.01,100,11.02,21344222,JEN,deep
800,06/15/2023 07:14:45,11.03,100,11.05,21344222,JEN,deep
801,06/15/2023 07:44:45,11,100,11.01,21344222,JEN,deep
802,06/15/2023 08:14:45,10.99,100,11,21344222,JEN,deep
803,06/15/2023 08:44:45,11.03,100,11.05,21344222,JEN,deep
804,06/15/2023 09:14:45,11.02,100,11.03,21344222,JEN,deep
805,06/15/2023 09:44:45,11.01,100,11.02,21344222,JEN,deep
806,06/15/2023 10:14:45,11.03,100,11.05,21344222,JEN,deep
807,06/15/2023 10:44:45,10.98,100,10.99,21344222,JEN,deep
808,06/15/2023 11:14:45,11,100,11.01,21344222,JEN,deep
809,06/15/2023 11:44:45,11.02,100,11.03,21344222,JEN,deep
810,06/15/2023 12:14:45,11.03,100,11.05,21344222,JEN,deep
811,06/15/2023 12:44:45,11.02,100,11.03,21344222,JEN,deep
812,06/15/2023 13:14:45,11.02,100,11.03,21344222,JEN,deep
813,06/15/2023 13:44:45,11.04,100,11.06,21344222,JEN,deep
814,06/15/2023 14:14:45,11.01,100,11.02,21344222,JEN,deep
815,06/15/2023 14:44:45,11.03,100,11.05,21344222,JEN,deep
816,06/15/2023 15:14:45,11.03,100,11.05,21344222,JEN,deep
817,06/15/2023 15:44:45,11.01,100,11.02,21344222,JEN,deep
818,06/15/2023 16:14:45,11.01,100,11.02,21344222,JEN,deep
819,06/15/2023 16:44:45,11.01,100,11.02,21344222,JEN,deep
820,06/15/2023 17:14:45,11.01,100,11.02,21344222,JEN,deep
821,06/15/2023 17:44:45,11.02,100,11.03,21344222,JEN,deep
822,06/15/2023 18:14:45,11.02,100,11.03,21344222,JEN,deep
823,06/15/2023 18:44:45,11.01,100,11.02,21344222,JEN,deep
824,06/15/2023 19:14:45,11.02,100,11.03,21344222,JEN,deep
825,06/15/2023 19:44:45,11.04,100,11.06,21344222,JEN,deep
826,06/15/2023 20:14:45,11.03,100,11.05,21344222,JEN,deep
827,06/15/2023 20:44:45,11.03,100,11.05,21344222,JEN,deep
828,06/15/2023 21:14:45,11.01,100,11.02,21344222,JEN,deep
829,06/15/2023 21:44:45,11.02,100,11.03,21344222,JEN,deep
830,06/15/2023 22:14:45,11.03,100,11.05,21344222,JEN,deep
831,06/15/2023 22:44:45,11.03,100,11.05,21344222,JEN,deep
832,06/15/2023 23:14:45,11.02,100,11.03,21344222,JEN,deep
833,06/15/2023 23:44:45,11.04,100,11.06,21344222,JEN,deep
834,06/16/2023 00:14:45,11.02,100,11.03,21344222,JEN,deep
835,06/16/2023 00:44:45,11,100,11.01,21344222,JEN,deep
836,06/16/2023 01:14:45,11.02,100,11.03,21344222,JEN,deep
837,06/16/2023 01:44:45,11.04,100,11.06,21344222,JEN,deep
838,06/16/2023 02:14:45,11.01,100,11.02,21344222,JEN,deep
839,06/16/2023 02:44:45,11.04,100,11.06,21344222,JEN,deep
840,06/16/2023 03:14:45,11.01,100,11.02,21344222,JEN,deep
841,06/16/2023 03:44:45,11.04,100,11.06,21344222,JEN,deep
842,06/16/2023 04:14:45,11.01,100,11.02,21344222,JEN,deep
843,06/16/2023 04:44:45,11.01,100,11.02,21344222,JEN,deep
844,06/16/2023 05:14:45,11.01,100,11.02,21344222,JEN,deep
845,06/16/2023 05:44:45,11.01,100,11.02,21344222,JEN,deep
846,06/16/2023 06:14:45,11.03,100,11.05,21344222,JEN,deep
847,06/16/2023 06:44:45,11.04,100,11.06,21344222,JEN,deep
848,06/16/2023 07:14:45,11.03,100,11.05,21344222,JEN,deep
849,06/16/2023 07:44:45,11.04,100,11.06,21344222,JEN,deep
850,06/16/2023 08:14:45,11,100,11.01,21344222,JEN,deep
851,06/16/2023 08:44:45,10.99,100,11,21344222,JEN,deep
852,06/16/2023 09:14:45,11.02,100,11.03,21344222,JEN,deep
853,06/16/2023 09:44:45,11.01,100,11.02,21344222,JEN,deep
854,06/16/2023 10:14:45,11,100,11.01,21344222,JEN,deep
855,06/16/2023 10:44:45,11.03,100,11.05,21344222,JEN,deep
856,06/16/2023 11:14:45,11,100,11.01,21344222,JEN,deep
857,06/16/2023 11:44:45,11,100,11.01,21344222,JEN,deep
858,06/16/2023 12:14:45,11.01,100,11.02,21344222,JEN,deep
859,06/16/2023 12:44:45,11.01,100,11.02,21344222,JEN,deep
860,06/16/2023 13:14:45,10.99,100,11,21344222,JEN,deep
861,06/16/2023 13:44:45,11.03,100,11.05,21344222,JEN,deep
862,06/16/2023 14:14:45,11,100,11.01,21344222,JEN,deep
863,06/16/2023 14:44:45,11,100,11.01,21344222,JEN,deep
864,06/16/2023 15:14:45,11.04,100,11.06,21344222,JEN,deep
865,06/16/2023 15:44:45,11,100,11.01,21344222,JEN,deep
866,06/16/2023 16:14:45,11.03,100,11.05,21344222,JEN,deep
867,06/16/2023 16:44:45,11,100,11.01,21344222,JEN,deep
868,06/16/2023 17:14:45,11.04,100,11.06,21344222,JEN,deep
869,06/16/2023 17:44:45,11.02,100,11.03,21344222,JEN,deep
870,06/16/2023 18:14:45,11,100,11.01,21344222,JEN,deep
871,06/16/2023 18:44:45,11,100,11.01,21344222,JEN,deep
872,06/16/2023 19:14:45,11.03,100,11.05,21344222,JEN,deep
873,06/16/2023 19:44:45,11,100,11.01,21344222,JEN,deep
874,06/16/2023 20:14:45,11.01,100,11.02,21344222,JEN,deep
875,06/16/2023 20:44:45,11.02,100,11.03,21344222,JEN,deep
876,06/16/2023 21:14:45,11.01,100,11.02,21344222,JEN,deep
877,06/16/2023 21:44:45,11.01,100,11.02,21344222,JEN,deep
878,06/16/2023 22:14:45,11.01,100,11.02,21344222,JEN,deep
879,06/16/2023 22:44:45,11.02,100,11.03,21344222,JEN,deep
880,06/16/2023 23:14:45,11,100,11.01,21344222,JEN,deep
881,06/16/2023 23:44:45,11.04,100,11.06,21344222,JEN,deep
882,06/17/2023 00:14:45,11.02,100,11.03,21344222,JEN,deep
883,06/17/2023 00:44:45,10.99,100,11,21344222,JEN,deep
884,06/17/2023 01:14:45,10.98,100,10.99,21344222,JEN,deep
885,06/17/2023 01:44:45,11,100,11.01,21344222,JEN,deep
886,06/17/2023 02:14:45,11,100,11.01,21344222,JEN,deep
887,06/17/2023 02:44:45,10.97,100,10.98,21344222,JEN,deep
888,06/17/2023 03:14:45,11,100,11.01,21344222,JEN,deep
889,06/17/2023 03:44:45,10.99,100,11,21344222,JEN,deep
890,06/17/2023 04:14:45,10.99,100,11,21344222,JEN,deep
891,06/17/2023 04:44:45,10.98,99.92,10.98,21344222,JEN,deep
892,06/17/2023 05:14:45,11.01,100,11.02,21344222,JEN,deep
893,06/17/2023 05:44:45,10.98,100,10.99,21344222,JEN,deep
894,06/17/2023 06:14:45,10.97,100,10.98,21344222,JEN,deep
895,06/17/2023 06:44:45,10.96,100,10.97,21344222,JEN,deep
896,06/17/2023 07:14:45,10.97,100,10.98,21344222,JEN,deep
897,06/17/2023 07:44:45,10.96,100,10.97,21344222,JEN,deep
898,06/17/2023 08:14:45,10.95,99.73,10.92,21344222,JEN,deep
899,06/17/2023 08:44:45,10.99,99.77,10.97,21344222,JEN,deep
900,06/17/2023 09:14:45,10.94,99.88,10.93,21344222,JEN,deep
901,06/17/2023 09:44:45,10.97,100,10.98,21344222,JEN,deep
902,06/17/2023 10:14:45,10.97,100,10.98,21344222,JEN,deep
903,06/17/2023 10:44:45,11.02,100,11.03,21344222,JEN,deep
904,06/17/2023 11:14:45,10.97,100,10.98,21344222,JEN,deep
905,06/17/2023 11:44:45,10.97,100,10.98,21344222,JEN,deep
906,06/17/2023 12:14:45,10.99,100,11,21344222,JEN,deep
907,06/17/2023 12:44:45,10.97,100,10.98,21344222,JEN,deep
908,06/17/2023 13:14:45,10.99,100,11,21344222,JEN,deep
909,06/17/2023 13:44:45,10.99,100,11,21344222,JEN,deep
910,06/17/2023 14:14:45,11,100,11.01,21344222,JEN,deep
911,06/17/2023 14:44:45,10.96,100,10.97,21344222,JEN,deep
912,06/17/2023 15:14:45,11.01,100,11.02,21344222,JEN,deep
913,06/17/2023 15:44:45,10.98,100,10.99,21344222,JEN,deep
914,06/17/2023 16:14:45,11.01,100,11.02,21344222,JEN,deep
915,06/17/2023 16:44:45,10.98,100,10.99,21344222,JEN,deep
916,06/17/2023 17:14:45,10.98,100,10.99,21344222,JEN,deep
917,06/17/2023 17:44:45,11,100,11.01,21344222,JEN,deep
918,06/17/2023 18:14:45,11,100,11.01,21344222,JEN,deep
919,06/17/2023 18:44:45,11,100,11.01,21344222,JEN,deep
920,06/17/2023 19:14:45,10.99,100,11,21344222,JEN,deep
921,06/17/2023 19:44:45,10.99,100,11,21344222,JEN,deep
922,06/17/2023 20:14:45,11,100,11.01,21344222,JEN,deep
923,06/17/2023 20:44:45,11,100,11.01,21344222,JEN,deep
924,06/17/2023 21:14:45,11,100,11.01,21344222,JEN,deep
925,06/17/2023 21:44:45,10.98,100,10.99,21344222,JEN,deep
926,06/17/2023 22:14:45,11,100,11.01,21344222,JEN,deep
927,06/17/2023 22:44:45,11.01,100,11.02,21344222,JEN,deep
928,06/17/2023 23:14:45,11.02,100,11.03,21344222,JEN,deep
929,06/17/2023 23:44:45,11,100,11.01,21344222,JEN,deep
930,06/18/2023 00:14:45,11,100,11.01,21344222,JEN,deep
931,06/18/2023 00:44:45,10.98,100,10.99,21344222,JEN,deep
932,06/18/2023 01:14:45,11,100,11.01,21344222,JEN,deep
933,06/18/2023 01:44:45,10.99,100,11,21344222,JEN,deep
934,06/18/2023 02:14:45,10.99,100,11,21344222,JEN,deep
935,06/18/2023 02:44:45,11,100,11.01,21344222,JEN,deep
936,06/18/2023 03:14:45,10.96,100,10.97,21344222,JEN,deep
937,06/18/2023 03:44:45,10.97,100,10.98,21344222,JEN,deep
938,06/18/2023 04:14:45,10.97,100,10.98,21344222,JEN,deep
939,06/18/2023 04:44:45,10.98,100,10.99,21344222,JEN,deep
940,06/18/2023 05:14:45,10.97,100,10.98,21344222,JEN,deep
941,06/18/2023 05:44:45,10.95,100,10.96,21344222,JEN,deep
942,06/18/2023 06:14:45,10.98,100,10.99,21344222,JEN,deep
943,06/18/2023 06:44:45,11,100,11.01,21344222,JEN,deep
944,06/18/2023 07:14:45,10.98,100,10.99,21344222,JEN,deep
945,06/18/2023 07:44:45,10.98,100,10.99,21344222,JEN,deep
946,06/18/2023 08:14:45,10.97,100,10.98,21344222,JEN,deep
947,06/18/2023 08:44:45,10.98,100,10.99,21344222,JEN,deep
948,06/18/2023 09:14:45,10.97,100,10.98,21344222,JEN,deep
949,06/18/2023 09:44:45,10.97,100,10.98,21344222,JEN,deep
950,06/18/2023 10:14:45,10.98,100,10.99,21344222,JEN,deep
951,06/18/2023 10:44:45,10.97,100,10.98,21344222,JEN,deep
952,06/18/2023 11:14:45,10.99,100,11,21344222,JEN,deep
953,06/18/2023 11:44:45,11.01,100,11.02,21344222,JEN,deep
954,06/18/2023 12:14:45,10.96,100,10.97,21344222,JEN,deep
955,06/18/2023 12:44:45,11.02,100,11.03,21344222,JEN,deep
956,06/18/2023 13:14:45,11,100,11.01,21344222,JEN,deep
957,06/18/2023 13:44:45,10.99,100,11,21344222,JEN,deep
958,06/18/2023 14:14:45,10.97,100,10.98,21344222,JEN,deep
959,06/18/2023 14:44:45,10.97,100,10.98,21344222,JEN,deep
960,06/18/2023 15:14:45,10.99,100,11,21344222,JEN,deep
961,06/18/2023 15:44:45,11.01,100,11.02,21344222,JEN,deep
962,06/18/2023 16:14:45,10.99,100,11,21344222,JEN,deep
963,06/18/2023 16:44:45,10.98,100,10.99,21344222,JEN,deep
964,06/18/2023 17:14:45,10.96,100,10.97,21344222,JEN,deep
965,06/18/2023 17:44:45,11,100,11.01,21344222,JEN,deep
966,06/18/2023 18:14:45,10.99,100,11,21344222,JEN,deep
967,06/18/2023 18:44:45,10.96,100,10.97,21344222,JEN,deep
968,06/18/2023 19:14:45,11,100,11.01,21344222,JEN,deep
969,06/18/2023 19:44:45,10.98,100,10.99,21344222,JEN,deep
970,06/18/2023 20:14:45,10.99,100,11,21344222,JEN,deep
971,06/18/2023 20:44:45,10.98,100,10.99,21344222,JEN,deep
972,06/18/2023 21:14:45,11.01,100,11.02,21344222,JEN,deep
973,06/18/2023 21:44:45,10.96,100,10.97,21344222,JEN,deep
974,06/18/2023 22:14:45,10.98,100,10.99,21344222,JEN,deep
975,06/18/2023 22:44:45,11,100,11.01,21344222,JEN,deep
976,06/18/2023 23:14:45,10.99,100,11,21344222,JEN,deep
977,06/18/2023 23:44:45,10.97,100,10.98,21344222,JEN,deep
978,06/19/2023 00:14:45,10.98,100,10.99,21344222,JEN,deep
979,06/19/2023 00:44:45,10.95,100,10.96,21344222,JEN,deep
980,06/19/2023 01:14:45,10.97,100,10.98,21344222,JEN,deep
981,06/19/2023 01:44:45,10.98,100,10.99,21344222,JEN,deep
982,06/19/2023 02:14:45,10.97,100,10.98,21344222,JEN,deep
983,06/19/2023 02:44:45,10.97,100,10.98,21344222,JEN,deep
984,06/19/2023 03:14:45,10.96,100,10.97,21344222,JEN,deep
985,06/19/2023 03:44:45,10.94,100,10.95,21344222,JEN,deep
986,06/19/2023 04:14:45,10.98,100,10.99,21344222,JEN,deep
987,06/19/2023 04:44:45,10.99,100,11,21344222,JEN,deep
988,06/19/2023 05:14:45,10.93,100,10.94,21344222,JEN,deep
989,06/19/2023 05:44:45,10.98,100,10.99,21344222,JEN,deep
990,06/19/2023 06:14:45,10.95,100,10.96,21344222,JEN,deep
991,06/19/2023 06:44:45,10.94,99.94,10.94,21344222,JEN,deep
992,06/19/2023 07:14:45,10.96,99.83,10.95,21344222,JEN,deep
993,06/19/2023 07:44:45,10.95,99.97,10.96,21344222,JEN,deep
994,06/19/2023 08:14:45,10.97,99.75,10.94,21344222,JEN,deep
995,06/19/2023 08:44:45,10.95,99.72,10.92,21344222,JEN,deep
996,06/19/2023 09:14:45,10.93,99.72,10.9,21344222,JEN,deep
997,06/19/2023 09:44:45,10.95,99.77,10.93,21344222,JEN,deep
998,06/19/2023 10:14:45,10.94,99.96,10.94,21344222,JEN,deep
999,06/19/2023 10:44:45,10.95,100,10.96,21344222,JEN,deep
1000,06/19/2023 11:14:45,10.96,100,10.97,21344222,JEN,deep
1001,06/19/2023 11:44:45,10.96,100,10.97,21344222,JEN,deep
1002,06/19/2023 12:14:45,10.96,100,10.97,21344222,JEN,deep
1003,06/19/2023 12:44:45,10.96,100,10.97,21344222,JEN,deep
1004,06/19/2023 13:14:45,10.98,100,10.99,21344222,JEN,deep
1005,06/19/2023 13:44:45,10.96,100,10.97,21344222,JEN,deep
1006,06/19/2023 14:14:45,10.96,100,10.97,21344222,JEN,deep
1007,06/19/2023 14:44:45,10.96,100,10.97,21344222,JEN,deep
1008,06/19/2023 15:14:45,10.99,100,11,21344222,JEN,deep
1009,06/19/2023 15:44:45,10.96,100,10.97,21344222,JEN,deep
1010,06/19/2023 16:14:45,11,100,11.01,21344222,JEN,deep
1011,06/19/2023 16:44:45,10.96,100,10.97,21344222,JEN,deep
1012,06/19/2023 17:14:45,10.97,100,10.98,21344222,JEN,deep
1013,06/19/2023 17:44:45,10.98,100,10.99,21344222,JEN,deep
1014,06/19/2023 18:14:45,10.98,100,10.99,21344222,JEN,deep
1015,06/19/2023 18:44:45,10.93,100,10.94,21344222,JEN,deep
1016,06/19/2023 19:14:45,10.97,100,10.98,21344222,JEN,deep
1017,06/19/2023 19:44:45,10.97,100,10.98,21344222,JEN,deep
1018,06/19/2023 20:14:45,10.96,100,10.97,21344222,JEN,deep
1019,06/19/2023 20:44:45,10.96,100,10.97,21344222,JEN,deep
1020,06/19/2023 21:14:45,10.98,100,10.99,21344222,JEN,deep
1021,06/19/2023 21:44:45,10.97,100,10.98,21344222,JEN,deep
1022,06/19/2023 22:14:45,10.95,100,10.96,21344222,JEN,deep
1023,06/19/2023 22:44:45,10.94,100,10.95,21344222,JEN,deep
1024,06/19/2023 23:14:45,10.97,100,10.98,21344222,JEN,deep
1025,06/19/2023 23:44:45,10.94,100,10.95,21344222,JEN,deep
1026,06/20/2023 00:14:45,10.94,100,10.95,21344222,JEN,deep
1027,06/20/2023 00:44:45,10.93,100,10.94,21344222,JEN,deep
1028,06/20/2023 01:14:45,10.96,99.98,10.97,21344222,JEN,deep
1029,06/20/2023 01:44:45,10.95,100,10.96,21344222,JEN,deep
1030,06/20/2023 02:14:45,10.96,99.91,10.96,21344222,JEN,deep
1031,06/20/2023 02:44:45,10.95,100,10.96,21344222,JEN,deep
1032,06/20/2023 03:14:45,10.97,100,10.98,21344222,JEN,deep
1033,06/20/2023 03:44:45,10.95,100,10.96,21344222,JEN,deep
1034,06/20/2023 04:14:45,10.94,100,10.95,21344222,JEN,deep
1035,06/20/2023 04:44:45,10.94,100,10.95,21344222,JEN,deep
1036,06/20/2023 05:14:45,10.93,99.87,10.92,21344222,JEN,deep
1037,06/20/2023 05:44:45,10.93,100,10.94,21344222,JEN,deep
1038,06/20/2023 06:14:45,10.94,99.8,10.92,21344222,JEN,deep
1039,06/20/2023 06:44:45,10.95,99.64,10.91,21344222,JEN,deep
1040,06/20/2023 07:14:45,10.94,99.66,10.9,21344222,JEN,deep
1041,06/20/2023 07:44:45,10.93,99.54,10.87,21344222,JEN,deep
1042,06/20/2023 08:14:45,10.93,99.63,10.88,21344222,JEN,deep
1043,06/20/2023 08:44:45,10.93,99.44,10.85,21344222,JEN,deep
1044,06/20/2023 09:14:45,10.89,99.42,10.82,21344222,JEN,deep
1045,06/20/2023 09:44:45,10.89,99.7,10.86,21344222,JEN,deep
1046,06/20/2023 10:14:45,10.96,99.84,10.95,21344222,JEN,deep
1047,06/20/2023 10:44:45,10.9,99.54,10.85,21344222,JEN,deep
1048,06/20/2023 11:14:45,10.9,99.75,10.88,21344222,JEN,deep
1049,06/20/2023 11:44:45,10.9,100,10.92,21344222,JEN,deep
1050,06/20/2023 12:14:45,10.93,100,10.94,21344222,JEN,deep
1051,06/20/2023 12:44:45,10.89,100,10.91,21344222,JEN,deep
1052,06/20/2023 13:14:45,10.94,100,10.95,21344222,JEN,deep
1053,06/20/2023 13:44:45,10.96,100,10.97,21344222,JEN,deep
1054,06/20/2023 14:14:45,10.95,100,10.96,21344222,JEN,deep
1055,06/20/2023 14:44:45,10.95,100,10.96,21344222,JEN,deep
1056,06/20/2023 15:14:45,10.93,100,10.94,21344222,JEN,deep
1057,06/20/2023 15:44:45,10.96,100,10.97,21344222,JEN,deep
1058,06/20/2023 16:14:45,10.94,100,10.95,21344222,JEN,deep
1059,06/20/2023 16:44:45,10.93,100,10.94,21344222,JEN,deep
1060,06/20/2023 17:14:45,10.92,100,10.93,21344222,JEN,deep
1061,06/20/2023 17:44:45,10.96,99.96,10.96,21344222,JEN,deep
1062,06/20/2023 18:14:45,10.93,100,10.94,21344222,JEN,deep
1063,06/20/2023 18:44:45,10.95,99.61,10.9,21344222,JEN,deep
1064,06/20/2023 19:14:45,10.93,99.78,10.91,21344222,JEN,deep
1065,06/20/2023 19:44:45,10.93,99.63,10.88,21344222,JEN,deep
1066,06/20/2023 20:14:45,10.9,99.54,10.85,21344222,JEN,deep
1067,06/20/2023 20:44:45,10.93,99.61,10.88,21344222,JEN,deep
1068,06/20/2023 21:14:45,10.95,99.8,10.93,21344222,JEN,deep
1069,06/20/2023 21:44:45,10.9,99.59,10.86,21344222,JEN,deep
1070,06/20/2023 22:14:45,10.89,99.76,10.87,21344222,JEN,deep
1071,06/20/2023 22:44:45,10.93,99.68,10.89,21344222,JEN,deep
1072,06/20/2023 23:14:45,10.93,99.66,10.89,21344222,JEN,deep
1073,06/20/2023 23:44:45,10.89,99.77,10.87,21344222,JEN,deep
1074,06/21/2023 00:14:45,10.9,99.54,10.85,21344222,JEN,deep
1075,06/21/2023 00:44:45,10.93,99.59,10.88,21344222,JEN,deep
1076,06/21/2023 01:14:45,10.92,99.5,10.85,21344222,JEN,deep
1077,06/21/2023 01:44:45,10.88,99.31,10.79,21344222,JEN,deep
1078,06/21/2023 02:14:45,10.88,99.24,10.78,21344222,JEN,deep
1079,06/21/2023 02:44:45,10.9,99.52,10.84,21344222,JEN,deep
1080,06/21/2023 03:14:45,10.88,99.04,10.75,21344222,JEN,deep
1081,06/21/2023 03:44:45,10.89,99.23,10.79,21344222,JEN,deep
1082,06/21/2023 04:14:45,10.89,99.44,10.82,21344222,JEN,deep
1083,06/21/2023 04:44:45,10.88,99.11,10.76,21344222,JEN,deep
1084,06/21/2023 05:14:45,10.89,98.79,10.72,21344222,JEN,deep
1085,06/21/2023 05:44:45,10.9,98.56,10.7,21344222,JEN,deep
1086,06/21/2023 06:14:45,10.88,98.79,10.71,21344222,JEN,deep
1087,06/21/2023 06:44:45,10.85,98.56,10.65,21344222,JEN,deep
1088,06/21/2023 07:14:45,10.86,98.82,10.7,21344222,JEN,deep
1089,06/21/2023 07:44:45,10.85,98.58,10.65,21344222,JEN,deep
1090,06/21/2023 08:14:45,10.86,99.01,10.73,21344222,JEN,deep
1091,06/21/2023 08:44:45,10.86,98.65,10.67,21344222,JEN,deep
1092,06/21/2023 09:14:45,10.86,98.66,10.67,21344222,JEN,deep
1093,06/21/2023 09:44:45,10.86,98.69,10.68,21344222,JEN,deep
1094,06/21/2023 10:14:45,10.87,98.99,10.73,21344222,JEN,deep
1095,06/21/2023 10:44:45,10.87,99.16,10.76,21344222,JEN,deep
1096,06/21/2023 11:14:45,10.87,99.04,10.74,21344222,JEN,deep
1097,06/21/2023 11:44:45,10.86,99.97,10.87,21344222,JEN,deep
1098,06/21/2023 12:14:45,10.87,100,10.88,21344222,JEN,deep
1099,06/21/2023 12:44:45,10.86,100,10.87,21344222,JEN,deep
1100,06/21/2023 13:14:45,10.88,100,10.9,21344222,JEN,deep
1101,06/21/2023 13:44:45,10.89,100,10.91,21344222,JEN,deep
1102,06/21/2023 14:14:45,10.88,100,10.9,21344222,JEN,deep
1103,06/21/2023 14:44:45,10.9,100,10.92,21344222,JEN,deep
1104,06/21/2023 15:14:45,10.9,100,10.92,21344222,JEN,deep
1105,06/21/2023 15:44:45,10.93,100,10.94,21344222,JEN,deep
1106,06/21/2023 16:14:45,10.9,100,10.92,21344222,JEN,deep
1107,06/21/2023 16:44:45,10.92,100,10.93,21344222,JEN,deep
1108,06/21/2023 17:14:45,10.88,100,10.9,21344222,JEN,deep
1109,06/21/2023 17:44:45,10.9,100,10.92,21344222,JEN,deep
1110,06/21/2023 18:14:45,10.9,100,10.92,21344222,JEN,deep
1111,06/21/2023 18:44:45,10.89,99.75,10.87,21344222,JEN,deep
1112,06/21/2023 19:14:45,10.87,99.9,10.87,21344222,JEN,deep
1113,06/21/2023 19:44:45,10.9,100,10.92,21344222,JEN,deep
1114,06/21/2023 20:14:45,10.88,99.84,10.87,21344222,JEN,deep
1115,06/21/2023 20:44:45,10.85,99.85,10.84,21344222,JEN,deep
1116,06/21/2023 21:14:45,10.9,100,10.92,21344222,JEN,deep
1117,06/21/2023 21:44:45,10.88,100,10.9,21344222,JEN,deep
1118,06/21/2023 22:14:45,10.89,99.96,10.9,21344222,JEN,deep
1119,06/21/2023 22:44:45,10.9,100,10.92,21344222,JEN,deep
1120,06/21/2023 23:14:45,10.89,99.98,10.9,21344222,JEN,deep
1121,06/21/2023 23:44:45,10.9,99.97,10.91,21344222,JEN,deep
1122,06/22/2023 00:14:45,10.88,99.81,10.87,21344222,JEN,deep
1123,06/22/2023 00:44:45,10.92,99.93,10.92,21344222,JEN,deep
1124,06/22/2023 01:14:45,10.86,99.98,10.87,21344222,JEN,deep
1125,06/22/2023 01:44:45,10.93,100,10.94,21344222,JEN,deep
1126,06/22/2023 02:14:45,10.89,99.92,10.89,21344222,JEN,deep
1127,06/22/2023 02:44:45,10.87,99.94,10.88,21344222,JEN,deep
1128,06/22/2023 03:14:45,10.88,99.78,10.86,21344222,JEN,deep
1129,06/22/2023 03:44:45,10.9,99.6,10.86,21344222,JEN,deep
1130,06/22/2023 04:14:45,10.87,99.63,10.83,21344222,JEN,deep
1131,06/22/2023 04:44:45,10.86,99.49,10.8,21344222,JEN,deep
1132,06/22/2023 05:14:45,10.87,99.37,10.79,21344222,JEN,deep
1133,06/22/2023 05:44:45,10.88,99.64,10.84,21344222,JEN,deep
1134,06/22/2023 06:14:45,10.86,99.49,10.8,21344222,JEN,deep
1135,06/22/2023 06:44:45,10.86,99.54,10.81,21344222,JEN,deep
1136,06/22/2023 07:14:45,10.85,99.55,10.8,21344222,JEN,deep
1137,06/22/2023 07:44:45,10.87,99.65,10.83,21344222,JEN,deep
1138,06/22/2023 08:14:45,10.87,99.71,10.84,21344222,JEN,deep
1139,06/22/2023 08:44:45,10.86,99.69,10.83,21344222,JEN,deep
1140,06/22/2023 09:14:45,10.84,99.41,10.76,21344222,JEN,deep
1141,06/22/2023 09:44:45,10.86,99.55,10.81,21344222,JEN,deep
1142,06/22/2023 10:14:45,10.87,100,10.88,21344222,JEN,deep
1143,06/22/2023 10:44:45,10.9,100,10.92,21344222,JEN,deep
1144,06/22/2023 11:14:45,10.88,100,10.9,21344222,JEN,deep
1145,06/22/2023 11:44:45,10.89,100,10.91,21344222,JEN,deep
1146,06/22/2023 12:14:45,10.9,100,10.92,21344222,JEN,deep
1147,06/22/2023 12:44:45,10.89,100,10.91,21344222,JEN,deep
1148,06/22/2023 13:14:45,10.9,100,10.92,21344222,JEN,deep
1149,06/22/2023 13:44:45,10.89,100,10.91,21344222,JEN,deep
1150,06/22/2023 14:14:45,10.93,100,10.94,21344222,JEN,deep
1151,06/22/2023 14:44:45,10.9,100,10.92,21344222,JEN,deep
1152,06/22/2023 15:14:45,10.89,100,10.91,21344222,JEN,deep
1153,06/22/2023 15:44:45,10.92,100,10.93,21344222,JEN,deep
1154,06/22/2023 16:14:45,10.92,100,10.93,21344222,JEN,deep
1155,06/22/2023 16:44:45,10.9,100,10.92,21344222,JEN,deep
1156,06/22/2023 17:14:45,10.93,100,10.94,21344222,JEN,deep
1157,06/22/2023 17:44:45,10.92,100,10.93,21344222,JEN,deep
1158,06/22/2023 18:14:45,10.95,100,10.96,21344222,JEN,deep
1159,06/22/2023 18:44:45,10.9,100,10.92,21344222,JEN,deep
1160,06/22/2023 19:14:45,10.92,100,10.93,21344222,JEN,deep
1161,06/22/2023 19:44:45,10.95,100,10.96,21344222,JEN,deep
1162,06/22/2023 20:14:45,10.93,100,10.94,21344222,JEN,deep
1163,06/22/2023 20:44:45,10.93,100,10.94,21344222,JEN,deep
1164,06/22/2023 21:14:45,10.94,100,10.95,21344222,JEN,deep
1165,06/22/2023 21:44:45,10.9,100,10.92,21344222,JEN,deep
1166,06/22/2023 22:14:45,10.93,100,10.94,21344222,JEN,deep
1167,06/22/2023 22:44:45,10.93,100,10.94,21344222,JEN,deep
1168,06/22/2023 23:14:45,10.94,100,10.95,21344222,JEN,deep
1169,06/22/2023 23:44:45,10.94,100,10.95,21344222,JEN,deep
1170,06/23/2023 00:14:45,10.94,100,10.95,21344222,JEN,deep
1171,06/23/2023 00:44:45,10.93,100,10.94,21344222,JEN,deep
1172,06/23/2023 01:14:45,10.93,100,10.94,21344222,JEN,deep
1173,06/23/2023 01:44:45,10.94,100,10.95,21344222,JEN,deep
1174,06/23/2023 02:14:45,10.93,100,10.94,21344222,JEN,deep
1175,06/23/2023 02:44:45,10.95,100,10.96,21344222,JEN,deep
1176,06/23/2023 03:14:45,10.9,100,10.92,21344222,JEN,deep
1177,06/23/2023 03:44:45,10.93,100,10.94,21344222,JEN,deep
1178,06/23/2023 04:14:45,10.93,100,10.94,21344222,JEN,deep
1179,06/23/2023 04:44:45,10.93,100,10.94,21344222,JEN,deep
1180,06/23/2023 05:14:45,10.93,100,10.94,21344222,JEN,deep
1181,06/23/2023 05:44:45,10.93,100,10.94,21344222,JEN,deep
1182,06/23/2023 06:14:45,10.95,100,10.96,21344222,JEN,deep
1183,06/23/2023 06:44:45,10.93,100,10.94,21344222,JEN,deep
1184,06/23/2023 07:14:45,10.93,100,10.94,21344222,JEN,deep
1185,06/23/2023 07:44:45,10.96,100,10.97,21344222,JEN,deep
1186,06/23/2023 08:14:45,10.94,100,10.95,21344222,JEN,deep
1187,06/23/2023 08:44:45,10.96,100,10.97,21344222,JEN,deep
1188,06/23/2023 09:14:45,10.95,100,10.96,21344222,JEN,deep
1189,06/23/2023 09:44:45,10.92,100,10.93,21344222,JEN,deep
1190,06/23/2023 10:14:45,10.93,100,10.94,21344222,JEN,deep
1191,06/23/2023 10:44:45,10.9,100,10.92,21344222,JEN,deep
1192,06/23/2023 11:14:45,10.95,100,10.96,21344222,JEN,deep
1193,06/23/2023 11:44:45,10.92,100,10.93,21344222,JEN,deep
1194,06/23/2023 12:14:45,10.95,100,10.96,21344222,JEN,deep
1195,06/23/2023 12:44:45,10.9,100,10.92,21344222,JEN,deep
1196,06/23/2023 13:14:45,10.95,100,10.96,21344222,JEN,deep
1197,06/23/2023 13:44:45,10.94,100,10.95,21344222,JEN,deep
1198,06/23/2023 14:14:45,10.94,100,10.95,21344222,JEN,deep
1199,06/23/2023 14:44:45,10.9,100,10.92,21344222,JEN,deep
1200,06/23/2023 15:14:45,10.93,100,10.94,21344222,JEN,deep
1201,06/23/2023 15:44:45,10.96,100,10.97,21344222,JEN,deep
1202,06/23/2023 16:14:45,10.95,100,10.96,21344222,JEN,deep
1203,06/23/2023 16:44:45,10.95,100,10.96,21344222,JEN,deep
1204,06/23/2023 17:14:45,10.93,100,10.94,21344222,JEN,deep
1205,06/23/2023 17:44:45,10.98,100,10.99,21344222,JEN,deep
1206,06/23/2023 18:14:45,10.95,100,10.96,21344222,JEN,deep
1207,06/23/2023 18:44:45,10.93,100,10.94,21344222,JEN,deep
1208,06/23/2023 19:14:45,10.97,100,10.98,21344222,JEN,deep
1209,06/23/2023 19:44:45,10.95,100,10.96,21344222,JEN,deep
1210,06/23/2023 20:14:45,10.96,100,10.97,21344222,JEN,deep
1211,06/23/2023 20:44:45,10.95,100,10.96,21344222,JEN,deep
1212,06/23/2023 21:14:45,10.95,100,10.96,21344222,JEN,deep
1213,06/23/2023 21:44:45,10.95,100,10.96,21344222,JEN,deep
1214,06/23/2023 22:14:45,10.95,100,10.96,21344222,JEN,deep
1215,06/23/2023 22:44:45,10.94,100,10.95,21344222,JEN,deep
1216,06/23/2023 23:14:45,10.94,100,10.95,21344222,JEN,deep
1217,06/23/2023 23:44:45,10.96,100,10.97,21344222,JEN,deep
1218,06/24/2023 00:14:45,10.94,100,10.95,21344222,JEN,deep
1219,06/24/2023 00:44:45,10.95,100,10.96,21344222,JEN,deep
1220,06/24/2023 01:14:45,10.94,100,10.95,21344222,JEN,deep
1221,06/24/2023 01:44:45,10.96,100,10.97,21344222,JEN,deep
1222,06/24/2023 02:14:45,10.93,100,10.94,21344222,JEN,deep
1223,06/24/2023 02:44:45,10.96,100,10.97,21344222,JEN,deep
1224,06/24/2023 03:14:45,10.95,100,10.96,21344222,JEN,deep
1225,06/24/2023 03:44:45,10.96,100,10.97,21344222,JEN,deep
1226,06/24/2023 04:14:45,10.94,100,10.95,21344222,JEN,deep
1227,06/24/2023 04:44:45,10.95,100,10.96,21344222,JEN,deep
1228,06/24/2023 05:14:45,10.95,100,10.96,21344222,JEN,deep
1229,06/24/2023 05:44:45,10.95,100,10.96,21344222,JEN,deep
1230,06/24/2023 06:14:45,10.93,100,10.94,21344222,JEN,deep
1231,06/24/2023 06:44:45,10.94,100,10.95,21344222,JEN,deep
1232,06/24/2023 07:14:45,10.93,100,10.94,21344222,JEN,deep
1233,06/24/2023 07:44:45,10.95,100,10.96,21344222,JEN,deep
1234,06/24/2023 08:14:45,10.94,100,10.95,21344222,JEN,deep
1235,06/24/2023 08:44:45,10.96,100,10.97,21344222,JEN,deep
1236,06/24/2023 09:14:45,10.95,100,10.96,21344222,JEN,deep
1237,06/24/2023 09:44:45,10.94,100,10.95,21344222,JEN,deep
1238,06/24/2023 10:14:45,10.97,100,10.98,21344222,JEN,deep
1239,06/24/2023 10:44:45,10.95,100,10.96,21344222,JEN,deep
1240,06/24/2023 11:14:45,10.95,100,10.96,21344222,JEN,deep
1241,06/24/2023 11:44:45,10.94,100,10.95,21344222,JEN,deep
1242,06/24/2023 12:14:45,10.94,100,10.95,21344222,JEN,deep
1243,06/24/2023 12:44:45,10.96,100,10.97,21344222,JEN,deep
1244,06/24/2023 13:14:45,10.95,100,10.96,21344222,JEN,deep
1245,06/24/2023 13:44:45,10.94,100,10.95,21344222,JEN,deep
1246,06/24/2023 14:14:45,10.95,100,10.96,21344222,JEN,deep
1247,06/24/2023 14:44:45,10.95,100,10.96,21344222,JEN,deep
1248,06/24/2023 15:14:45,10.96,100,10.97,21344222,JEN,deep
1249,06/24/2023 15:44:45,10.94,100,10.95,21344222,JEN,deep
1250,06/24/2023 16:14:45,10.94,100,10.95,21344222,JEN,deep
1251,06/24/2023 16:44:45,10.95,100,10.96,21344222,JEN,deep
1252,06/24/2023 17:14:45,10.96,100,10.97,21344222,JEN,deep
1253,06/24/2023 17:44:45,10.96,100,10.97,21344222,JEN,deep
1254,06/24/2023 18:14:45,10.95,100,10.96,21344222,JEN,deep
1255,06/24/2023 18:44:45,10.97,100,10.98,21344222,JEN,deep
1256,06/24/2023 19:14:45,10.94,100,10.95,21344222,JEN,deep
1257,06/24/2023 19:44:45,10.97,100,10.98,21344222,JEN,deep
1258,06/24/2023 20:14:45,10.92,100,10.93,21344222,JEN,deep
1259,06/24/2023 20:44:45,10.94,100,10.95,21344222,JEN,deep
1260,06/24/2023 21:14:45,10.94,100,10.95,21344222,JEN,deep
1261,06/24/2023 21:44:45,10.96,100,10.97,21344222,JEN,deep
1262,06/24/2023 22:14:45,10.97,100,10.98,21344222,JEN,deep
1263,06/24/2023 22:44:45,10.98,100,10.99,21344222,JEN,deep
1264,06/24/2023 23:14:45,10.96,100,10.97,21344222,JEN,deep
1265,06/24/2023 23:44:45,10.95,100,10.96,21344222,JEN,deep
1266,06/25/2023 00:14:45,10.95,100,10.96,21344222,JEN,deep
1267,06/25/2023 00:44:45,10.96,100,10.97,21344222,JEN,deep
1268,06/25/2023 01:14:45,10.97,100,10.98,21344222,JEN,deep
1269,06/25/2023 01:44:45,10.96,100,10.97,21344222,JEN,deep
1270,06/25/2023 02:14:45,10.96,100,10.97,21344222,JEN,deep
1271,06/25/2023 02:44:45,10.96,100,10.97,21344222,JEN,deep
1272,06/25/2023 03:14:45,10.98,100,10.99,21344222,JEN,deep
1273,06/25/2023 03:44:45,10.96,100,10.97,21344222,JEN,deep
1274,06/25/2023 04:14:45,10.96,100,10.97,21344222,JEN,deep
1275,06/25/2023 04:44:45,10.94,100,10.95,21344222,JEN,deep
1276,06/25/2023 05:14:45,10.98,100,10.99,21344222,JEN,deep
1277,06/25/2023 05:44:45,10.97,100,10.98,21344222,JEN,deep
1278,06/25/2023 06:14:45,10.93,100,10.94,21344222,JEN,deep
1279,06/25/2023 06:44:45,10.98,100,10.99,21344222,JEN,deep
1280,06/25/2023 07:14:45,10.97,100,10.98,21344222,JEN,deep
1281,06/25/2023 07:44:45,10.95,100,10.96,21344222,JEN,deep
1282,06/25/2023 08:14:45,10.96,100,10.97,21344222,JEN,deep
1283,06/25/2023 08:44:45,10.96,100,10.97,21344222,JEN,deep
1284,06/25/2023 09:14:45,10.97,100,10.98,21344222,JEN,deep
1285,06/25/2023 09:44:45,10.97,100,10.98,21344222,JEN,deep
1286,06/25/2023 10:14:45,10.95,100,10.96,21344222,JEN,deep
1287,06/25/2023 10:44:45,10.98,100,10.99,21344222,JEN,deep
1288,06/25/2023 11:14:45,10.97,100,10.98,21344222,JEN,deep
1289,06/25/2023 11:44:45,10.98,100,10.99,21344222,JEN,deep
1290,06/25/2023 12:14:45,10.96,100,10.97,21344222,JEN,deep
1291,06/25/2023 12:44:45,10.98,100,10.99,21344222,JEN,deep
1292,06/25/2023 13:14:45,10.97,100,10.98,21344222,JEN,deep
1293,06/25/2023 13:44:45,10.97,100,10.98,21344222,JEN,deep
1294,06/25/2023 14:14:45,10.96,100,10.97,21344222,JEN,deep
1295,06/25/2023 14:44:45,10.97,100,10.98,21344222,JEN,deep
1296,06/25/2023 15:14:45,10.97,100,10.98,21344222,JEN,deep
1297,06/25/2023 15:44:45,10.97,100,10.98,21344222,JEN,deep
1298,06/25/2023 16:14:45,10.93,100,10.94,21344222,JEN,deep
1299,06/25/2023 16:44:45,10.95,100,10.96,21344222,JEN,deep
1300,06/25/2023 17:14:45,10.95,100,10.96,21344222,JEN,deep
1301,06/25/2023 17:44:45,10.95,100,10.96,21344222,JEN,deep
1302,06/25/2023 18:14:45,10.97,100,10.98,21344222,JEN,deep
1303,06/25/2023 18:44:45,10.95,100,10.96,21344222,JEN,deep
1304,06/25/2023 19:14:45,10.97,100,10.98,21344222,JEN,deep
1305,06/25/2023 19:44:45,10.98,100,10.99,21344222,JEN,deep
1306,06/25/2023 20:14:45,10.96,100,10.97,21344222,JEN,deep
1307,06/25/2023 20:44:45,10.97,100,10.98,21344222,JEN,deep
1308,06/25/2023 21:14:45,10.99,100,11,21344222,JEN,deep
1309,06/25/2023 21:44:45,10.96,100,10.97,21344222,JEN,deep
1310,06/25/2023 22:14:45,10.95,100,10.96,21344222,JEN,deep
1311,06/25/2023 22:44:45,10.96,100,10.97,21344222,JEN,deep
1312,06/25/2023 23:14:45,10.95,100,10.96,21344222,JEN,deep
1313,06/25/2023 23:44:45,10.95,100,10.96,21344222,JEN,deep
1314,06/26/2023 00:14:45,10.97,100,10.98,21344222,JEN,deep
1315,06/26/2023 00:44:45,10.94,100,10.95,21344222,JEN,deep
1316,06/26/2023 01:14:45,10.97,100,10.98,21344222,JEN,deep
1317,06/26/2023 01:44:45,10.94,100,10.95,21344222,JEN,deep
1318,06/26/2023 02:14:45,10.97,100,10.98,21344222,JEN,deep
1319,06/26/2023 02:44:45,10.95,100,10.96,21344222,JEN,deep
1320,06/26/2023 03:14:45,10.96,100,10.97,21344222,JEN,deep
1321,06/26/2023 03:44:45,10.94,100,10.95,21344222,JEN,deep
1322,06/26/2023 04:14:45,10.94,100,10.95,21344222,JEN,deep
1323,06/26/2023 04:44:45,10.93,100,10.94,21344222,JEN,deep
1324,06/26/2023 05:14:45,10.9,100,10.92,21344222,JEN,deep
1325,06/26/2023 05:44:45,10.94,100,10.95,21344222,JEN,deep
1326,06/26/2023 06:14:45,10.97,100,10.98,21344222,JEN,deep
1327,06/26/2023 06:44:45,10.9,100,10.92,21344222,JEN,deep
1328,06/26/2023 07:14:45,10.95,100,10.96,21344222,JEN,deep
1329,06/26/2023 07:44:45,10.93,100,10.94,21344222,JEN,deep
1330,06/26/2023 08:14:45,10.9,100,10.92,21344222,JEN,deep
1331,06/26/2023 08:44:45,10.94,100,10.95,21344222,JEN,deep
1332,06/26/2023 09:14:45,10.94,100,10.95,21344222,JEN,deep
1333,06/26/2023 09:44:45,10.93,100,10.94,21344222,JEN,deep
1334,06/26/2023 10:14:45,10.92,100,10.93,21344222,JEN,deep
1335,06/26/2023 10:44:45,10.95,100,10.96,21344222,JEN,deep
1336,06/26/2023 11:14:45,10.94,100,10.95,21344222,JEN,deep
1337,06/26/2023 11:44:45,10.94,100,10.95,21344222,JEN,deep
1338,06/26/2023 12:14:45,10.94,100,10.95,21344222,JEN,deep
1339,06/26/2023 12:44:45,10.95,100,10.96,21344222,JEN,deep
1340,06/26/2023 13:14:45,10.95,100,10.96,21344222,JEN,deep
1341,06/26/2023 13:44:45,10.94,100,10.95,21344222,JEN,deep
1342,06/26/2023 14:14:45,10.97,100,10.98,21344222,JEN,deep
1343,06/26/2023 14:44:45,10.97,100,10.98,21344222,JEN,deep
1344,06/26/2023 15:14:45,10.94,100,10.95,21344222,JEN,deep
1345,06/26/2023 15:44:45,10.96,100,10.97,21344222,JEN,deep
1346,06/26/2023 16:14:45,10.95,100,10.96,21344222,JEN,deep
1347,06/26/2023 16:44:45,10.95,100,10.96,21344222,JEN,deep
1348,06/26/2023 17:14:45,10.95,100,10.96,21344222,JEN,deep
1349,06/26/2023 17:44:45,10.95,100,10.96,21344222,JEN,deep
1350,06/26/2023 18:14:45,10.97,100,10.98,21344222,JEN,deep
1351,06/26/2023 18:44:45,10.98,100,10.99,21344222,JEN,deep
1352,06/26/2023 19:14:45,10.95,100,10.96,21344222,JEN,deep
1353,06/26/2023 19:44:45,10.95,100,10.96,21344222,JEN,deep
1354,06/26/2023 20:14:45,10.96,100,10.97,21344222,JEN,deep
1355,06/26/2023 20:44:45,10.95,100,10.96,21344222,JEN,deep
1356,06/26/2023 21:14:45,10.96,100,10.97,21344222,JEN,deep
1357,06/26/2023 21:44:45,10.95,100,10.96,21344222,JEN,deep
1358,06/26/2023 22:14:45,10.94,100,10.95,21344222,JEN,deep
1359,06/26/2023 22:44:45,10.94,100,10.95,21344222,JEN,deep
1360,06/26/2023 23:14:45,10.95,100,10.96,21344222,JEN,deep
1361,06/26/2023 23:44:45,10.99,100,11,21344222,JEN,deep
1362,06/27/2023 00:14:45,10.96,100,10.97,21344222,JEN,deep
1363,06/27/2023 00:44:45,10.96,100,10.97,21344222,JEN,deep
1364,06/27/2023 01:14:45,10.95,100,10.96,21344222,JEN,deep
1365,06/27/2023 01:44:45,10.97,100,10.98,21344222,JEN,deep
1366,06/27/2023 02:14:45,10.95,100,10.96,21344222,JEN,deep
1367,06/27/2023 02:44:45,10.94,100,10.95,21344222,JEN,deep
1368,06/27/2023 03:14:45,10.97,100,10.98,21344222,JEN,deep
1369,06/27/2023 03:44:45,10.98,100,10.99,21344222,JEN,deep
1370,06/27/2023 04:14:45,10.96,100,10.97,21344222,JEN,deep
1371,06/27/2023 04:44:45,10.96,100,10.97,21344222,JEN,deep
1372,06/27/2023 05:14:45,10.94,100,10.95,21344222,JEN,deep
1373,06/27/2023 05:44:45,10.95,100,10.96,21344222,JEN,deep
1374,06/27/2023 06:14:45,10.95,100,10.96,21344222,JEN,deep
1375,06/27/2023 06:44:45,10.98,100,10.99,21344222,JEN,deep
1376,06/27/2023 07:14:45,10.98,100,10.99,21344222,JEN,deep
1377,06/27/2023 07:44:45,10.93,100,10.94,21344222,JEN,deep
1378,06/27/2023 08:14:45,10.97,100,10.98,21344222,JEN,deep
1379,06/27/2023 08:44:45,10.94,100,10.95,21344222,JEN,deep
1380,06/27/2023 09:14:45,10.94,100,10.95,21344222,JEN,deep
1381,06/27/2023 09:44:45,10.96,100,10.97,21344222,JEN,deep
1382,06/27/2023 10:14:45,10.94,100,10.95,21344222,JEN,deep
1383,06/27/2023 10:44:45,10.95,100,10.96,21344222,JEN,deep
1384,06/27/2023 11:14:45,10.97,100,10.98,21344222,JEN,deep
1385,06/27/2023 11:44:45,10.93,100,10.94,21344222,JEN,deep
1386,06/27/2023 12:14:45,10.97,100,10.98,21344222,JEN,deep
1387,06/27/2023 12:44:45,10.96,100,10.97,21344222,JEN,deep
1388,06/27/2023 13:14:45,10.96,100,10.97,21344222,JEN,deep
1389,06/27/2023 13:44:45,10.95,100,10.96,21344222,JEN,deep
1390,06/27/2023 14:14:45,10.96,100,10.97,21344222,JEN,deep
1391,06/27/2023 14:44:45,10.98,100,10.99,21344222,JEN,deep
1392,06/27/2023 15:14:45,10.97,100,10.98,21344222,JEN,deep
1393,06/27/2023 15:44:45,10.95,100,10.96,21344222,JEN,deep
1394,06/27/2023 16:14:45,10.96,100,10.97,21344222,JEN,deep
1395,06/27/2023 16:44:45,10.98,100,10.99,21344222,JEN,deep
1396,06/27/2023 17:14:45,10.96,100,10.97,21344222,JEN,deep
1397,06/27/2023 17:44:45,10.97,100,10.98,21344222,JEN,deep
1398,06/27/2023 18:14:45,10.96,100,10.97,21344222,JEN,deep
1399,06/27/2023 18:44:45,10.95,100,10.96,21344222,JEN,deep
1400,06/27/2023 19:14:45,10.94,100,10.95,21344222,JEN,deep
1401,06/27/2023 19:44:45,10.93,100,10.94,21344222,JEN,deep
1402,06/27/2023 20:14:45,10.94,100,10.95,21344222,JEN,deep
1403,06/27/2023 20:44:45,10.93,100,10.94,21344222,JEN,deep
1404,06/27/2023 21:14:45,10.97,100,10.98,21344222,JEN,deep
1405,06/27/2023 21:44:45,10.96,100,10.97,21344222,JEN,deep
1406,06/27/2023 22:14:45,10.97,100,10.98,21344222,JEN,deep
1407,06/27/2023 22:44:45,10.99,100,11,21344222,JEN,deep
1408,06/27/2023 23:14:45,10.96,100,10.97,21344222,JEN,deep
1409,06/27/2023 23:44:45,10.94,100,10.95,21344222,JEN,deep
1410,06/28/2023 00:14:45,10.97,100,10.98,21344222,JEN,deep
1411,06/28/2023 00:44:45,10.94,100,10.95,21344222,JEN,deep
1412,06/28/2023 01:14:45,10.97,100,10.98,21344222,JEN,deep
1413,06/28/2023 01:44:45,10.96,100,10.97,21344222,JEN,deep
1414,06/28/2023 02:14:45,10.97,100,10.98,21344222,JEN,deep
1415,06/28/2023 02:44:45,10.95,100,10.96,21344222,JEN,deep
1416,06/28/2023 03:14:45,10.94,100,10.95,21344222,JEN,deep
1417,06/28/2023 03:44:45,10.96,100,10.97,21344222,JEN,deep
1418,06/28/2023 04:14:45,10.97,100,10.98,21344222,JEN,deep
1419,06/28/2023 04:44:45,10.96,100,10.97,21344222,JEN,deep
1420,06/28/2023 05:14:45,10.97,100,10.98,21344222,JEN,deep
1421,06/28/2023 05:44:45,10.98,100,10.99,21344222,JEN,deep
1422,06/28/2023 06:14:45,10.95,100,10.96,21344222,JEN,deep
1423,06/28/2023 06:44:45,10.97,100,10.98,21344222,JEN,deep
1424,06/28/2023 07:14:45,10.97,100,10.98,21344222,JEN,deep
1425,06/28/2023 07:44:45,10.94,100,10.95,21344222,JEN,deep
1426,06/28/2023 08:14:45,10.95,100,10.96,21344222,JEN,deep
1427,06/28/2023 08:44:45,10.93,100,10.94,21344222,JEN,deep
1428,06/28/2023 09:14:45,10.96,100,10.97,21344222,JEN,deep
1429,06/28/2023 09:44:45,10.98,100,10.99,21344222,JEN,deep
1430,06/28/2023 10:14:45,10.95,100,10.96,21344222,JEN,deep
1431,06/28/2023 10:44:45,10.97,100,10.98,21344222,JEN,deep
1432,06/28/2023 11:14:45,10.97,100,10.98,21344222,JEN,deep
1433,06/28/2023 11:44:45,10.95,100,10.96,21344222,JEN,deep
1434,06/28/2023 12:14:45,10.96,100,10.97,21344222,JEN,deep
1435,06/28/2023 12:44:45,10.96,100,10.97,21344222,JEN,deep
1436,06/28/2023 13:14:45,10.97,100,10.98,21344222,JEN,deep
1437,06/28/2023 13:44:45,10.96,100,10.97,21344222,JEN,deep
1438,06/28/2023 14:14:45,10.95,100,10.96,21344222,JEN,deep
1439,06/28/2023 14:44:45,10.97,100,10.98,21344222,JEN,deep
1440,06/28/2023 15:14:45,10.98,100,10.99,21344222,JEN,deep
1441,06/28/2023 15:44:45,10.98,100,10.99,21344222,JEN,deep
1442,06/28/2023 16:14:45,10.94,100,10.95,21344222,JEN,deep
1443,06/28/2023 16:44:45,10.97,100,10.98,21344222,JEN,deep
1444,06/28/2023 17:14:45,10.98,100,10.99,21344222,JEN,deep
1445,06/28/2023 17:44:45,10.99,100,11,21344222,JEN,deep
1446,06/28/2023 18:14:45,10.95,100,10.96,21344222,JEN,deep
1447,06/28/2023 18:44:45,10.96,100,10.97,21344222,JEN,deep
1448,06/28/2023 19:14:45,10.98,100,10.99,21344222,JEN,deep
1449,06/28/2023 19:44:45,10.95,100,10.96,21344222,JEN,deep
1450,06/28/2023 20:14:45,10.96,100,10.97,21344222,JEN,deep
1451,06/28/2023 20:44:45,10.96,100,10.97,21344222,JEN,deep
1452,06/28/2023 21:14:45,10.94,100,10.95,21344222,JEN,deep
1453,06/28/2023 21:44:45,10.96,100,10.97,21344222,JEN,deep
1454,06/28/2023 22:14:45,10.98,100,10.99,21344222,JEN,deep
1455,06/28/2023 22:44:45,10.96,100,10.97,21344222,JEN,deep
1456,06/28/2023 23:14:45,10.97,100,10.98,21344222,JEN,deep
1457,06/28/2023 23:44:45,10.97,100,10.98,21344222,JEN,deep
1458,06/29/2023 00:14:45,10.97,100,10.98,21344222,JEN,deep
1459,06/29/2023 00:44:45,10.95,100,10.96,21344222,JEN,deep
1460,06/29/2023 01:14:45,10.94,100,10.95,21344222,JEN,deep
1461,06/29/2023 01:44:45,10.97,100,10.98,21344222,JEN,deep
1462,06/29/2023 02:14:45,10.94,100,10.95,21344222,JEN,deep
1463,06/29/2023 02:44:45,10.96,100,10.97,21344222,JEN,deep
1464,06/29/2023 03:14:45,10.97,100,10.98,21344222,JEN,deep
1465,06/29/2023 03:44:45,10.99,100,11,21344222,JEN,deep
1466,06/29/2023 04:14:45,10.96,100,10.97,21344222,JEN,deep
1467,06/29/2023 04:44:45,10.98,100,10.99,21344222,JEN,deep
1468,06/29/2023 05:14:45,10.95,100,10.96,21344222,JEN,deep
1469,06/29/2023 05:44:45,10.96,100,10.97,21344222,JEN,deep
1470,06/29/2023 06:14:45,10.97,100,10.98,21344222,JEN,deep
1471,06/29/2023 06:44:45,10.95,100,10.96,21344222,JEN,deep
1472,06/29/2023 07:14:45,10.93,100,10.94,21344222,JEN,deep
1473,06/29/2023 07:44:45,10.97,100,10.98,21344222,JEN,deep
1474,06/29/2023 08:14:45,10.97,100,10.98,21344222,JEN,deep
1475,06/29/2023 08:44:45,10.93,100,10.94,21344222,JEN,deep
1476,06/29/2023 09:14:45,10.96,100,10.97,21344222,JEN,deep
1477,06/29/2023 09:44:45,10.94,100,10.95,21344222,JEN,deep
1478,06/29/2023 10:14:45,10.97,100,10.98,21344222,JEN,deep
1479,06/29/2023 10:44:45,10.94,100,10.95,21344222,JEN,deep
1480,06/29/2023 11:14:45,10.96,100,10.97,21344222,JEN,deep
1481,06/29/2023 11:44:45,11,100,11.01,21344222,JEN,deep
1482,06/29/2023 12:14:45,10.96,100,10.97,21344222,JEN,deep
1483,06/29/2023 12:44:45,10.95,100,10.96,21344222,JEN,deep
1484,06/29/2023 13:14:45,10.93,100,10.94,21344222,JEN,deep
1485,06/29/2023 13:44:45,10.96,100,10.97,21344222,JEN,deep
1486,06/29/2023 14:14:45,10.94,100,10.95,21344222,JEN,deep
1487,06/29/2023 14:44:45,10.95,100,10.96,21344222,JEN,deep
1488,06/29/2023 15:14:45,10.97,100,10.98,21344222,JEN,deep
1489,06/29/2023 15:44:45,10.96,100,10.97,21344222,JEN,deep
1490,06/29/2023 16:14:45,10.98,100,10.99,21344222,JEN,deep
1491,06/29/2023 16:44:45,10.95,100,10.96,21344222,JEN,deep
1492,06/29/2023 17:14:45,10.95,100,10.96,21344222,JEN,deep
1493,06/29/2023 17:44:45,10.95,100,10.96,21344222,JEN,deep
1494,06/29/2023 18:14:45,10.95,100,10.96,21344222,JEN,deep
1495,06/29/2023 18:44:45,10.94,100,10.95,21344222,JEN,deep
1496,06/29/2023 19:14:45,10.94,100,10.95,21344222,JEN,deep
1497,06/29/2023 19:44:45,10.94,100,10.95,21344222,JEN,deep
1498,06/29/2023 20:14:45,10.96,100,10.97,21344222,JEN,deep
1499,06/29/2023 20:44:45,10.94,100,10.95,21344222,JEN,deep
1500,06/29/2023 21:14:45,10.95,100,10.96,21344222,JEN,deep
1501,06/29/2023 21:44:45,10.93,100,10.94,21344222,JEN,deep
1502,06/29/2023 22:14:45,10.9,100,10.92,21344222,JEN,deep
1503,06/29/2023 22:44:45,10.93,100,10.94,21344222,JEN,deep
1504,06/29/2023 23:14:45,10.95,100,10.96,21344222,JEN,deep
1505,06/29/2023 23:44:45,10.95,100,10.96,21344222,JEN,deep
1506,06/30/2023 00:14:45,10.93,100,10.94,21344222,JEN,deep
1507,06/30/2023 00:44:45,10.9,100,10.92,21344222,JEN,deep
1508,06/30/2023 01:14:45,10.93,100,10.94,21344222,JEN,deep
1509,06/30/2023 01:44:45,10.94,100,10.95,21344222,JEN,deep
1510,06/30/2023 02:14:45,10.93,100,10.94,21344222,JEN,deep
1511,06/30/2023 02:44:45,10.93,100,10.94,21344222,JEN,deep
1512,06/30/2023 03:14:45,10.9,100,10.92,21344222,JEN,deep
1513,06/30/2023 03:44:45,10.94,100,10.95,21344222,JEN,deep
1514,06/30/2023 04:14:45,10.94,100,10.95,21344222,JEN,deep
1515,06/30/2023 04:44:45,10.94,100,10.95,21344222,JEN,deep
1516,06/30/2023 05:14:45,10.92,100,10.93,21344222,JEN,deep
1517,06/30/2023 05:44:45,10.9,100,10.92,21344222,JEN,deep
1518,06/30/2023 06:14:45,10.9,100,10.92,21344222,JEN,deep
1519,06/30/2023 06:44:45,10.89,100,10.91,21344222,JEN,deep
1520,06/30/2023 07:14:45,10.94,100,10.95,21344222,JEN,deep
1521,06/30/2023 07:44:45,10.95,100,10.96,21344222,JEN,deep
1522,06/30/2023 08:14:45,10.92,100,10.93,21344222,JEN,deep
1523,06/30/2023 08:44:45,10.93,100,10.94,21344222,JEN,deep
1524,06/30/2023 09:14:45,10.95,100,10.96,21344222,JEN,deep
1525,06/30/2023 09:44:45,10.9,100,10.92,21344222,JEN,deep
1526,06/30/2023 10:14:45,10.94,100,10.95,21344222,JEN,deep
1527,06/30/2023 10:44:45,10.9,100,10.92,21344222,JEN,deep
1528,06/30/2023 11:14:45,10.9,100,10.92,21344222,JEN,deep
1529,06/30/2023 11:44:45,10.9,100,10.92,21344222,JEN,deep
1530,06/30/2023 12:14:45,10.93,100,10.94,21344222,JEN,deep
1531,06/30/2023 12:44:45,10.9,100,10.92,21344222,JEN,deep
1532,06/30/2023 13:14:45,10.9,100,10.92,21344222,JEN,deep
1533,06/30/2023 13:44:45,10.92,100,10.93,21344222,JEN,deep
1534,06/30/2023 14:14:45,10.93,100,10.94,21344222,JEN,deep
1535,06/30/2023 14:44:45,10.95,100,10.96,21344222,JEN,deep
1536,06/30/2023 15:14:45,10.94,100,10.95,21344222,JEN,deep
1537,06/30/2023 15:44:45,10.94,100,10.95,21344222,JEN,deep
1538,06/30/2023 16:14:45,10.96,100,10.97,21344222,JEN,deep
1539,06/30/2023 16:44:45,10.93,100,10.94,21344222,JEN,deep
1540,06/30/2023 17:14:45,10.94,100,10.95,21344222,JEN,deep
1541,06/30/2023 17:44:45,10.93,100,10.94,21344222,JEN,deep
1542,06/30/2023 18:14:45,10.94,100,10.95,21344222,JEN,deep
1543,06/30/2023 18:44:45,10.96,100,10.97,21344222,JEN,deep
1544,06/30/2023 19:14:45,10.92,100,10.93,21344222,JEN,deep
1545,06/30/2023 19:44:45,10.93,100,10.94,21344222,JEN,deep
1546,06/30/2023 20:14:45,10.93,100,10.94,21344222,JEN,deep
1547,06/30/2023 20:44:45,10.94,100,10.95,21344222,JEN,deep
1548,06/30/2023 21:14:45,10.95,100,10.96,21344222,JEN,deep
1549,06/30/2023 21:44:45,10.95,100,10.96,21344222,JEN,deep
1550,06/30/2023 22:14:45,10.93,100,10.94,21344222,JEN,deep
1551,06/30/2023 22:44:45,10.99,100,11,21344222,JEN,deep
1552,06/30/2023 23:14:45,10.93,100,10.94,21344222,JEN,deep
1553,06/30/2023 23:44:45,10.9,100,10.92,21344222,JEN,deep
1554,7/1/2023 0:14,10.95,100,10.96,21344222,JEN,deep
1555,7/1/2023 0:44,10.95,100,10.96,21344222,JEN,deep
1556,7/1/2023 1:14,10.96,100,10.97,21344222,JEN,deep
1557,7/1/2023 1:44,10.93,100,10.94,21344222,JEN,deep
1558,7/1/2023 2:14,10.95,100,10.96,21344222,JEN,deep
1559,7/1/2023 2:44,10.93,100,10.94,21344222,JEN,deep
1560,7/1/2023 3:14,10.96,100,10.97,21344222,JEN,deep
1561,7/1/2023 3:44,10.95,100,10.96,21344222,JEN,deep
1562,7/1/2023 4:14,10.95,100,10.96,21344222,JEN,deep
1563,7/1/2023 4:44,10.92,100,10.93,21344222,JEN,deep
1564,7/1/2023 5:14,10.95,100,10.96,21344222,JEN,deep
1565,7/1/2023 5:44,10.95,100,10.96,21344222,JEN,deep
1566,7/1/2023 6:14,10.93,100,10.94,21344222,JEN,deep
1567,7/1/2023 6:44,10.97,100,10.98,21344222,JEN,deep
1568,7/1/2023 7:14,10.92,100,10.93,21344222,JEN,deep
1569,7/1/2023 7:44,10.94,100,10.95,21344222,JEN,deep
1570,7/1/2023 8:14,10.94,100,10.95,21344222,JEN,deep
1571,7/1/2023 8:44,10.94,100,10.95,21344222,JEN,deep
1572,7/1/2023 9:14,10.93,100,10.94,21344222,JEN,deep
1573,7/1/2023 9:44,10.94,100,10.95,21344222,JEN,deep
1574,7/1/2023 10:14,10.94,100,10.95,21344222,JEN,deep
1575,7/1/2023 10:44,10.93,100,10.94,21344222,JEN,deep
1576,7/1/2023 11:14,10.95,100,10.96,21344222,JEN,deep
1577,7/1/2023 11:44,10.94,100,10.95,21344222,JEN,deep
1578,7/1/2023 12:14,10.96,100,10.97,21344222,JEN,deep
1579,7/1/2023 12:44,10.95,100,10.96,21344222,JEN,deep
1580,7/1/2023 13:14,10.96,100,10.97,21344222,JEN,deep
1581,7/1/2023 13:44,10.93,100,10.94,21344222,JEN,deep
1582,7/1/2023 14:14,10.96,100,10.97,21344222,JEN,deep
1583,7/1/2023 14:44,10.98,100,10.99,21344222,JEN,deep
1584,7/1/2023 15:14,10.94,100,10.95,21344222,JEN,deep
1585,7/1/2023 15:44,10.97,100,10.98,21344222,JEN,deep
1586,7/1/2023 16:14,10.95,100,10.96,21344222,JEN,deep
1587,7/1/2023 16:44,10.94,100,10.95,21344222,JEN,deep
1588,7/1/2023 17:14,10.93,100,10.94,21344222,JEN,deep
1589,7/1/2023 17:44,10.95,100,10.96,21344222,JEN,deep
1590,7/1/2023 18:14,10.97,100,10.98,21344222,JEN,deep
1591,7/1/2023 18:44,10.93,100,10.94,21344222,JEN,deep
1592,7/1/2023 19:14,10.95,100,10.96,21344222,JEN,deep
1593,7/1/2023 19:44,10.94,100,10.95,21344222,JEN,deep
1594,7/1/2023 20:14,10.94,100,10.95,21344222,JEN,deep
1595,7/1/2023 20:44,10.93,100,10.94,21344222,JEN,deep
1596,7/1/2023 21:14,10.95,100,10.96,21344222,JEN,deep
1597,7/1/2023 21:44,10.96,100,10.97,21344222,JEN,deep
1598,7/1/2023 22:14,10.95,100,10.96,21344222,JEN,deep
1599,7/1/2023 22:44,10.94,100,10.95,21344222,JEN,deep
1600,7/1/2023 23:14,10.92,100,10.93,21344222,JEN,deep
1601,7/1/2023 23:44,10.96,100,10.97,21344222,JEN,deep
1602,7/2/2023 0:14,10.93,100,10.94,21344222,JEN,deep
1603,7/2/2023 0:44,10.95,100,10.96,21344222,JEN,deep
1604,7/2/2023 1:14,10.9,100,10.92,21344222,JEN,deep
1605,7/2/2023 1:44,10.9,100,10.92,21344222,JEN,deep
1606,7/2/2023 2:14,10.93,100,10.94,21344222,JEN,deep
1607,7/2/2023 2:44,10.93,100,10.94,21344222,JEN,deep
1608,7/2/2023 3:14,10.93,100,10.94,21344222,JEN,deep
1609,7/2/2023 3:44,10.94,100,10.95,21344222,JEN,deep
1610,7/2/2023 4:14,10.9,100,10.92,21344222,JEN,deep
1611,7/2/2023 4:44,10.95,100,10.96,21344222,JEN,deep
1612,7/2/2023 5:14,10.9,100,10.92,21344222,JEN,deep
1613,7/2/2023 5:44,10.87,100,10.88,21344222,JEN,deep
1614,7/2/2023 6:14,10.92,100,10.93,21344222,JEN,deep
1615,7/2/2023 6:44,10.9,99.99,10.92,21344222,JEN,deep
1616,7/2/2023 7:14,10.93,100,10.94,21344222,JEN,deep
1617,7/2/2023 7:44,10.89,100,10.91,21344222,JEN,deep
1618,7/2/2023 8:14,10.9,100,10.92,21344222,JEN,deep
1619,7/2/2023 8:44,10.88,100,10.9,21344222,JEN,deep
1620,7/2/2023 9:14,10.9,100,10.92,21344222,JEN,deep
1621,7/2/2023 9:44,10.87,100,10.88,21344222,JEN,deep
1622,7/2/2023 10:14,10.88,100,10.9,21344222,JEN,deep
1623,7/2/2023 10:44,10.89,100,10.91,21344222,JEN,deep
1624,7/2/2023 11:14,10.89,100,10.91,21344222,JEN,deep
1625,7/2/2023 11:44,10.89,100,10.91,21344222,JEN,deep
1626,7/2/2023 12:14,10.93,100,10.94,21344222,JEN,deep
1627,7/2/2023 12:44,10.9,100,10.92,21344222,JEN,deep
1628,7/2/2023 13:14,10.9,100,10.92,21344222,JEN,deep
1629,7/2/2023 13:44,10.94,100,10.95,21344222,JEN,deep
1630,7/2/2023 14:14,10.9,100,10.92,21344222,JEN,deep
1631,7/2/2023 14:44,10.9,100,10.92,21344222,JEN,deep
1632,7/2/2023 15:14,10.89,100,10.91,21344222,JEN,deep
1633,7/2/2023 15:44,10.89,100,10.91,21344222,JEN,deep
1634,7/2/2023 16:14,10.88,100,10.9,21344222,JEN,deep
1635,7/2/2023 16:44,10.93,100,10.94,21344222,JEN,deep
1636,7/2/2023 17:14,10.93,100,10.94,21344222,JEN,deep
1637,7/2/2023 17:44,10.95,100,10.96,21344222,JEN,deep
1638,7/2/2023 18:14,10.94,100,10.95,21344222,JEN,deep
1639,7/2/2023 18:44,10.93,100,10.94,21344222,JEN,deep
1640,7/2/2023 19:14,10.93,100,10.94,21344222,JEN,deep
1641,7/2/2023 19:44,10.93,100,10.94,21344222,JEN,deep
1642,7/2/2023 20:14,10.93,100,10.94,21344222,JEN,deep
1643,7/2/2023 20:44,10.93,100,10.94,21344222,JEN,deep
1644,7/2/2023 21:14,10.95,100,10.96,21344222,JEN,deep
1645,7/2/2023 21:44,10.92,100,10.93,21344222,JEN,deep
1646,7/2/2023 22:14,10.92,100,10.93,21344222,JEN,deep
1647,7/2/2023 22:44,10.93,100,10.94,21344222,JEN,deep
1648,7/2/2023 23:14,10.92,100,10.93,21344222,JEN,deep
1649,7/2/2023 23:44,10.93,100,10.94,21344222,JEN,deep
1650,7/3/2023 0:14,10.9,100,10.92,21344222,JEN,deep
1651,7/3/2023 0:44,10.94,100,10.95,21344222,JEN,deep
1652,7/3/2023 1:14,10.93,100,10.94,21344222,JEN,deep
1653,7/3/2023 1:44,10.89,100,10.91,21344222,JEN,deep
1654,7/3/2023 2:14,10.89,100,10.91,21344222,JEN,deep
1655,7/3/2023 2:44,10.89,100,10.91,21344222,JEN,deep
1656,7/3/2023 3:14,10.88,100,10.9,21344222,JEN,deep
1657,7/3/2023 3:44,10.9,100,10.92,21344222,JEN,deep
1658,7/3/2023 4:14,10.89,100,10.91,21344222,JEN,deep
1659,7/3/2023 4:44,10.89,100,10.91,21344222,JEN,deep
1660,7/3/2023 5:14,10.88,100,10.9,21344222,JEN,deep
1661,7/3/2023 5:44,10.88,100,10.9,21344222,JEN,deep
1662,7/3/2023 6:14,10.9,100,10.92,21344222,JEN,deep
1663,7/3/2023 6:44,10.9,100,10.92,21344222,JEN,deep
1664,7/3/2023 7:14,10.9,100,10.92,21344222,JEN,deep
1665,7/3/2023 7:44,10.94,100,10.95,21344222,JEN,deep
1666,7/3/2023 8:14,10.93,100,10.94,21344222,JEN,deep
1667,7/3/2023 8:44,10.9,100,10.92,21344222,JEN,deep
1668,7/3/2023 9:14,10.93,100,10.94,21344222,JEN,deep
1669,7/3/2023 9:44,10.9,100,10.92,21344222,JEN,deep
1670,7/3/2023 10:14,10.9,100,10.92,21344222,JEN,deep
1671,7/3/2023 10:44,10.96,100,10.97,21344222,JEN,deep
1672,7/3/2023 11:14,10.94,100,10.95,21344222,JEN,deep
1673,7/3/2023 11:44,10.95,100,10.96,21344222,JEN,deep
1674,7/3/2023 12:14,10.95,100,10.96,21344222,JEN,deep
1675,7/3/2023 12:44,10.9,100,10.92,21344222,JEN,deep
1676,7/3/2023 13:14,10.9,100,10.92,21344222,JEN,deep
1677,7/3/2023 13:44,10.94,100,10.95,21344222,JEN,deep
1678,7/3/2023 14:14,10.9,100,10.92,21344222,JEN,deep
1679,7/3/2023 14:44,10.9,100,10.92,21344222,JEN,deep
1680,7/3/2023 15:14,10.92,100,10.93,21344222,JEN,deep
1681,7/3/2023 15:44,10.94,100,10.95,21344222,JEN,deep
1682,7/3/2023 16:14,10.94,100,10.95,21344222,JEN,deep
1683,7/3/2023 16:44,10.94,100,10.95,21344222,JEN,deep
1684,7/3/2023 17:14,10.93,100,10.94,21344222,JEN,deep
1685,7/3/2023 17:44,10.93,100,10.94,21344222,JEN,deep
1686,7/3/2023 18:14,10.97,100,10.98,21344222,JEN,deep
1687,7/3/2023 18:44,10.94,100,10.95,21344222,JEN,deep
1688,7/3/2023 19:14,10.93,100,10.94,21344222,JEN,deep
1689,7/3/2023 19:44,10.96,100,10.97,21344222,JEN,deep
1690,7/3/2023 20:14,10.96,100,10.97,21344222,JEN,deep
1691,7/3/2023 20:44,10.96,100,10.97,21344222,JEN,deep
1692,7/3/2023 21:14,10.94,100,10.95,21344222,JEN,deep
1693,7/3/2023 21:44,10.92,100,10.93,21344222,JEN,deep
1694,7/3/2023 22:14,10.94,100,10.95,21344222,JEN,deep
1695,7/3/2023 22:44,10.95,100,10.96,21344222,JEN,deep
1696,7/3/2023 23:14,10.93,100,10.94,21344222,JEN,deep
1697,7/3/2023 23:44,10.95,100,10.96,21344222,JEN,deep
1698,7/4/2023 0:14,10.93,100,10.94,21344222,JEN,deep
1699,7/4/2023 0:44,10.95,100,10.96,21344222,JEN,deep
1700,7/4/2023 1:14,10.92,100,10.93,21344222,JEN,deep
1701,7/4/2023 1:44,10.95,100,10.96,21344222,JEN,deep
1702,7/4/2023 2:14,10.95,100,10.96,21344222,JEN,deep
1703,7/4/2023 2:44,10.94,100,10.95,21344222,JEN,deep
1704,7/4/2023 3:14,10.95,100,10.96,21344222,JEN,deep
1705,7/4/2023 3:44,10.9,100,10.92,21344222,JEN,deep
1706,7/4/2023 4:14,10.95,100,10.96,21344222,JEN,deep
1707,7/4/2023 4:44,10.94,100,10.95,21344222,JEN,deep
1708,7/4/2023 5:14,10.93,100,10.94,21344222,JEN,deep
1709,7/4/2023 5:44,10.97,100,10.98,21344222,JEN,deep
1710,7/4/2023 6:14,10.96,100,10.97,21344222,JEN,deep
1711,7/4/2023 6:44,10.93,100,10.94,21344222,JEN,deep
1712,7/4/2023 7:14,10.95,100,10.96,21344222,JEN,deep
1713,7/4/2023 7:44,10.93,100,10.94,21344222,JEN,deep
1714,7/4/2023 8:14,10.95,100,10.96,21344222,JEN,deep
1715,7/4/2023 8:44,10.98,100,10.99,21344222,JEN,deep
1716,7/4/2023 9:14,10.95,100,10.96,21344222,JEN,deep
1717,7/4/2023 9:44,10.93,100,10.94,21344222,JEN,deep
1718,7/4/2023 10:14,10.94,100,10.95,21344222,JEN,deep
1719,7/4/2023 10:44,10.95,100,10.96,21344222,JEN,deep
1720,7/4/2023 11:14,10.95,100,10.96,21344222,JEN,deep
1721,7/4/2023 11:44,10.93,100,10.94,21344222,JEN,deep
1722,7/4/2023 12:14,10.97,100,10.98,21344222,JEN,deep
1723,7/4/2023 12:44,10.94,100,10.95,21344222,JEN,deep
1724,7/4/2023 13:14,10.93,100,10.94,21344222,JEN,deep
1725,7/4/2023 13:44,10.94,100,10.95,21344222,JEN,deep
1726,7/4/2023 14:14,10.94,100,10.95,21344222,JEN,deep
1727,7/4/2023 14:44,10.93,100,10.94,21344222,JEN,deep
1728,7/4/2023 15:14,10.94,100,10.95,21344222,JEN,deep
1729,7/4/2023 15:44,10.96,100,10.97,21344222,JEN,deep
1730,7/4/2023 16:14,10.93,100,10.94,21344222,JEN,deep
1731,7/4/2023 16:44,10.96,100,10.97,21344222,JEN,deep
1732,7/4/2023 17:14,10.93,100,10.94,21344222,JEN,deep
1733,7/4/2023 17:44,10.94,100,10.95,21344222,JEN,deep
1734,7/4/2023 18:14,10.97,100,10.98,21344222,JEN,deep
1735,7/4/2023 18:44,10.95,100,10.96,21344222,JEN,deep
1736,7/4/2023 19:14,10.96,100,10.97,21344222,JEN,deep
1737,7/4/2023 19:44,10.97,100,10.98,21344222,JEN,deep
1738,7/4/2023 20:14,10.95,100,10.96,21344222,JEN,deep
1739,7/4/2023 20:44,10.95,100,10.96,21344222,JEN,deep
1740,7/4/2023 21:14,10.96,100,10.97,21344222,JEN,deep
1741,7/4/2023 21:44,10.9,100,10.92,21344222,JEN,deep
1742,7/4/2023 22:14,10.93,100,10.94,21344222,JEN,deep
1743,7/4/2023 22:44,10.95,100,10.96,21344222,JEN,deep
1744,7/4/2023 23:14,10.94,100,10.95,21344222,JEN,deep
1745,7/4/2023 23:44,10.94,100,10.95,21344222,JEN,deep
1746,7/5/2023 0:14,10.92,100,10.93,21344222,JEN,deep
1747,7/5/2023 0:44,10.94,100,10.95,21344222,JEN,deep
1748,7/5/2023 1:14,10.95,100,10.96,21344222,JEN,deep
1749,7/5/2023 1:44,10.93,100,10.94,21344222,JEN,deep
1750,7/5/2023 2:14,10.95,100,10.96,21344222,JEN,deep
1751,7/5/2023 2:44,10.96,100,10.97,21344222,JEN,deep
1752,7/5/2023 3:14,10.94,100,10.95,21344222,JEN,deep
1753,7/5/2023 3:44,10.94,100,10.95,21344222,JEN,deep
1754,7/5/2023 4:14,10.95,100,10.96,21344222,JEN,deep
1755,7/5/2023 4:44,10.94,100,10.95,21344222,JEN,deep
1756,7/5/2023 5:14,10.96,100,10.97,21344222,JEN,deep
1757,7/5/2023 5:44,10.93,100,10.94,21344222,JEN,deep
1758,7/5/2023 6:14,10.96,100,10.97,21344222,JEN,deep
1759,7/5/2023 6:44,10.94,100,10.95,21344222,JEN,deep
1760,7/5/2023 7:14,10.93,100,10.94,21344222,JEN,deep
1761,7/5/2023 7:44,10.93,100,10.94,21344222,JEN,deep
1762,7/5/2023 8:14,10.93,100,10.94,21344222,JEN,deep
1763,7/5/2023 8:44,10.94,100,10.95,21344222,JEN,deep
1764,7/5/2023 9:14,10.96,100,10.97,21344222,JEN,deep
1765,7/5/2023 9:44,10.94,100,10.95,21344222,JEN,deep
1766,7/5/2023 10:14,10.97,100,10.98,21344222,JEN,deep
1767,7/5/2023 10:44,10.93,100,10.94,21344222,JEN,deep
1768,7/5/2023 11:14,10.93,100,10.94,21344222,JEN,deep
1769,7/5/2023 11:44,10.94,100,10.95,21344222,JEN,deep
1770,7/5/2023 12:14,10.96,100,10.97,21344222,JEN,deep
1771,7/5/2023 12:44,10.93,100,10.94,21344222,JEN,deep
1772,7/5/2023 13:14,10.95,100,10.96,21344222,JEN,deep
1773,7/5/2023 13:44,10.96,100,10.97,21344222,JEN,deep
1774,7/5/2023 14:14,10.94,100,10.95,21344222,JEN,deep
1775,7/5/2023 14:44,10.95,100,10.96,21344222,JEN,deep
1776,7/5/2023 15:14,10.93,100,10.94,21344222,JEN,deep
1777,7/5/2023 15:44,10.94,100,10.95,21344222,JEN,deep
1778,7/5/2023 16:14,10.93,100,10.94,21344222,JEN,deep
1779,7/5/2023 16:44,10.97,100,10.98,21344222,JEN,deep
1780,7/5/2023 17:14,10.94,100,10.95,21344222,JEN,deep
1781,7/5/2023 17:44,10.93,100,10.94,21344222,JEN,deep
1782,7/5/2023 18:14,10.93,100,10.94,21344222,JEN,deep
1783,7/5/2023 18:44,10.96,100,10.97,21344222,JEN,deep
1784,7/5/2023 19:14,10.95,100,10.96,21344222,JEN,deep
1785,7/5/2023 19:44,10.93,100,10.94,21344222,JEN,deep
1786,7/5/2023 20:14,10.94,100,10.95,21344222,JEN,deep
1787,7/5/2023 20:44,10.94,100,10.95,21344222,JEN,deep
1788,7/5/2023 21:14,10.93,100,10.94,21344222,JEN,deep
1789,7/5/2023 21:44,10.94,100,10.95,21344222,JEN,deep
1790,7/5/2023 22:14,10.93,100,10.94,21344222,JEN,deep
1791,7/5/2023 22:44,10.96,100,10.97,21344222,JEN,deep
1792,7/5/2023 23:14,10.95,100,10.96,21344222,JEN,deep
1793,7/5/2023 23:44,10.96,100,10.97,21344222,JEN,deep
1794,7/6/2023 0:14,10.93,100,10.94,21344222,JEN,deep
1795,7/6/2023 0:44,10.96,100,10.97,21344222,JEN,deep
1796,7/6/2023 1:14,10.97,100,10.98,21344222,JEN,deep
1797,7/6/2023 1:44,10.95,100,10.96,21344222,JEN,deep
1798,7/6/2023 2:14,10.95,100,10.96,21344222,JEN,deep
1799,7/6/2023 2:44,10.93,100,10.94,21344222,JEN,deep
1800,7/6/2023 3:14,10.96,100,10.97,21344222,JEN,deep
1801,7/6/2023 3:44,10.96,100,10.97,21344222,JEN,deep
1802,7/6/2023 4:14,10.97,100,10.98,21344222,JEN,deep
1803,7/6/2023 4:44,10.96,100,10.97,21344222,JEN,deep
1804,7/6/2023 5:14,10.96,100,10.97,21344222,JEN,deep
1805,7/6/2023 5:44,10.94,100,10.95,21344222,JEN,deep
1806,7/6/2023 6:14,10.93,100,10.94,21344222,JEN,deep
1807,7/6/2023 6:44,10.95,100,10.96,21344222,JEN,deep
1808,7/6/2023 7:14,10.94,100,10.95,21344222,JEN,deep
1809,7/6/2023 7:44,10.94,100,10.95,21344222,JEN,deep
1810,7/6/2023 8:14,10.95,100,10.96,21344222,JEN,deep
1811,7/6/2023 8:44,10.95,100,10.96,21344222,JEN,deep
1812,7/6/2023 9:14,10.95,100,10.96,21344222,JEN,deep
1813,7/6/2023 9:44,10.95,100,10.96,21344222,JEN,deep
1814,7/6/2023 10:14,10.95,100,10.96,21344222,JEN,deep
1815,7/6/2023 10:44,10.97,100,10.98,21344222,JEN,deep
1816,7/6/2023 11:14,10.97,100,10.98,21344222,JEN,deep
1817,7/6/2023 11:44,10.95,100,10.96,21344222,JEN,deep
1818,7/6/2023 12:14,10.93,100,10.94,21344222,JEN,deep
1819,7/6/2023 12:44,10.96,100,10.97,21344222,JEN,deep
1820,7/6/2023 13:14,10.94,100,10.95,21344222,JEN,deep
1821,7/6/2023 13:44,10.96,100,10.97,21344222,JEN,deep
1822,7/6/2023 14:14,10.95,100,10.96,21344222,JEN,deep
1823,7/6/2023 14:44,10.96,100,10.97,21344222,JEN,deep
1824,7/6/2023 15:14,10.93,100,10.94,21344222,JEN,deep
1825,7/6/2023 15:44,10.93,100,10.94,21344222,JEN,deep
1826,7/6/2023 16:14,10.93,100,10.94,21344222,JEN,deep
1827,7/6/2023 16:44,10.93,100,10.94,21344222,JEN,deep
1828,7/6/2023 17:14,10.93,100,10.94,21344222,JEN,deep
1829,7/6/2023 17:44,10.94,100,10.95,21344222,JEN,deep
1830,7/6/2023 18:14,10.95,100,10.96,21344222,JEN,deep
1831,7/6/2023 18:44,10.95,100,10.96,21344222,JEN,deep
1832,7/6/2023 19:14,10.94,100,10.95,21344222,JEN,deep
1833,7/6/2023 19:44,10.94,100,10.95,21344222,JEN,deep
1834,7/6/2023 20:14,10.94,100,10.95,21344222,JEN,deep
1835,7/6/2023 20:44,10.95,100,10.96,21344222,JEN,deep
1836,7/6/2023 21:14,10.98,100,10.99,21344222,JEN,deep
1837,7/6/2023 21:44,10.95,100,10.96,21344222,JEN,deep
1838,7/6/2023 22:14,10.94,100,10.95,21344222,JEN,deep
1839,7/6/2023 22:44,10.95,100,10.96,21344222,JEN,deep
1840,7/6/2023 23:14,10.93,100,10.94,21344222,JEN,deep
1841,7/6/2023 23:44,10.92,100,10.93,21344222,JEN,deep
1842,7/7/2023 0:14,10.97,100,10.98,21344222,JEN,deep
1843,7/7/2023 0:44,10.93,100,10.94,21344222,JEN,deep
1844,7/7/2023 1:14,10.94,100,10.95,21344222,JEN,deep
1845,7/7/2023 1:44,10.98,100,10.99,21344222,JEN,deep
1846,7/7/2023 2:14,10.93,100,10.94,21344222,JEN,deep
1847,7/7/2023 2:44,10.95,100,10.96,21344222,JEN,deep
1848,7/7/2023 3:14,10.93,100,10.94,21344222,JEN,deep
1849,7/7/2023 3:44,10.93,100,10.94,21344222,JEN,deep
1850,7/7/2023 4:14,10.95,100,10.96,21344222,JEN,deep
1851,7/7/2023 4:44,10.97,100,10.98,21344222,JEN,deep
1852,7/7/2023 5:14,10.93,100,10.94,21344222,JEN,deep
1853,7/7/2023 5:44,10.95,100,10.96,21344222,JEN,deep
1854,7/7/2023 6:14,10.93,100,10.94,21344222,JEN,deep
1855,7/7/2023 6:44,10.93,100,10.94,21344222,JEN,deep
1856,7/7/2023 7:14,10.9,100,10.92,21344222,JEN,deep
1857,7/7/2023 7:44,10.95,100,10.96,21344222,JEN,deep
1858,7/7/2023 8:14,10.93,100,10.94,21344222,JEN,deep
1859,7/7/2023 8:44,10.93,100,10.94,21344222,JEN,deep
1860,7/7/2023 9:14,10.93,100,10.94,21344222,JEN,deep
1861,7/7/2023 9:44,10.94,100,10.95,21344222,JEN,deep
1862,7/7/2023 10:14,10.9,100,10.92,21344222,JEN,deep
1863,7/7/2023 10:44,10.95,100,10.96,21344222,JEN,deep
1864,7/7/2023 11:14,10.93,100,10.94,21344222,JEN,deep
1865,7/7/2023 11:44,10.9,100,10.92,21344222,JEN,deep
1866,7/7/2023 12:14,10.93,100,10.94,21344222,JEN,deep
1867,7/7/2023 12:44,10.93,100,10.94,21344222,JEN,deep
1868,7/7/2023 13:14,10.94,100,10.95,21344222,JEN,deep
1869,7/7/2023 13:44,10.95,100,10.96,21344222,JEN,deep
1870,7/7/2023 14:14,10.94,100,10.95,21344222,JEN,deep
1871,7/7/2023 14:44,10.92,100,10.93,21344222,JEN,deep
1872,7/7/2023 15:14,10.94,100,10.95,21344222,JEN,deep
1873,7/7/2023 15:44,10.93,100,10.94,21344222,JEN,deep
1874,7/7/2023 16:14,10.9,100,10.92,21344222,JEN,deep
1875,7/7/2023 16:44,10.94,100,10.95,21344222,JEN,deep
1876,7/7/2023 17:14,10.94,100,10.95,21344222,JEN,deep
1877,7/7/2023 17:44,10.96,100,10.97,21344222,JEN,deep
1878,7/7/2023 18:14,10.94,100,10.95,21344222,JEN,deep
1879,7/7/2023 18:44,10.93,100,10.94,21344222,JEN,deep
1880,7/7/2023 19:14,10.93,100,10.94,21344222,JEN,deep
1881,7/7/2023 19:44,10.9,100,10.92,21344222,JEN,deep
1882,7/7/2023 20:14,10.9,100,10.92,21344222,JEN,deep
1883,7/7/2023 20:44,10.94,100,10.95,21344222,JEN,deep
1884,7/7/2023 21:14,10.9,100,10.92,21344222,JEN,deep
1885,7/7/2023 21:44,10.9,100,10.92,21344222,JEN,deep
1886,7/7/2023 22:14,10.94,100,10.95,21344222,JEN,deep
1887,7/7/2023 22:44,10.93,100,10.94,21344222,JEN,deep
1888,7/7/2023 23:14,10.94,100,10.95,21344222,JEN,deep
1889,7/7/2023 23:44,10.96,100,10.97,21344222,JEN,deep
1890,7/8/2023 0:14,10.95,100,10.96,21344222,JEN,deep
1891,7/8/2023 0:44,10.93,100,10.94,21344222,JEN,deep
1892,7/8/2023 1:14,10.94,100,10.95,21344222,JEN,deep
1893,7/8/2023 1:44,10.93,100,10.94,21344222,JEN,deep
1894,7/8/2023 2:14,10.95,100,10.96,21344222,JEN,deep
1895,7/8/2023 2:44,10.89,100,10.91,21344222,JEN,deep
1896,7/8/2023 3:14,10.94,100,10.95,21344222,JEN,deep
1897,7/8/2023 3:44,10.93,100,10.94,21344222,JEN,deep
1898,7/8/2023 4:14,10.93,100,10.94,21344222,JEN,deep
1899,7/8/2023 4:44,10.93,100,10.94,21344222,JEN,deep
1900,7/8/2023 5:14,10.95,100,10.96,21344222,JEN,deep
1901,7/8/2023 5:44,10.93,100,10.94,21344222,JEN,deep
1902,7/8/2023 6:14,10.93,100,10.94,21344222,JEN,deep
1903,7/8/2023 6:44,10.96,100,10.97,21344222,JEN,deep
1904,7/8/2023 7:14,10.93,100,10.94,21344222,JEN,deep
1905,7/8/2023 7:44,10.93,100,10.94,21344222,JEN,deep
1906,7/8/2023 8:14,10.92,100,10.93,21344222,JEN,deep
1907,7/8/2023 8:44,10.9,100,10.92,21344222,JEN,deep
1908,7/8/2023 9:14,10.92,100,10.93,21344222,JEN,deep
1909,7/8/2023 9:44,10.93,100,10.94,21344222,JEN,deep
1910,7/8/2023 10:14,10.89,100,10.91,21344222,JEN,deep
1911,7/8/2023 10:44,10.93,100,10.94,21344222,JEN,deep
1912,7/8/2023 11:14,10.93,100,10.94,21344222,JEN,deep
1913,7/8/2023 11:44,10.9,100,10.92,21344222,JEN,deep
1914,7/8/2023 12:14,10.96,100,10.97,21344222,JEN,deep
1915,7/8/2023 12:44,10.93,100,10.94,21344222,JEN,deep
1916,7/8/2023 13:14,10.92,100,10.93,21344222,JEN,deep
1917,7/8/2023 13:44,10.9,100,10.92,21344222,JEN,deep
1918,7/8/2023 14:14,10.89,100,10.91,21344222,JEN,deep
1919,7/8/2023 14:44,10.95,100,10.96,21344222,JEN,deep
1920,7/8/2023 15:14,10.9,100,10.92,21344222,JEN,deep
1921,7/8/2023 15:44,10.94,100,10.95,21344222,JEN,deep
1922,7/8/2023 16:14,10.93,100,10.94,21344222,JEN,deep
1923,7/8/2023 16:44,10.94,100,10.95,21344222,JEN,deep
1924,7/8/2023 17:14,10.9,100,10.92,21344222,JEN,deep
1925,7/8/2023 17:44,10.9,100,10.92,21344222,JEN,deep
1926,7/8/2023 18:14,10.95,100,10.96,21344222,JEN,deep
1927,7/8/2023 18:44,10.93,100,10.94,21344222,JEN,deep
1928,7/8/2023 19:14,10.95,100,10.96,21344222,JEN,deep
1929,7/8/2023 19:44,10.93,100,10.94,21344222,JEN,deep
1930,7/8/2023 20:14,10.94,100,10.95,21344222,JEN,deep
1931,7/8/2023 20:44,10.9,100,10.92,21344222,JEN,deep
1932,7/8/2023 21:14,10.93,100,10.94,21344222,JEN,deep
1933,7/8/2023 21:44,10.94,100,10.95,21344222,JEN,deep
1934,7/8/2023 22:14,10.92,100,10.93,21344222,JEN,deep
1935,7/8/2023 22:44,10.96,100,10.97,21344222,JEN,deep
1936,7/8/2023 23:14,10.94,100,10.95,21344222,JEN,deep
1937,7/8/2023 23:44,10.94,100,10.95,21344222,JEN,deep
1938,7/9/2023 0:14,10.95,100,10.96,21344222,JEN,deep
1939,7/9/2023 0:44,10.95,100,10.96,21344222,JEN,deep
1940,7/9/2023 1:14,10.94,100,10.95,21344222,JEN,deep
1941,7/9/2023 1:44,10.94,100,10.95,21344222,JEN,deep
1942,7/9/2023 2:14,10.94,100,10.95,21344222,JEN,deep
1943,7/9/2023 2:44,10.93,100,10.94,21344222,JEN,deep
1944,7/9/2023 3:14,10.93,100,10.94,21344222,JEN,deep
1945,7/9/2023 3:44,10.89,100,10.91,21344222,JEN,deep
1946,7/9/2023 4:14,10.92,100,10.93,21344222,JEN,deep
1947,7/9/2023 4:44,10.94,100,10.95,21344222,JEN,deep
1948,7/9/2023 5:14,10.9,100,10.92,21344222,JEN,deep
1949,7/9/2023 5:44,10.94,100,10.95,21344222,JEN,deep
1950,7/9/2023 6:14,10.97,100,10.98,21344222,JEN,deep
1951,7/9/2023 6:44,10.95,100,10.96,21344222,JEN,deep
1952,7/9/2023 7:14,10.94,100,10.95,21344222,JEN,deep
1953,7/9/2023 7:44,10.9,100,10.92,21344222,JEN,deep
1954,7/9/2023 8:14,10.95,100,10.96,21344222,JEN,deep
1955,7/9/2023 8:44,10.93,100,10.94,21344222,JEN,deep
1956,7/9/2023 9:14,10.89,100,10.91,21344222,JEN,deep
1957,7/9/2023 9:44,10.95,100,10.96,21344222,JEN,deep
1958,7/9/2023 10:14,10.94,100,10.95,21344222,JEN,deep
1959,7/9/2023 10:44,10.94,100,10.95,21344222,JEN,deep
1960,7/9/2023 11:14,10.94,100,10.95,21344222,JEN,deep
1961,7/9/2023 11:44,10.94,100,10.95,21344222,JEN,deep
1962,7/9/2023 12:14,10.9,100,10.92,21344222,JEN,deep
1963,7/9/2023 12:44,10.93,100,10.94,21344222,JEN,deep
1964,7/9/2023 13:14,10.94,100,10.95,21344222,JEN,deep
1965,7/9/2023 13:44,10.93,100,10.94,21344222,JEN,deep
1966,7/9/2023 14:14,10.94,100,10.95,21344222,JEN,deep
1967,7/9/2023 14:44,10.96,100,10.97,21344222,JEN,deep
1968,7/9/2023 15:14,10.96,100,10.97,21344222,JEN,deep
1969,7/9/2023 15:44,10.93,100,10.94,21344222,JEN,deep
1970,7/9/2023 16:14,10.94,100,10.95,21344222,JEN,deep
1971,7/9/2023 16:44,10.9,100,10.92,21344222,JEN,deep
1972,7/9/2023 17:14,10.94,100,10.95,21344222,JEN,deep
1973,7/9/2023 17:44,10.93,100,10.94,21344222,JEN,deep
1974,7/9/2023 18:14,10.92,100,10.93,21344222,JEN,deep
1975,7/9/2023 18:44,10.94,100,10.95,21344222,JEN,deep
1976,7/9/2023 19:14,10.94,100,10.95,21344222,JEN,deep
1977,7/9/2023 19:44,10.96,100,10.97,21344222,JEN,deep
1978,7/9/2023 20:14,10.94,100,10.95,21344222,JEN,deep
1979,7/9/2023 20:44,10.94,100,10.95,21344222,JEN,deep
1980,7/9/2023 21:14,10.95,100,10.96,21344222,JEN,deep
1981,7/9/2023 21:44,10.93,100,10.94,21344222,JEN,deep
1982,7/9/2023 22:14,10.95,100,10.96,21344222,JEN,deep
1983,7/9/2023 22:44,10.94,100,10.95,21344222,JEN,deep
1984,7/9/2023 23:14,10.95,100,10.96,21344222,JEN,deep
1985,7/9/2023 23:44,10.94,100,10.95,21344222,JEN,deep
1986,7/10/2023 0:14,10.97,100,10.98,21344222,JEN,deep
1987,7/10/2023 0:44,10.93,100,10.94,21344222,JEN,deep
1988,7/10/2023 1:14,10.96,100,10.97,21344222,JEN,deep
1989,7/10/2023 1:44,10.93,100,10.94,21344222,JEN,deep
1990,7/10/2023 2:14,10.9,100,10.92,21344222,JEN,deep
1991,7/10/2023 2:44,10.97,100,10.98,21344222,JEN,deep
1992,7/10/2023 3:14,10.96,100,10.97,21344222,JEN,deep
1993,7/10/2023 3:44,10.95,100,10.96,21344222,JEN,deep
1994,7/10/2023 4:14,10.93,100,10.94,21344222,JEN,deep
1995,7/10/2023 4:44,10.94,100,10.95,21344222,JEN,deep
1996,7/10/2023 5:14,10.94,100,10.95,21344222,JEN,deep
1997,7/10/2023 5:44,10.93,100,10.94,21344222,JEN,deep
1998,7/10/2023 6:14,10.92,100,10.93,21344222,JEN,deep
1999,7/10/2023 6:44,10.93,100,10.94,21344222,JEN,deep
2000,7/10/2023 7:14,10.94,100,10.95,21344222,JEN,deep
2001,7/10/2023 7:44,10.93,100,10.94,21344222,JEN,deep
2002,7/10/2023 8:14,10.92,100,10.93,21344222,JEN,deep
2003,7/10/2023 8:44,10.94,100,10.95,21344222,JEN,deep
2004,7/10/2023 9:14,10.96,100,10.97,21344222,JEN,deep
2005,7/10/2023 9:44,10.93,100,10.94,21344222,JEN,deep
2006,7/10/2023 10:14,10.93,100,10.94,21344222,JEN,deep
2007,7/10/2023 10:44,10.9,100,10.92,21344222,JEN,deep
2008,7/10/2023 11:14,10.94,100,10.95,21344222,JEN,deep
2009,7/10/2023 11:44,10.95,100,10.96,21344222,JEN,deep
2010,7/10/2023 12:14,10.96,100,10.97,21344222,JEN,deep
2011,7/10/2023 12:44,10.94,100,10.95,21344222,JEN,deep
2012,7/10/2023 13:14,10.93,100,10.94,21344222,JEN,deep
2013,7/10/2023 13:44,10.96,100,10.97,21344222,JEN,deep
2014,7/10/2023 14:14,10.93,100,10.94,21344222,JEN,deep
2015,7/10/2023 14:44,10.94,100,10.95,21344222,JEN,deep
2016,7/10/2023 15:14,10.96,100,10.97,21344222,JEN,deep
2017,7/10/2023 15:44,10.93,100,10.94,21344222,JEN,deep
2018,7/10/2023 16:14,10.95,100,10.96,21344222,JEN,deep
2019,7/10/2023 16:44,10.93,100,10.94,21344222,JEN,deep
2020,7/10/2023 17:14,10.96,100,10.97,21344222,JEN,deep
2021,7/10/2023 17:44,10.93,100,10.94,21344222,JEN,deep
2022,7/10/2023 18:14,10.93,100,10.94,21344222,JEN,deep
2023,7/10/2023 18:44,10.93,100,10.94,21344222,JEN,deep
2024,7/10/2023 19:14,10.97,100,10.98,21344222,JEN,deep
2025,7/10/2023 19:44,10.92,100,10.93,21344222,JEN,deep
2026,7/10/2023 20:14,10.95,100,10.96,21344222,JEN,deep
2027,7/10/2023 20:44,10.94,100,10.95,21344222,JEN,deep
2028,7/10/2023 21:14,10.95,100,10.96,21344222,JEN,deep
2029,7/10/2023 21:44,10.95,100,10.96,21344222,JEN,deep
2030,7/10/2023 22:14,10.93,100,10.94,21344222,JEN,deep
2031,7/10/2023 22:44,10.93,100,10.94,21344222,JEN,deep
2032,7/10/2023 23:14,10.93,100,10.94,21344222,JEN,deep
2033,7/10/2023 23:44,10.93,100,10.94,21344222,JEN,deep
2034,7/11/2023 0:14,10.93,100,10.94,21344222,JEN,deep
2035,7/11/2023 0:44,10.93,100,10.94,21344222,JEN,deep
2036,7/11/2023 1:14,10.96,100,10.97,21344222,JEN,deep
2037,7/11/2023 1:44,10.95,100,10.96,21344222,JEN,deep
2038,7/11/2023 2:14,10.9,100,10.92,21344222,JEN,deep
2039,7/11/2023 2:44,10.93,100,10.94,21344222,JEN,deep
2040,7/11/2023 3:14,10.98,100,10.99,21344222,JEN,deep
2041,7/11/2023 3:44,10.95,100,10.96,21344222,JEN,deep
2042,7/11/2023 4:14,10.93,100,10.94,21344222,JEN,deep
2043,7/11/2023 4:44,10.93,100,10.94,21344222,JEN,deep
2044,7/11/2023 5:14,10.92,100,10.93,21344222,JEN,deep
2045,7/11/2023 5:44,10.95,100,10.96,21344222,JEN,deep
2046,7/11/2023 6:14,10.93,100,10.94,21344222,JEN,deep
2047,7/11/2023 6:44,10.95,100,10.96,21344222,JEN,deep
2048,7/11/2023 7:14,10.94,100,10.95,21344222,JEN,deep
2049,7/11/2023 7:44,10.95,100,10.96,21344222,JEN,deep
2050,7/11/2023 8:14,10.93,100,10.94,21344222,JEN,deep
2051,7/11/2023 8:44,10.95,100,10.96,21344222,JEN,deep
2052,7/11/2023 9:14,10.97,100,10.98,21344222,JEN,deep
2053,7/11/2023 9:44,10.95,100,10.96,21344222,JEN,deep
2054,7/11/2023 10:14,10.92,100,10.93,21344222,JEN,deep
2055,7/11/2023 10:44,10.93,100,10.94,21344222,JEN,deep
2056,7/11/2023 11:14,10.95,100,10.96,21344222,JEN,deep
2057,7/11/2023 11:44,10.95,100,10.96,21344222,JEN,deep
2058,7/11/2023 12:14,10.93,100,10.94,21344222,JEN,deep
2059,7/11/2023 12:44,10.95,100,10.96,21344222,JEN,deep
2060,7/11/2023 13:14,10.95,100,10.96,21344222,JEN,deep
2061,7/11/2023 13:44,10.95,100,10.96,21344222,JEN,deep
2062,7/11/2023 14:14,10.9,100,10.92,21344222,JEN,deep
2063,7/11/2023 14:44,10.96,100,10.97,21344222,JEN,deep
2064,7/11/2023 15:14,10.95,100,10.96,21344222,JEN,deep
2065,7/11/2023 15:44,10.93,100,10.94,21344222,JEN,deep
2066,7/11/2023 16:14,10.96,100,10.97,21344222,JEN,deep
2067,7/11/2023 16:44,10.94,100,10.95,21344222,JEN,deep
2068,7/11/2023 17:14,10.96,100,10.97,21344222,JEN,deep
2069,7/11/2023 17:44,10.96,100,10.97,21344222,JEN,deep
2070,7/11/2023 18:14,10.95,100,10.96,21344222,JEN,deep
2071,7/11/2023 18:44,10.95,100,10.96,21344222,JEN,deep
2072,7/11/2023 19:14,10.94,100,10.95,21344222,JEN,deep
2073,7/11/2023 19:44,10.97,100,10.98,21344222,JEN,deep
2074,7/11/2023 20:14,10.96,100,10.97,21344222,JEN,deep
2075,7/11/2023 20:44,10.93,100,10.94,21344222,JEN,deep
2076,7/11/2023 21:14,10.92,100,10.93,21344222,JEN,deep
2077,7/11/2023 21:44,10.95,100,10.96,21344222,JEN,deep
2078,7/11/2023 22:14,10.96,100,10.97,21344222,JEN,deep
2079,7/11/2023 22:44,10.95,100,10.96,21344222,JEN,deep
2080,7/11/2023 23:14,10.94,100,10.95,21344222,JEN,deep
2081,7/11/2023 23:44,10.94,100,10.95,21344222,JEN,deep
2082,7/12/2023 0:14,10.93,100,10.94,21344222,JEN,deep
2083,7/12/2023 0:44,10.93,100,10.94,21344222,JEN,deep
2084,7/12/2023 1:14,10.94,100,10.95,21344222,JEN,deep
2085,7/12/2023 1:44,10.94,100,10.95,21344222,JEN,deep
2086,7/12/2023 2:14,10.94,100,10.95,21344222,JEN,deep
2087,7/12/2023 2:44,10.93,100,10.94,21344222,JEN,deep
2088,7/12/2023 3:14,10.93,100,10.94,21344222,JEN,deep
2089,7/12/2023 3:44,10.93,100,10.94,21344222,JEN,deep
2090,7/12/2023 4:14,10.89,100,10.91,21344222,JEN,deep
2091,7/12/2023 4:44,10.87,100,10.88,21344222,JEN,deep
2092,7/12/2023 5:14,10.9,100,10.92,21344222,JEN,deep
2093,7/12/2023 5:44,10.93,100,10.94,21344222,JEN,deep
2094,7/12/2023 6:14,10.88,100,10.9,21344222,JEN,deep
2095,7/12/2023 6:44,10.88,100,10.9,21344222,JEN,deep
2096,7/12/2023 7:14,10.9,100,10.92,21344222,JEN,deep
2097,7/12/2023 7:44,10.88,100,10.9,21344222,JEN,deep
2098,7/12/2023 8:14,10.9,100,10.92,21344222,JEN,deep
2099,7/12/2023 8:44,10.9,100,10.92,21344222,JEN,deep
2100,7/12/2023 9:14,10.87,100,10.88,21344222,JEN,deep
2101,7/12/2023 9:44,10.89,100,10.91,21344222,JEN,deep
2102,7/12/2023 10:14,10.88,100,10.9,21344222,JEN,deep
2103,7/12/2023 10:44,10.9,100,10.92,21344222,JEN,deep
2104,7/12/2023 11:14,10.9,100,10.92,21344222,JEN,deep
2105,7/12/2023 11:44,10.89,100,10.91,21344222,JEN,deep
2106,7/12/2023 12:14,10.89,100,10.91,21344222,JEN,deep
2107,7/12/2023 12:44,10.93,100,10.94,21344222,JEN,deep
2108,7/12/2023 13:14,10.92,100,10.93,21344222,JEN,deep
2109,7/12/2023 13:44,10.9,100,10.92,21344222,JEN,deep
2110,7/12/2023 14:14,10.92,100,10.93,21344222,JEN,deep
2111,7/12/2023 14:44,10.89,100,10.91,21344222,JEN,deep
2112,7/12/2023 15:14,10.9,100,10.92,21344222,JEN,deep
2113,7/12/2023 15:44,10.93,100,10.94,21344222,JEN,deep
2114,7/12/2023 16:14,10.93,100,10.94,21344222,JEN,deep
2115,7/12/2023 16:44,10.93,100,10.94,21344222,JEN,deep
2116,7/12/2023 17:14,10.95,100,10.96,21344222,JEN,deep
2117,7/12/2023 17:44,10.93,100,10.94,21344222,JEN,deep
2118,7/12/2023 18:14,10.93,100,10.94,21344222,JEN,deep
2119,7/12/2023 18:44,10.94,100,10.95,21344222,JEN,deep
2120,7/12/2023 19:14,10.92,100,10.93,21344222,JEN,deep
2121,7/12/2023 19:44,10.93,100,10.94,21344222,JEN,deep
2122,7/12/2023 20:14,10.94,100,10.95,21344222,JEN,deep
2123,7/12/2023 20:44,10.89,100,10.91,21344222,JEN,deep
2124,7/12/2023 21:14,10.88,100,10.9,21344222,JEN,deep
2125,7/12/2023 21:44,10.93,100,10.94,21344222,JEN,deep
2126,7/12/2023 22:14,10.88,100,10.9,21344222,JEN,deep
2127,7/12/2023 22:44,10.92,100,10.93,21344222,JEN,deep
2128,7/12/2023 23:14,10.93,100,10.94,21344222,JEN,deep
2129,7/12/2023 23:44,10.9,100,10.92,21344222,JEN,deep
2130,07/13/2023 00:14:45,10.9,100,10.92,21344222,JEN,deep
2131,07/13/2023 00:44:45,10.94,100,10.95,21344222,JEN,deep
2132,07/13/2023 01:14:45,10.89,100,10.91,21344222,JEN,deep
2133,07/13/2023 01:44:45,10.9,100,10.92,21344222,JEN,deep
2134,07/13/2023 02:14:45,10.9,100,10.92,21344222,JEN,deep
2135,07/13/2023 02:44:45,10.9,100,10.92,21344222,JEN,deep
2136,07/13/2023 03:14:45,10.89,100,10.91,21344222,JEN,deep
2137,07/13/2023 03:44:45,10.93,100,10.94,21344222,JEN,deep
2138,07/13/2023 04:14:45,10.88,100,10.9,21344222,JEN,deep
2139,07/13/2023 04:44:45,10.89,100,10.91,21344222,JEN,deep
2140,07/13/2023 05:14:45,10.9,100,10.92,21344222,JEN,deep
2141,07/13/2023 05:44:45,10.9,100,10.92,21344222,JEN,deep
2142,07/13/2023 06:14:45,10.9,100,10.92,21344222,JEN,deep
2143,07/13/2023 06:44:45,10.89,100,10.91,21344222,JEN,deep
2144,07/13/2023 07:14:45,10.88,100,10.9,21344222,JEN,deep
2145,07/13/2023 07:44:45,10.88,100,10.9,21344222,JEN,deep
2146,07/13/2023 08:14:45,10.89,100,10.91,21344222,JEN,deep
2147,07/13/2023 08:44:45,10.9,100,10.92,21344222,JEN,deep
2148,07/13/2023 09:14:45,10.89,100,10.91,21344222,JEN,deep
2149,07/13/2023 09:44:45,10.88,100,10.9,21344222,JEN,deep
2150,07/13/2023 10:14:45,10.89,100,10.91,21344222,JEN,deep
2151,07/13/2023 10:44:45,10.93,100,10.94,21344222,JEN,deep
2152,07/13/2023 11:14:45,10.9,100,10.92,21344222,JEN,deep
2153,07/13/2023 11:44:45,10.89,100,10.91,21344222,JEN,deep
2154,07/13/2023 12:14:45,10.89,100,10.91,21344222,JEN,deep
2155,07/13/2023 12:44:45,10.92,100,10.93,21344222,JEN,deep
2156,07/13/2023 13:14:45,10.9,100,10.92,21344222,JEN,deep
2157,07/13/2023 13:44:45,10.92,100,10.93,21344222,JEN,deep
2158,07/13/2023 14:14:45,10.93,100,10.94,21344222,JEN,deep
2159,07/13/2023 14:44:45,10.93,100,10.94,21344222,JEN,deep
2160,07/13/2023 15:14:45,10.93,100,10.94,21344222,JEN,deep
2161,07/13/2023 15:44:45,10.94,100,10.95,21344222,JEN,deep
2162,07/13/2023 16:14:45,10.93,100,10.94,21344222,JEN,deep
2163,07/13/2023 16:44:45,10.94,100,10.95,21344222,JEN,deep
2164,07/13/2023 17:14:45,10.92,100,10.93,21344222,JEN,deep
2165,07/13/2023 17:44:45,10.9,100,10.92,21344222,JEN,deep
2166,07/13/2023 18:14:45,10.94,100,10.95,21344222,JEN,deep
2167,07/13/2023 18:44:45,10.92,100,10.93,21344222,JEN,deep
2168,07/13/2023 19:14:45,10.94,100,10.95,21344222,JEN,deep
2169,07/13/2023 19:44:45,10.92,100,10.93,21344222,JEN,deep
2170,07/13/2023 20:14:45,10.93,100,10.94,21344222,JEN,deep
2171,07/13/2023 20:44:45,10.9,100,10.92,21344222,JEN,deep
2172,07/13/2023 21:14:45,10.92,100,10.93,21344222,JEN,deep
2173,07/13/2023 21:44:45,10.93,100,10.94,21344222,JEN,deep
2174,07/13/2023 22:14:45,10.9,100,10.92,21344222,JEN,deep
2175,07/13/2023 22:44:45,10.93,100,10.94,21344222,JEN,deep
2176,07/13/2023 23:14:45,10.9,100,10.92,21344222,JEN,deep
2177,07/13/2023 23:44:45,10.94,100,10.95,21344222,JEN,deep
2178,07/14/2023 00:14:45,10.93,100,10.94,21344222,JEN,deep
2179,07/14/2023 00:44:45,10.93,100,10.94,21344222,JEN,deep
2180,07/14/2023 01:14:45,10.94,100,10.95,21344222,JEN,deep
2181,07/14/2023 01:44:45,10.9,100,10.92,21344222,JEN,deep
2182,07/14/2023 02:14:45,10.9,100,10.92,21344222,JEN,deep
2183,07/14/2023 02:44:45,10.93,100,10.94,21344222,JEN,deep
2184,07/14/2023 03:14:45,10.9,100,10.92,21344222,JEN,deep
2185,07/14/2023 03:44:45,10.94,100,10.95,21344222,JEN,deep
2186,07/14/2023 04:14:45,10.89,100,10.91,21344222,JEN,deep
2187,07/14/2023 04:44:45,10.9,100,10.92,21344222,JEN,deep
2188,07/14/2023 05:14:45,10.93,100,10.94,21344222,JEN,deep
2189,07/14/2023 05:44:45,10.94,100,10.95,21344222,JEN,deep
2190,07/14/2023 06:14:45,10.9,100,10.92,21344222,JEN,deep
2191,07/14/2023 06:44:45,10.93,100,10.94,21344222,JEN,deep
2192,07/14/2023 07:14:45,10.92,100,10.93,21344222,JEN,deep
2193,07/14/2023 07:44:45,10.92,100,10.93,21344222,JEN,deep
2194,07/14/2023 08:14:45,10.9,100,10.92,21344222,JEN,deep
2195,07/14/2023 08:44:45,10.93,100,10.94,21344222,JEN,deep
2196,07/14/2023 09:14:45,10.92,100,10.93,21344222,JEN,deep
2197,07/14/2023 09:44:45,10.93,100,10.94,21344222,JEN,deep
2198,07/14/2023 10:14:45,10.93,100,10.94,21344222,JEN,deep
2199,07/14/2023 10:44:45,10.9,100,10.92,21344222,JEN,deep
2200,07/14/2023 11:14:45,10.93,100,10.94,21344222,JEN,deep
2201,07/14/2023 11:44:45,10.93,100,10.94,21344222,JEN,deep
2202,07/14/2023 12:14:45,10.9,100,10.92,21344222,JEN,deep
2203,07/14/2023 12:44:45,10.93,100,10.94,21344222,JEN,deep
2204,07/14/2023 13:14:45,10.93,100,10.94,21344222,JEN,deep
2205,07/14/2023 13:44:45,10.94,100,10.95,21344222,JEN,deep
2206,07/14/2023 14:14:45,10.92,100,10.93,21344222,JEN,deep
2207,07/14/2023 14:44:45,10.94,100,10.95,21344222,JEN,deep
2208,07/14/2023 15:14:45,10.9,100,10.92,21344222,JEN,deep
2209,07/14/2023 15:44:45,10.93,100,10.94,21344222,JEN,deep
2210,07/14/2023 16:14:45,10.9,100,10.92,21344222,JEN,deep
2211,07/14/2023 16:44:45,10.95,100,10.96,21344222,JEN,deep
2212,07/14/2023 17:14:45,10.92,100,10.93,21344222,JEN,deep
2213,07/14/2023 17:44:45,10.87,100,10.88,21344222,JEN,deep
2214,07/14/2023 18:14:45,10.93,100,10.94,21344222,JEN,deep
2215,07/14/2023 18:44:45,10.94,100,10.95,21344222,JEN,deep
2216,07/14/2023 19:14:45,10.94,100,10.95,21344222,JEN,deep
2217,07/14/2023 19:44:45,10.92,100,10.93,21344222,JEN,deep
2218,07/14/2023 20:14:45,10.89,100,10.91,21344222,JEN,deep
2219,07/14/2023 20:44:45,10.93,100,10.94,21344222,JEN,deep
2220,07/14/2023 21:14:45,10.93,100,10.94,21344222,JEN,deep
2221,07/14/2023 21:44:45,10.9,100,10.92,21344222,JEN,deep
2222,07/14/2023 22:14:45,10.93,100,10.94,21344222,JEN,deep
2223,07/14/2023 22:44:45,10.93,100,10.94,21344222,JEN,deep
2224,07/14/2023 23:14:45,10.94,100,10.95,21344222,JEN,deep
2225,07/14/2023 23:44:45,10.93,100,10.94,21344222,JEN,deep
2226,07/15/2023 00:14:45,10.93,100,10.94,21344222,JEN,deep
2227,07/15/2023 00:44:45,10.97,100,10.98,21344222,JEN,deep
2228,07/15/2023 01:14:45,10.95,100,10.96,21344222,JEN,deep
2229,07/15/2023 01:44:45,10.92,100,10.93,21344222,JEN,deep
2230,07/15/2023 02:14:45,10.9,100,10.92,21344222,JEN,deep
2231,07/15/2023 02:44:45,10.95,100,10.96,21344222,JEN,deep
2232,07/15/2023 03:14:45,10.92,100,10.93,21344222,JEN,deep
2233,07/15/2023 03:44:45,10.93,100,10.94,21344222,JEN,deep
2234,07/15/2023 04:14:45,10.92,100,10.93,21344222,JEN,deep
2235,07/15/2023 04:44:45,10.92,100,10.93,21344222,JEN,deep
2236,07/15/2023 05:14:45,10.93,100,10.94,21344222,JEN,deep
2237,07/15/2023 05:44:45,10.95,100,10.96,21344222,JEN,deep
2238,07/15/2023 06:14:45,10.93,100,10.94,21344222,JEN,deep
2239,07/15/2023 06:44:45,10.92,100,10.93,21344222,JEN,deep
2240,07/15/2023 07:14:45,10.96,100,10.97,21344222,JEN,deep
2241,07/15/2023 07:44:45,10.9,100,10.92,21344222,JEN,deep
2242,07/15/2023 08:14:45,10.9,100,10.92,21344222,JEN,deep
2243,07/15/2023 08:44:45,10.94,100,10.95,21344222,JEN,deep
2244,07/15/2023 09:14:45,10.94,100,10.95,21344222,JEN,deep
2245,07/15/2023 09:44:45,10.97,100,10.98,21344222,JEN,deep
2246,07/15/2023 10:14:45,10.92,100,10.93,21344222,JEN,deep
2247,07/15/2023 10:44:45,10.93,100,10.94,21344222,JEN,deep
2248,07/15/2023 11:14:45,10.93,100,10.94,21344222,JEN,deep
2249,07/15/2023 11:44:45,10.93,100,10.94,21344222,JEN,deep
2250,07/15/2023 12:14:45,10.92,100,10.93,21344222,JEN,deep
2251,07/15/2023 12:44:45,10.9,100,10.92,21344222,JEN,deep
2252,07/15/2023 13:14:45,10.93,100,10.94,21344222,JEN,deep
2253,07/15/2023 13:44:45,10.9,100,10.92,21344222,JEN,deep
2254,07/15/2023 14:14:45,10.93,100,10.94,21344222,JEN,deep
2255,07/15/2023 14:44:45,10.89,100,10.91,21344222,JEN,deep
2256,07/15/2023 15:14:45,10.9,100,10.92,21344222,JEN,deep
2257,07/15/2023 15:44:45,10.9,100,10.92,21344222,JEN,deep
2258,07/15/2023 16:14:45,10.93,100,10.94,21344222,JEN,deep
2259,07/15/2023 16:44:45,10.9,100,10.92,21344222,JEN,deep
2260,07/15/2023 17:14:45,10.93,100,10.94,21344222,JEN,deep
2261,07/15/2023 17:44:45,10.94,100,10.95,21344222,JEN,deep
2262,07/15/2023 18:14:45,10.93,100,10.94,21344222,JEN,deep
2263,07/15/2023 18:44:45,10.93,100,10.94,21344222,JEN,deep
2264,07/15/2023 19:14:45,10.9,100,10.92,21344222,JEN,deep
2265,07/15/2023 19:44:45,10.92,100,10.93,21344222,JEN,deep
2266,07/15/2023 20:14:45,10.93,100,10.94,21344222,JEN,deep
2267,07/15/2023 20:44:45,10.9,100,10.92,21344222,JEN,deep
2268,07/15/2023 21:14:45,10.9,100,10.92,21344222,JEN,deep
2269,07/15/2023 21:44:45,10.96,100,10.97,21344222,JEN,deep
2270,07/15/2023 22:14:45,10.93,100,10.94,21344222,JEN,deep
2271,07/15/2023 22:44:45,10.93,100,10.94,21344222,JEN,deep
2272,07/15/2023 23:14:45,10.94,100,10.95,21344222,JEN,deep
2273,07/15/2023 23:44:45,10.93,100,10.94,21344222,JEN,deep
2274,07/16/2023 00:14:45,10.9,100,10.92,21344222,JEN,deep
2275,07/16/2023 00:44:45,10.93,100,10.94,21344222,JEN,deep
2276,07/16/2023 01:14:45,10.9,100,10.92,21344222,JEN,deep
2277,07/16/2023 01:44:45,10.95,100,10.96,21344222,JEN,deep
2278,07/16/2023 02:14:45,10.94,100,10.95,21344222,JEN,deep
2279,07/16/2023 02:44:45,10.93,100,10.94,21344222,JEN,deep
2280,07/16/2023 03:14:45,10.93,100,10.94,21344222,JEN,deep
2281,07/16/2023 03:44:45,10.94,100,10.95,21344222,JEN,deep
2282,07/16/2023 04:14:45,10.93,100,10.94,21344222,JEN,deep
2283,07/16/2023 04:44:45,10.9,100,10.92,21344222,JEN,deep
2284,07/16/2023 05:14:45,10.93,100,10.94,21344222,JEN,deep
2285,07/16/2023 05:44:45,10.9,100,10.92,21344222,JEN,deep
2286,07/16/2023 06:14:45,10.97,100,10.98,21344222,JEN,deep
2287,07/16/2023 06:44:45,10.94,100,10.95,21344222,JEN,deep
2288,07/16/2023 07:14:45,10.94,100,10.95,21344222,JEN,deep
2289,07/16/2023 07:44:45,10.95,100,10.96,21344222,JEN,deep
2290,07/16/2023 08:14:45,10.93,100,10.94,21344222,JEN,deep
2291,07/16/2023 08:44:45,10.95,100,10.96,21344222,JEN,deep
2292,07/16/2023 09:14:45,10.93,100,10.94,21344222,JEN,deep
2293,07/16/2023 09:44:45,10.9,100,10.92,21344222,JEN,deep
2294,07/16/2023 10:14:45,10.93,100,10.94,21344222,JEN,deep
2295,07/16/2023 10:44:45,10.94,100,10.95,21344222,JEN,deep
2296,07/16/2023 11:14:45,10.94,100,10.95,21344222,JEN,deep
2297,07/16/2023 11:44:45,10.93,100,10.94,21344222,JEN,deep
2298,07/16/2023 12:14:45,10.94,100,10.95,21344222,JEN,deep
2299,07/16/2023 12:44:45,10.93,100,10.94,21344222,JEN,deep
2300,07/16/2023 13:14:45,10.94,100,10.95,21344222,JEN,deep
2301,07/16/2023 13:44:45,10.94,100,10.95,21344222,JEN,deep
2302,07/16/2023 14:14:45,10.9,100,10.92,21344222,JEN,deep
2303,07/16/2023 14:44:45,10.93,100,10.94,21344222,JEN,deep
2304,07/16/2023 15:14:45,10.9,100,10.92,21344222,JEN,deep
2305,07/16/2023 15:44:45,10.94,100,10.95,21344222,JEN,deep
2306,07/16/2023 16:14:45,10.93,100,10.94,21344222,JEN,deep
2307,07/16/2023 16:44:45,10.93,100,10.94,21344222,JEN,deep
2308,07/16/2023 17:14:45,10.93,100,10.94,21344222,JEN,deep
2309,07/16/2023 17:44:45,10.94,100,10.95,21344222,JEN,deep
2310,07/16/2023 18:14:45,10.9,100,10.92,21344222,JEN,deep
2311,07/16/2023 18:44:45,10.92,100,10.93,21344222,JEN,deep
2312,07/16/2023 19:14:45,10.95,100,10.96,21344222,JEN,deep
2313,07/16/2023 19:44:45,10.93,100,10.94,21344222,JEN,deep
2314,07/16/2023 20:14:45,10.9,100,10.92,21344222,JEN,deep
2315,07/16/2023 20:44:45,10.93,100,10.94,21344222,JEN,deep
2316,07/16/2023 21:14:45,10.9,100,10.92,21344222,JEN,deep
2317,07/16/2023 21:44:45,10.9,100,10.92,21344222,JEN,deep
2318,07/16/2023 22:14:45,10.95,100,10.96,21344222,JEN,deep
2319,07/16/2023 22:44:45,10.94,100,10.95,21344222,JEN,deep
2320,07/16/2023 23:14:45,10.92,100,10.93,21344222,JEN,deep
2321,07/16/2023 23:44:45,10.94,100,10.95,21344222,JEN,deep
2322,07/17/2023 00:14:45,10.95,100,10.96,21344222,JEN,deep
2323,07/17/2023 00:44:45,10.92,100,10.93,21344222,JEN,deep
2324,07/17/2023 01:14:45,10.93,100,10.94,21344222,JEN,deep
2325,07/17/2023 01:44:45,10.93,100,10.94,21344222,JEN,deep
2326,07/17/2023 02:14:45,10.9,100,10.92,21344222,JEN,deep
2327,07/17/2023 02:44:45,10.94,100,10.95,21344222,JEN,deep
2328,07/17/2023 03:14:45,10.95,100,10.96,21344222,JEN,deep
2329,07/17/2023 03:44:45,10.89,100,10.91,21344222,JEN,deep
2330,07/17/2023 04:14:45,10.95,100,10.96,21344222,JEN,deep
2331,07/17/2023 04:44:45,10.93,100,10.94,21344222,JEN,deep
2332,07/17/2023 05:14:45,10.92,100,10.93,21344222,JEN,deep
2333,07/17/2023 05:44:45,10.92,100,10.93,21344222,JEN,deep
2334,07/17/2023 06:14:45,10.9,100,10.92,21344222,JEN,deep
2335,07/17/2023 06:44:45,10.93,100,10.94,21344222,JEN,deep
2336,07/17/2023 07:14:45,10.94,100,10.95,21344222,JEN,deep
2337,07/17/2023 07:44:45,10.9,100,10.92,21344222,JEN,deep
2338,07/17/2023 08:14:45,10.94,100,10.95,21344222,JEN,deep
2339,07/17/2023 08:44:45,10.93,100,10.94,21344222,JEN,deep
2340,07/17/2023 09:14:45,10.96,100,10.97,21344222,JEN,deep
2341,07/17/2023 09:44:45,10.93,100,10.94,21344222,JEN,deep
2342,07/17/2023 10:14:45,10.9,100,10.92,21344222,JEN,deep
2343,07/17/2023 10:44:45,10.93,100,10.94,21344222,JEN,deep
2344,07/17/2023 11:14:45,10.95,100,10.96,21344222,JEN,deep
2345,07/17/2023 11:44:45,10.89,100,10.91,21344222,JEN,deep
2346,07/17/2023 12:14:45,10.93,100,10.94,21344222,JEN,deep
2347,07/17/2023 12:44:45,10.93,100,10.94,21344222,JEN,deep
2348,07/17/2023 13:14:45,10.93,100,10.94,21344222,JEN,deep
2349,07/17/2023 13:44:45,10.93,100,10.94,21344222,JEN,deep
2350,07/17/2023 14:14:45,10.92,100,10.93,21344222,JEN,deep
2351,07/17/2023 14:44:45,10.96,100,10.97,21344222,JEN,deep
2352,07/17/2023 15:14:45,10.92,100,10.93,21344222,JEN,deep
2353,07/17/2023 15:44:45,10.95,100,10.96,21344222,JEN,deep
2354,07/17/2023 16:14:45,10.96,100,10.97,21344222,JEN,deep
2355,07/17/2023 16:44:45,10.93,100,10.94,21344222,JEN,deep
2356,07/17/2023 17:14:45,10.94,100,10.95,21344222,JEN,deep
2357,07/17/2023 17:44:45,10.93,100,10.94,21344222,JEN,deep
2358,07/17/2023 18:14:45,10.93,100,10.94,21344222,JEN,deep
2359,07/17/2023 18:44:45,10.92,100,10.93,21344222,JEN,deep
2360,07/17/2023 19:14:45,10.9,100,10.92,21344222,JEN,deep
2361,07/17/2023 19:44:45,10.9,100,10.92,21344222,JEN,deep
2362,07/17/2023 20:14:45,10.92,100,10.93,21344222,JEN,deep
2363,07/17/2023 20:44:45,10.94,100,10.95,21344222,JEN,deep
2364,07/17/2023 21:14:45,10.93,100,10.94,21344222,JEN,deep
2365,07/17/2023 21:44:45,10.89,100,10.91,21344222,JEN,deep
2366,07/17/2023 22:14:45,10.93,100,10.94,21344222,JEN,deep
2367,07/17/2023 22:44:45,10.93,100,10.94,21344222,JEN,deep
2368,07/17/2023 23:14:45,10.94,100,10.95,21344222,JEN,deep
2369,07/17/2023 23:44:45,10.96,100,10.97,21344222,JEN,deep
2370,07/18/2023 00:14:45,10.93,100,10.94,21344222,JEN,deep
2371,07/18/2023 00:44:45,10.94,100,10.95,21344222,JEN,deep
2372,07/18/2023 01:14:45,10.92,100,10.93,21344222,JEN,deep
2373,07/18/2023 01:44:45,10.93,100,10.94,21344222,JEN,deep
2374,07/18/2023 02:14:45,10.95,100,10.96,21344222,JEN,deep
2375,07/18/2023 02:44:45,10.92,100,10.93,21344222,JEN,deep
2376,07/18/2023 03:14:45,10.94,100,10.95,21344222,JEN,deep
2377,07/18/2023 03:44:45,10.92,100,10.93,21344222,JEN,deep
2378,07/18/2023 04:14:45,10.95,100,10.96,21344222,JEN,deep
2379,07/18/2023 04:44:45,10.93,100,10.94,21344222,JEN,deep
2380,07/18/2023 05:14:45,10.9,100,10.92,21344222,JEN,deep
2381,07/18/2023 05:44:45,10.93,100,10.94,21344222,JEN,deep
2382,07/18/2023 06:14:45,10.93,100,10.94,21344222,JEN,deep
2383,07/18/2023 06:44:45,10.89,100,10.91,21344222,JEN,deep
2384,07/18/2023 07:14:45,10.92,100,10.93,21344222,JEN,deep
2385,07/18/2023 07:44:45,10.95,100,10.96,21344222,JEN,deep
2386,07/18/2023 08:14:45,10.93,100,10.94,21344222,JEN,deep
2387,07/18/2023 08:44:45,10.9,100,10.92,21344222,JEN,deep
2388,07/18/2023 09:14:45,10.9,100,10.92,21344222,JEN,deep
2389,07/18/2023 09:44:45,10.9,100,10.92,21344222,JEN,deep
2390,07/18/2023 10:14:45,10.94,100,10.95,21344222,JEN,deep
2391,07/18/2023 10:44:45,10.96,100,10.97,21344222,JEN,deep
2392,07/18/2023 11:14:45,10.95,100,10.96,21344222,JEN,deep
2393,07/18/2023 11:44:45,10.93,100,10.94,21344222,JEN,deep
2394,07/18/2023 12:14:45,10.94,100,10.95,21344222,JEN,deep
2395,07/18/2023 12:44:45,10.9,100,10.92,21344222,JEN,deep
2396,07/18/2023 13:14:45,10.93,100,10.94,21344222,JEN,deep
2397,07/18/2023 13:44:45,10.94,100,10.95,21344222,JEN,deep
2398,07/18/2023 14:14:45,10.93,100,10.94,21344222,JEN,deep
2399,07/18/2023 14:44:45,10.95,100,10.96,21344222,JEN,deep
2400,07/18/2023 15:14:45,10.9,100,10.92,21344222,JEN,deep
2401,07/18/2023 15:44:45,10.9,100,10.92,21344222,JEN,deep
2402,07/18/2023 16:14:45,10.89,100,10.91,21344222,JEN,deep
2403,07/18/2023 16:44:45,10.94,100,10.95,21344222,JEN,deep
2404,07/18/2023 17:14:45,10.94,100,10.95,21344222,JEN,deep
2405,07/18/2023 17:44:45,10.93,100,10.94,21344222,JEN,deep
2406,07/18/2023 18:14:45,10.93,100,10.94,21344222,JEN,deep
2407,07/18/2023 18:44:45,10.93,100,10.94,21344222,JEN,deep
2408,07/18/2023 19:14:45,10.94,100,10.95,21344222,JEN,deep
2409,07/18/2023 19:44:45,10.9,100,10.92,21344222,JEN,deep
2410,07/18/2023 20:14:45,10.89,100,10.91,21344222,JEN,deep
2411,07/18/2023 20:44:45,10.93,100,10.94,21344222,JEN,deep
2412,07/18/2023 21:14:45,10.9,100,10.92,21344222,JEN,deep
2413,07/18/2023 21:44:45,10.93,100,10.94,21344222,JEN,deep
2414,07/18/2023 22:14:45,10.93,100,10.94,21344222,JEN,deep
2415,07/18/2023 22:44:45,10.93,100,10.94,21344222,JEN,deep
2416,07/18/2023 23:14:45,10.93,100,10.94,21344222,JEN,deep
2417,07/18/2023 23:44:45,10.94,100,10.95,21344222,JEN,deep
2418,07/19/2023 00:14:45,10.92,100,10.93,21344222,JEN,deep
2419,07/19/2023 00:44:45,10.92,100,10.93,21344222,JEN,deep
2420,07/19/2023 01:14:45,10.93,100,10.94,21344222,JEN,deep
2421,07/19/2023 01:44:45,10.9,100,10.92,21344222,JEN,deep
2422,07/19/2023 02:14:45,10.96,100,10.97,21344222,JEN,deep
2423,07/19/2023 02:44:45,10.94,100,10.95,21344222,JEN,deep
2424,07/19/2023 03:14:45,10.89,100,10.91,21344222,JEN,deep
2425,07/19/2023 03:44:45,10.94,100,10.95,21344222,JEN,deep
2426,07/19/2023 04:14:45,10.93,100,10.94,21344222,JEN,deep
2427,07/19/2023 04:44:45,10.92,100,10.93,21344222,JEN,deep
2428,07/19/2023 05:14:45,10.9,100,10.92,21344222,JEN,deep
2429,07/19/2023 05:44:45,10.93,100,10.94,21344222,JEN,deep
2430,07/19/2023 06:14:45,10.9,100,10.92,21344222,JEN,deep
2431,07/19/2023 06:44:45,10.93,100,10.94,21344222,JEN,deep
2432,07/19/2023 07:14:45,10.89,100,10.91,21344222,JEN,deep
2433,07/19/2023 07:44:45,10.9,100,10.92,21344222,JEN,deep
2434,07/19/2023 08:14:45,10.89,100,10.91,21344222,JEN,deep
2435,07/19/2023 08:44:45,10.92,100,10.93,21344222,JEN,deep
2436,07/19/2023 09:14:45,10.89,100,10.91,21344222,JEN,deep
2437,07/19/2023 09:44:45,10.89,100,10.91,21344222,JEN,deep
2438,07/19/2023 10:14:45,10.92,100,10.93,21344222,JEN,deep
2439,07/19/2023 10:44:45,10.92,100,10.93,21344222,JEN,deep
2440,07/19/2023 11:14:45,10.9,100,10.92,21344222,JEN,deep
2441,07/19/2023 11:44:45,10.9,100,10.92,21344222,JEN,deep
2442,07/19/2023 12:14:45,10.9,100,10.92,21344222,JEN,deep
2443,07/19/2023 12:44:45,10.93,100,10.94,21344222,JEN,deep
2444,07/19/2023 13:14:45,10.92,100,10.93,21344222,JEN,deep
2445,07/19/2023 13:44:45,10.89,100,10.91,21344222,JEN,deep
2446,07/19/2023 14:14:45,10.92,100,10.93,21344222,JEN,deep
2447,07/19/2023 14:44:45,10.92,100,10.93,21344222,JEN,deep
2448,07/19/2023 15:14:45,10.88,100,10.9,21344222,JEN,deep
2449,07/19/2023 15:44:45,10.9,100,10.92,21344222,JEN,deep
2450,07/19/2023 16:14:45,10.89,100,10.91,21344222,JEN,deep
2451,07/19/2023 16:44:45,10.89,100,10.91,21344222,JEN,deep
2452,07/19/2023 17:14:45,10.9,100,10.92,21344222,JEN,deep
2453,07/19/2023 17:44:45,10.92,100,10.93,21344222,JEN,deep
2454,07/19/2023 18:14:45,10.92,100,10.93,21344222,JEN,deep
2455,07/19/2023 18:44:45,10.93,100,10.94,21344222,JEN,deep
2456,07/19/2023 19:14:45,10.89,100,10.91,21344222,JEN,deep
2457,07/19/2023 19:44:45,10.9,100,10.92,21344222,JEN,deep
2458,07/19/2023 20:14:45,10.93,100,10.94,21344222,JEN,deep
2459,07/19/2023 20:44:45,10.93,100,10.94,21344222,JEN,deep
2460,07/19/2023 21:14:45,10.9,100,10.92,21344222,JEN,deep
2461,07/19/2023 21:44:45,10.88,100,10.9,21344222,JEN,deep
2462,07/19/2023 22:14:45,10.89,100,10.91,21344222,JEN,deep
2463,07/19/2023 22:44:45,10.89,100,10.91,21344222,JEN,deep
2464,07/19/2023 23:14:45,10.87,100,10.88,21344222,JEN,deep
2465,07/19/2023 23:44:45,10.88,100,10.9,21344222,JEN,deep
2466,07/20/2023 00:14:45,10.88,100,10.9,21344222,JEN,deep
2467,07/20/2023 00:44:45,10.86,100,10.87,21344222,JEN,deep
2468,07/20/2023 01:14:45,10.86,100,10.87,21344222,JEN,deep
2469,07/20/2023 01:44:45,10.9,100,10.92,21344222,JEN,deep
2470,07/20/2023 02:14:45,10.87,100,10.88,21344222,JEN,deep
2471,07/20/2023 02:44:45,10.86,100,10.87,21344222,JEN,deep
2472,07/20/2023 03:14:45,10.84,100,10.85,21344222,JEN,deep
2473,07/20/2023 03:44:45,10.84,100,10.85,21344222,JEN,deep
2474,07/20/2023 04:14:45,10.86,100,10.87,21344222,JEN,deep
2475,07/20/2023 04:44:45,10.87,100,10.88,21344222,JEN,deep
2476,07/20/2023 05:14:45,10.85,100,10.86,21344222,JEN,deep
2477,07/20/2023 05:44:45,10.84,100,10.85,21344222,JEN,deep
2478,07/20/2023 06:14:45,10.85,100,10.86,21344222,JEN,deep
2479,07/20/2023 06:44:45,10.84,100,10.85,21344222,JEN,deep
2480,07/20/2023 07:14:45,10.82,100,10.83,21344222,JEN,deep
2481,07/20/2023 07:44:45,10.81,100,10.82,21344222,JEN,deep
2482,07/20/2023 08:14:45,10.84,100,10.85,21344222,JEN,deep
2483,07/20/2023 08:44:45,10.8,100,10.81,21344222,JEN,deep
2484,07/20/2023 09:14:45,10.84,100,10.85,21344222,JEN,deep
2485,07/20/2023 09:44:45,10.85,100,10.86,21344222,JEN,deep
2486,07/20/2023 10:14:45,10.84,100,10.85,21344222,JEN,deep
2487,07/20/2023 10:44:45,10.84,100,10.85,21344222,JEN,deep
2488,07/20/2023 11:14:45,10.86,100,10.87,21344222,JEN,deep
2489,07/20/2023 11:44:45,10.86,100,10.87,21344222,JEN,deep
2490,07/20/2023 12:14:45,10.86,100,10.87,21344222,JEN,deep
2491,07/20/2023 12:44:45,10.9,100,10.92,21344222,JEN,deep
2492,07/20/2023 13:14:45,10.9,100,10.92,21344222,JEN,deep
2493,07/20/2023 13:44:45,10.87,100,10.88,21344222,JEN,deep
2494,07/20/2023 14:14:45,10.86,100,10.87,21344222,JEN,deep
2495,07/20/2023 14:44:45,10.87,100,10.88,21344222,JEN,deep
2496,07/20/2023 15:14:45,10.86,100,10.87,21344222,JEN,deep
2497,07/20/2023 15:44:45,10.85,100,10.86,21344222,JEN,deep
2498,07/20/2023 16:14:45,10.89,100,10.91,21344222,JEN,deep
2499,07/20/2023 16:44:45,10.9,100,10.92,21344222,JEN,deep
2500,07/20/2023 17:14:45,10.87,100,10.88,21344222,JEN,deep
2501,07/20/2023 17:44:45,10.9,100,10.92,21344222,JEN,deep
2502,07/20/2023 18:14:45,10.88,100,10.9,21344222,JEN,deep
2503,07/20/2023 18:44:45,10.9,100,10.92,21344222,JEN,deep
2504,07/20/2023 19:14:45,10.89,100,10.91,21344222,JEN,deep
2505,07/20/2023 19:44:45,10.9,100,10.92,21344222,JEN,deep
2506,07/20/2023 20:14:45,10.9,100,10.92,21344222,JEN,deep
2507,07/20/2023 20:44:45,10.88,100,10.9,21344222,JEN,deep
2508,07/20/2023 21:14:45,10.88,100,10.9,21344222,JEN,deep
2509,07/20/2023 21:44:45,10.89,100,10.91,21344222,JEN,deep
2510,07/20/2023 22:14:45,10.86,100,10.87,21344222,JEN,deep
2511,07/20/2023 22:44:45,10.9,100,10.92,21344222,JEN,deep
2512,07/20/2023 23:14:45,10.89,100,10.91,21344222,JEN,deep
2513,07/20/2023 23:44:45,10.87,100,10.88,21344222,JEN,deep
2514,07/21/2023 00:14:45,10.87,100,10.88,21344222,JEN,deep
2515,07/21/2023 00:44:45,10.88,100,10.9,21344222,JEN,deep
2516,07/21/2023 01:14:45,10.88,100,10.9,21344222,JEN,deep
2517,07/21/2023 01:44:45,10.89,100,10.91,21344222,JEN,deep
2518,07/21/2023 02:14:45,10.89,100,10.91,21344222,JEN,deep
2519,07/21/2023 02:44:45,10.88,100,10.9,21344222,JEN,deep
2520,07/21/2023 03:14:45,10.93,100,10.94,21344222,JEN,deep
2521,07/21/2023 03:44:45,10.9,100,10.92,21344222,JEN,deep
2522,07/21/2023 04:14:45,10.93,100,10.94,21344222,JEN,deep
2523,07/21/2023 04:44:45,10.9,100,10.92,21344222,JEN,deep
2524,07/21/2023 05:14:45,10.9,100,10.92,21344222,JEN,deep
2525,07/21/2023 05:44:45,10.9,100,10.92,21344222,JEN,deep
2526,07/21/2023 06:14:45,10.88,100,10.9,21344222,JEN,deep
2527,07/21/2023 06:44:45,10.92,100,10.93,21344222,JEN,deep
2528,07/21/2023 07:14:45,10.9,100,10.92,21344222,JEN,deep
2529,07/21/2023 07:44:45,10.92,100,10.93,21344222,JEN,deep
2530,07/21/2023 08:14:45,10.92,100,10.93,21344222,JEN,deep
2531,07/21/2023 08:44:45,10.88,100,10.9,21344222,JEN,deep
2532,07/21/2023 09:14:45,10.88,100,10.9,21344222,JEN,deep
2533,07/21/2023 09:44:45,10.9,100,10.92,21344222,JEN,deep
2534,07/21/2023 10:14:45,10.9,100,10.92,21344222,JEN,deep
2535,07/21/2023 10:44:45,10.93,100,10.94,21344222,JEN,deep
2536,07/21/2023 11:14:45,10.9,100,10.92,21344222,JEN,deep
2537,07/21/2023 11:44:45,10.89,100,10.91,21344222,JEN,deep
2538,07/21/2023 12:14:45,10.87,100,10.88,21344222,JEN,deep
2539,07/21/2023 12:44:45,10.9,100,10.92,21344222,JEN,deep
2540,07/21/2023 13:14:45,10.89,100,10.91,21344222,JEN,deep
2541,07/21/2023 13:44:45,10.89,100,10.91,21344222,JEN,deep
2542,07/21/2023 14:14:45,10.92,100,10.93,21344222,JEN,deep
2543,07/21/2023 14:44:45,10.9,100,10.92,21344222,JEN,deep
2544,07/21/2023 15:14:45,10.89,100,10.91,21344222,JEN,deep
2545,07/21/2023 15:44:45,10.92,100,10.93,21344222,JEN,deep
2546,07/21/2023 16:14:45,10.88,100,10.9,21344222,JEN,deep
2547,07/21/2023 16:44:45,10.92,100,10.93,21344222,JEN,deep
2548,07/21/2023 17:14:45,10.89,100,10.91,21344222,JEN,deep
2549,07/21/2023 17:44:45,10.93,100,10.94,21344222,JEN,deep
2550,07/21/2023 18:14:45,10.9,100,10.92,21344222,JEN,deep
2551,07/21/2023 18:44:45,10.9,100,10.92,21344222,JEN,deep
2552,07/21/2023 19:14:45,10.88,100,10.9,21344222,JEN,deep
2553,07/21/2023 19:44:45,10.93,100,10.94,21344222,JEN,deep
2554,07/21/2023 20:14:45,10.88,100,10.9,21344222,JEN,deep
2555,07/21/2023 20:44:45,10.88,100,10.9,21344222,JEN,deep
2556,07/21/2023 21:14:45,10.9,100,10.92,21344222,JEN,deep
2557,07/21/2023 21:44:45,10.88,100,10.9,21344222,JEN,deep
2558,07/21/2023 22:14:45,10.9,100,10.92,21344222,JEN,deep
2559,07/21/2023 22:44:45,10.9,100,10.92,21344222,JEN,deep
2560,07/21/2023 23:14:45,10.86,100,10.87,21344222,JEN,deep
2561,07/21/2023 23:44:45,10.88,100,10.9,21344222,JEN,deep
2562,07/22/2023 00:14:45,10.87,100,10.88,21344222,JEN,deep
2563,07/22/2023 00:44:45,10.93,100,10.94,21344222,JEN,deep
2564,07/22/2023 01:14:45,10.87,100,10.88,21344222,JEN,deep
2565,07/22/2023 01:44:45,10.89,100,10.91,21344222,JEN,deep
2566,07/22/2023 02:14:45,10.89,100,10.91,21344222,JEN,deep
2567,07/22/2023 02:44:45,10.88,100,10.9,21344222,JEN,deep
2568,07/22/2023 03:14:45,10.86,100,10.87,21344222,JEN,deep
2569,07/22/2023 03:44:45,10.89,100,10.91,21344222,JEN,deep
2570,07/22/2023 04:14:45,10.85,100,10.86,21344222,JEN,deep
2571,07/22/2023 04:44:45,10.84,100,10.85,21344222,JEN,deep
2572,07/22/2023 05:14:45,10.86,100,10.87,21344222,JEN,deep
2573,07/22/2023 05:44:45,10.86,100,10.87,21344222,JEN,deep
2574,07/22/2023 06:14:45,10.85,100,10.86,21344222,JEN,deep
2575,07/22/2023 06:44:45,10.84,100,10.85,21344222,JEN,deep
2576,07/22/2023 07:14:45,10.85,100,10.86,21344222,JEN,deep
2577,07/22/2023 07:44:45,10.82,100,10.83,21344222,JEN,deep
2578,07/22/2023 08:14:45,10.84,100,10.85,21344222,JEN,deep
2579,07/22/2023 08:44:45,10.84,100,10.85,21344222,JEN,deep
2580,07/22/2023 09:14:45,10.83,100,10.84,21344222,JEN,deep
2581,07/22/2023 09:44:45,10.81,100,10.82,21344222,JEN,deep
2582,07/22/2023 10:14:45,10.84,100,10.85,21344222,JEN,deep
2583,07/22/2023 10:44:45,10.84,100,10.85,21344222,JEN,deep
2584,07/22/2023 11:14:45,10.85,100,10.86,21344222,JEN,deep
2585,07/22/2023 11:44:45,10.85,100,10.86,21344222,JEN,deep
2586,07/22/2023 12:14:45,10.9,100,10.92,21344222,JEN,deep
2587,07/22/2023 12:44:45,10.85,100,10.86,21344222,JEN,deep
2588,07/22/2023 13:14:45,10.86,100,10.87,21344222,JEN,deep
2589,07/22/2023 13:44:45,10.86,100,10.87,21344222,JEN,deep
2590,07/22/2023 14:14:45,10.87,100,10.88,21344222,JEN,deep
2591,07/22/2023 14:44:45,10.88,100,10.9,21344222,JEN,deep
2592,07/22/2023 15:14:45,10.86,100,10.87,21344222,JEN,deep
2593,07/22/2023 15:44:45,10.89,100,10.91,21344222,JEN,deep
2594,07/22/2023 16:14:45,10.89,100,10.91,21344222,JEN,deep
2595,07/22/2023 16:44:45,10.87,100,10.88,21344222,JEN,deep
2596,07/22/2023 17:14:45,10.87,100,10.88,21344222,JEN,deep
2597,07/22/2023 17:44:45,10.88,100,10.9,21344222,JEN,deep
2598,07/22/2023 18:14:45,10.87,100,10.88,21344222,JEN,deep
2599,07/22/2023 18:44:45,10.88,100,10.9,21344222,JEN,deep
2600,07/22/2023 19:14:45,10.88,100,10.9,21344222,JEN,deep
2601,07/22/2023 19:44:45,10.87,100,10.88,21344222,JEN,deep
2602,07/22/2023 20:14:45,10.87,100,10.88,21344222,JEN,deep
2603,07/22/2023 20:44:45,10.86,100,10.87,21344222,JEN,deep
2604,07/22/2023 21:14:45,10.87,100,10.88,21344222,JEN,deep
2605,07/22/2023 21:44:45,10.87,100,10.88,21344222,JEN,deep
2606,07/22/2023 22:14:45,10.85,100,10.86,21344222,JEN,deep
2607,07/22/2023 22:44:45,10.86,100,10.87,21344222,JEN,deep
2608,07/22/2023 23:14:45,10.85,100,10.86,21344222,JEN,deep
2609,07/22/2023 23:44:45,10.84,100,10.85,21344222,JEN,deep
2610,07/23/2023 00:14:45,10.86,100,10.87,21344222,JEN,deep
2611,07/23/2023 00:44:45,10.86,100,10.87,21344222,JEN,deep
2612,07/23/2023 01:14:45,10.85,100,10.86,21344222,JEN,deep
2613,07/23/2023 01:44:45,10.82,100,10.83,21344222,JEN,deep
2614,07/23/2023 02:14:45,10.84,100,10.85,21344222,JEN,deep
2615,07/23/2023 02:44:45,10.84,100,10.85,21344222,JEN,deep
2616,07/23/2023 03:14:45,10.84,100,10.85,21344222,JEN,deep
2617,07/23/2023 03:44:45,10.83,100,10.84,21344222,JEN,deep
2618,07/23/2023 04:14:45,10.8,100,10.81,21344222,JEN,deep
2619,07/23/2023 04:44:45,10.84,100,10.85,21344222,JEN,deep
2620,07/23/2023 05:14:45,10.83,100,10.84,21344222,JEN,deep
2621,07/23/2023 05:44:45,10.79,100,10.8,21344222,JEN,deep
2622,07/23/2023 06:14:45,10.8,100,10.81,21344222,JEN,deep
2623,07/23/2023 06:44:45,10.82,100,10.83,21344222,JEN,deep
2624,07/23/2023 07:14:45,10.82,100,10.83,21344222,JEN,deep
2625,07/23/2023 07:44:45,10.81,100,10.82,21344222,JEN,deep
2626,07/23/2023 08:14:45,10.84,100,10.85,21344222,JEN,deep
2627,07/23/2023 08:44:45,10.82,100,10.83,21344222,JEN,deep
2628,07/23/2023 09:14:45,10.78,100,10.79,21344222,JEN,deep
2629,07/23/2023 09:44:45,10.81,100,10.82,21344222,JEN,deep
2630,07/23/2023 10:14:45,10.81,100,10.82,21344222,JEN,deep
2631,07/23/2023 10:44:45,10.82,100,10.83,21344222,JEN,deep
2632,07/23/2023 11:14:45,10.83,100,10.84,21344222,JEN,deep
2633,07/23/2023 11:44:45,10.81,100,10.82,21344222,JEN,deep
2634,07/23/2023 12:14:45,10.83,100,10.84,21344222,JEN,deep
2635,07/23/2023 12:44:45,10.8,100,10.81,21344222,JEN,deep
2636,07/23/2023 13:14:45,10.85,100,10.86,21344222,JEN,deep
2637,07/23/2023 13:44:45,10.84,100,10.85,21344222,JEN,deep
2638,07/23/2023 14:14:45,10.85,100,10.86,21344222,JEN,deep
2639,07/23/2023 14:44:45,10.84,100,10.85,21344222,JEN,deep
2640,07/23/2023 15:14:45,10.83,100,10.84,21344222,JEN,deep
2641,07/23/2023 15:44:45,10.85,100,10.86,21344222,JEN,deep
2642,07/23/2023 16:14:45,10.86,100,10.87,21344222,JEN,deep
2643,07/23/2023 16:44:45,10.88,100,10.9,21344222,JEN,deep
2644,07/23/2023 17:14:45,10.85,100,10.86,21344222,JEN,deep
2645,07/23/2023 17:44:45,10.85,100,10.86,21344222,JEN,deep
2646,07/23/2023 18:14:45,10.86,100,10.87,21344222,JEN,deep
2647,07/23/2023 18:44:45,10.86,100,10.87,21344222,JEN,deep
2648,07/23/2023 19:14:45,10.87,100,10.88,21344222,JEN,deep
2649,07/23/2023 19:44:45,10.86,100,10.87,21344222,JEN,deep
2650,07/23/2023 20:14:45,10.87,100,10.88,21344222,JEN,deep
2651,07/23/2023 20:44:45,10.86,100,10.87,21344222,JEN,deep
2652,07/23/2023 21:14:45,10.84,100,10.85,21344222,JEN,deep
2653,07/23/2023 21:44:45,10.86,100,10.87,21344222,JEN,deep
2654,07/23/2023 22:14:45,10.85,100,10.86,21344222,JEN,deep
2655,07/23/2023 22:44:45,10.86,100,10.87,21344222,JEN,deep
2656,07/23/2023 23:14:45,10.85,100,10.86,21344222,JEN,deep
2657,07/23/2023 23:44:45,10.82,100,10.83,21344222,JEN,deep
2658,07/24/2023 00:14:45,10.86,100,10.87,21344222,JEN,deep
2659,07/24/2023 00:44:45,10.85,100,10.86,21344222,JEN,deep
2660,07/24/2023 01:14:45,10.83,100,10.84,21344222,JEN,deep
2661,07/24/2023 01:44:45,10.85,100,10.86,21344222,JEN,deep
2662,07/24/2023 02:14:45,10.86,100,10.87,21344222,JEN,deep
2663,07/24/2023 02:44:45,10.83,100,10.84,21344222,JEN,deep
2664,07/24/2023 03:14:45,10.82,100,10.83,21344222,JEN,deep
2665,07/24/2023 03:44:45,10.82,100,10.83,21344222,JEN,deep
2666,07/24/2023 04:14:45,10.85,100,10.86,21344222,JEN,deep
2667,07/24/2023 04:44:45,10.84,100,10.85,21344222,JEN,deep
2668,07/24/2023 05:14:45,10.81,100,10.82,21344222,JEN,deep
2669,07/24/2023 05:44:45,10.85,100,10.86,21344222,JEN,deep
2670,07/24/2023 06:14:45,10.84,100,10.85,21344222,JEN,deep
2671,07/24/2023 06:44:45,10.86,100,10.87,21344222,JEN,deep
2672,07/24/2023 07:14:45,10.85,100,10.86,21344222,JEN,deep
2673,07/24/2023 07:44:45,10.86,100,10.87,21344222,JEN,deep
2674,07/24/2023 08:14:45,10.87,100,10.88,21344222,JEN,deep
2675,07/24/2023 08:44:45,10.85,100,10.86,21344222,JEN,deep
2676,07/24/2023 09:14:45,10.84,100,10.85,21344222,JEN,deep
2677,07/24/2023 09:44:45,10.86,100,10.87,21344222,JEN,deep
2678,07/24/2023 10:14:45,10.85,100,10.86,21344222,JEN,deep
2679,07/24/2023 10:44:45,10.85,100,10.86,21344222,JEN,deep
2680,07/24/2023 11:14:45,10.87,100,10.88,21344222,JEN,deep
2681,07/24/2023 11:44:45,10.85,100,10.86,21344222,JEN,deep
2682,07/24/2023 12:14:45,10.87,100,10.88,21344222,JEN,deep
2683,07/24/2023 12:44:45,10.88,100,10.9,21344222,JEN,deep
2684,07/24/2023 13:14:45,10.87,100,10.88,21344222,JEN,deep
2685,07/24/2023 13:44:45,10.88,100,10.9,21344222,JEN,deep
2686,07/24/2023 14:14:45,10.86,100,10.87,21344222,JEN,deep
2687,07/24/2023 14:44:45,10.87,100,10.88,21344222,JEN,deep
2688,07/24/2023 15:14:45,10.86,100,10.87,21344222,JEN,deep
2689,07/24/2023 15:44:45,10.87,100,10.88,21344222,JEN,deep
2690,07/24/2023 16:14:45,10.86,100,10.87,21344222,JEN,deep
2691,07/24/2023 16:44:45,10.86,100,10.87,21344222,JEN,deep
2692,07/24/2023 17:14:45,10.86,100,10.87,21344222,JEN,deep
2693,07/24/2023 17:44:45,10.88,100,10.9,21344222,JEN,deep
2694,07/24/2023 18:14:45,10.86,100,10.87,21344222,JEN,deep
2695,07/24/2023 18:44:45,10.86,100,10.87,21344222,JEN,deep
2696,07/24/2023 19:14:45,10.84,100,10.85,21344222,JEN,deep
2697,07/24/2023 19:44:45,10.84,100,10.85,21344222,JEN,deep
2698,07/24/2023 20:14:45,10.86,100,10.87,21344222,JEN,deep
2699,07/24/2023 20:44:45,10.86,100,10.87,21344222,JEN,deep
2700,07/24/2023 21:14:45,10.89,100,10.91,21344222,JEN,deep
2701,07/24/2023 21:44:45,10.86,100,10.87,21344222,JEN,deep
2702,07/24/2023 22:14:45,10.86,100,10.87,21344222,JEN,deep
2703,07/24/2023 22:44:45,10.86,100,10.87,21344222,JEN,deep
2704,07/24/2023 23:14:45,10.86,100,10.87,21344222,JEN,deep
2705,07/24/2023 23:44:45,10.84,100,10.85,21344222,JEN,deep
2706,07/25/2023 00:14:45,10.86,100,10.87,21344222,JEN,deep
2707,07/25/2023 00:44:45,10.86,100,10.87,21344222,JEN,deep
2708,07/25/2023 01:14:45,10.85,100,10.86,21344222,JEN,deep
2709,07/25/2023 01:44:45,10.85,100,10.86,21344222,JEN,deep
2710,07/25/2023 02:14:45,10.85,100,10.86,21344222,JEN,deep
2711,07/25/2023 02:44:45,10.85,100,10.86,21344222,JEN,deep
2712,07/25/2023 03:14:45,10.83,100,10.84,21344222,JEN,deep
2713,07/25/2023 03:44:45,10.82,100,10.83,21344222,JEN,deep
2714,07/25/2023 04:14:45,10.84,100,10.85,21344222,JEN,deep
2715,07/25/2023 04:44:45,10.81,100,10.82,21344222,JEN,deep
2716,07/25/2023 05:14:45,10.84,100,10.85,21344222,JEN,deep
2717,07/25/2023 05:44:45,10.85,100,10.86,21344222,JEN,deep
2718,07/25/2023 06:14:45,10.82,100,10.83,21344222,JEN,deep
2719,07/25/2023 06:44:45,10.83,100,10.84,21344222,JEN,deep
2720,07/25/2023 07:14:45,10.8,100,10.81,21344222,JEN,deep
2721,07/25/2023 07:44:45,10.83,100,10.84,21344222,JEN,deep
2722,07/25/2023 08:14:45,10.82,100,10.83,21344222,JEN,deep
2723,07/25/2023 08:44:45,10.81,100,10.82,21344222,JEN,deep
2724,07/25/2023 09:14:45,10.8,100,10.81,21344222,JEN,deep
2725,07/25/2023 09:44:45,10.82,100,10.83,21344222,JEN,deep
2726,07/25/2023 10:14:45,10.83,100,10.84,21344222,JEN,deep
2727,07/25/2023 10:44:45,10.84,100,10.85,21344222,JEN,deep
2728,07/25/2023 11:14:45,10.82,100,10.83,21344222,JEN,deep
2729,07/25/2023 11:44:45,10.84,100,10.85,21344222,JEN,deep
2730,07/25/2023 12:14:45,10.85,100,10.86,21344222,JEN,deep
2731,07/25/2023 12:44:45,10.82,100,10.83,21344222,JEN,deep
2732,07/25/2023 13:14:45,10.83,100,10.84,21344222,JEN,deep
2733,07/25/2023 13:44:45,10.86,100,10.87,21344222,JEN,deep
2734,07/25/2023 14:14:45,10.83,100,10.84,21344222,JEN,deep
2735,07/25/2023 14:44:45,10.86,100,10.87,21344222,JEN,deep
2736,07/25/2023 15:14:45,10.88,100,10.9,21344222,JEN,deep
2737,07/25/2023 15:44:45,10.85,100,10.86,21344222,JEN,deep
2738,07/25/2023 16:14:45,10.84,100,10.85,21344222,JEN,deep
2739,07/25/2023 16:44:45,10.86,100,10.87,21344222,JEN,deep
2740,07/25/2023 17:14:45,10.86,100,10.87,21344222,JEN,deep
2741,07/25/2023 17:44:45,10.86,100,10.87,21344222,JEN,deep
2742,07/25/2023 18:14:45,10.83,100,10.84,21344222,JEN,deep
2743,07/25/2023 18:44:45,10.87,100,10.88,21344222,JEN,deep
2744,07/25/2023 19:14:45,10.84,100,10.85,21344222,JEN,deep
2745,07/25/2023 19:44:45,10.86,100,10.87,21344222,JEN,deep
2746,07/25/2023 20:14:45,10.86,100,10.87,21344222,JEN,deep
2747,07/25/2023 20:44:45,10.87,100,10.88,21344222,JEN,deep
2748,07/25/2023 21:14:45,10.86,100,10.87,21344222,JEN,deep
2749,07/25/2023 21:44:45,10.84,100,10.85,21344222,JEN,deep
2750,07/25/2023 22:14:45,10.85,100,10.86,21344222,JEN,deep
2751,07/25/2023 22:44:45,10.83,100,10.84,21344222,JEN,deep
2752,07/25/2023 23:14:45,10.82,100,10.83,21344222,JEN,deep
2753,07/25/2023 23:44:45,10.86,100,10.87,21344222,JEN,deep
2754,07/26/2023 00:14:45,10.82,100,10.83,21344222,JEN,deep
2755,07/26/2023 00:44:45,10.84,100,10.85,21344222,JEN,deep
2756,07/26/2023 01:14:45,10.87,100,10.88,21344222,JEN,deep
2757,07/26/2023 01:44:45,10.83,100,10.84,21344222,JEN,deep
2758,07/26/2023 02:14:45,10.84,100,10.85,21344222,JEN,deep
2759,07/26/2023 02:44:45,10.83,100,10.84,21344222,JEN,deep
2760,07/26/2023 03:14:45,10.84,100,10.85,21344222,JEN,deep
2761,07/26/2023 03:44:45,10.8,100,10.81,21344222,JEN,deep
2762,07/26/2023 04:14:45,10.81,100,10.82,21344222,JEN,deep
2763,07/26/2023 04:44:45,10.83,100,10.84,21344222,JEN,deep
2764,07/26/2023 05:14:45,10.81,100,10.82,21344222,JEN,deep
2765,07/26/2023 05:44:45,10.83,100,10.84,21344222,JEN,deep
2766,07/26/2023 06:14:45,10.81,100,10.82,21344222,JEN,deep
2767,07/26/2023 06:44:45,10.82,100,10.83,21344222,JEN,deep
2768,07/26/2023 07:14:45,10.81,100,10.82,21344222,JEN,deep
2769,07/26/2023 07:44:45,10.81,100,10.82,21344222,JEN,deep
2770,07/26/2023 08:14:45,10.8,100,10.81,21344222,JEN,deep
2771,07/26/2023 08:44:45,10.83,100,10.84,21344222,JEN,deep
2772,07/26/2023 09:14:45,10.81,100,10.82,21344222,JEN,deep
2773,07/26/2023 09:44:45,10.84,100,10.85,21344222,JEN,deep
2774,07/26/2023 10:14:45,10.83,100,10.84,21344222,JEN,deep
2775,07/26/2023 10:44:45,10.81,100,10.82,21344222,JEN,deep
2776,07/26/2023 11:14:45,10.84,100,10.85,21344222,JEN,deep
2777,07/26/2023 11:44:45,10.81,100,10.82,21344222,JEN,deep
2778,07/26/2023 12:14:45,10.81,100,10.82,21344222,JEN,deep
2779,07/26/2023 12:44:45,10.82,100,10.83,21344222,JEN,deep
2780,07/26/2023 13:14:45,10.85,100,10.86,21344222,JEN,deep
2781,07/26/2023 13:44:45,10.82,100,10.83,21344222,JEN,deep
2782,07/26/2023 14:14:45,10.85,100,10.86,21344222,JEN,deep
2783,07/26/2023 14:44:45,10.84,100,10.85,21344222,JEN,deep
2784,07/26/2023 15:14:45,10.85,100,10.86,21344222,JEN,deep
2785,07/26/2023 15:44:45,10.85,100,10.86,21344222,JEN,deep
2786,07/26/2023 16:14:45,10.84,100,10.85,21344222,JEN,deep
2787,07/26/2023 16:44:45,10.85,100,10.86,21344222,JEN,deep
2788,07/26/2023 17:14:45,10.86,100,10.87,21344222,JEN,deep
2789,07/26/2023 17:44:45,10.85,100,10.86,21344222,JEN,deep
2790,07/26/2023 18:14:45,10.85,100,10.86,21344222,JEN,deep
2791,07/26/2023 18:44:45,10.83,100,10.84,21344222,JEN,deep
2792,07/26/2023 19:14:45,10.84,100,10.85,21344222,JEN,deep
2793,07/26/2023 19:44:45,10.83,100,10.84,21344222,JEN,deep
2794,07/26/2023 20:14:45,10.82,100,10.83,21344222,JEN,deep
2795,07/26/2023 20:44:45,10.86,100,10.87,21344222,JEN,deep
2796,07/26/2023 21:14:45,10.85,100,10.86,21344222,JEN,deep
2797,07/26/2023 21:44:45,10.86,100,10.87,21344222,JEN,deep
2798,07/26/2023 22:14:45,10.83,100,10.84,21344222,JEN,deep
2799,07/26/2023 22:44:45,10.86,100,10.87,21344222,JEN,deep
2800,07/26/2023 23:14:45,10.84,100,10.85,21344222,JEN,deep
2801,07/26/2023 23:44:45,10.83,100,10.84,21344222,JEN,deep
2802,07/27/2023 00:14:45,10.82,100,10.83,21344222,JEN,deep
2803,07/27/2023 00:44:45,10.85,100,10.86,21344222,JEN,deep
2804,07/27/2023 01:14:45,10.83,100,10.84,21344222,JEN,deep
2805,07/27/2023 01:44:45,10.83,100,10.84,21344222,JEN,deep
2806,07/27/2023 02:14:45,10.82,100,10.83,21344222,JEN,deep
2807,07/27/2023 02:44:45,10.82,100,10.83,21344222,JEN,deep
2808,07/27/2023 03:14:45,10.81,100,10.82,21344222,JEN,deep
2809,07/27/2023 03:44:45,10.83,100,10.84,21344222,JEN,deep
2810,07/27/2023 04:14:45,10.83,100,10.84,21344222,JEN,deep
2811,07/27/2023 04:44:45,10.82,100,10.83,21344222,JEN,deep
2812,07/27/2023 05:14:45,10.81,100,10.82,21344222,JEN,deep
2813,07/27/2023 05:44:45,10.82,100,10.83,21344222,JEN,deep
2814,07/27/2023 06:14:45,10.82,100,10.83,21344222,JEN,deep
2815,07/27/2023 06:44:45,10.81,100,10.82,21344222,JEN,deep
2816,07/27/2023 07:14:45,10.8,100,10.81,21344222,JEN,deep
2817,07/27/2023 07:44:45,10.8,100,10.81,21344222,JEN,deep
2818,07/27/2023 08:14:45,10.8,100,10.81,21344222,JEN,deep
2819,07/27/2023 08:44:45,10.81,100,10.82,21344222,JEN,deep
2820,07/27/2023 09:14:45,10.8,100,10.81,21344222,JEN,deep
2821,07/27/2023 09:44:45,10.8,100,10.81,21344222,JEN,deep
2822,07/27/2023 10:14:45,10.83,100,10.84,21344222,JEN,deep
2823,07/27/2023 10:44:45,10.81,100,10.82,21344222,JEN,deep
2824,07/27/2023 11:14:45,10.82,100,10.83,21344222,JEN,deep
2825,07/27/2023 11:44:45,10.82,100,10.83,21344222,JEN,deep
2826,07/27/2023 12:14:45,10.81,100,10.82,21344222,JEN,deep
2827,07/27/2023 12:44:45,10.79,100,10.8,21344222,JEN,deep
2828,07/27/2023 13:14:45,10.84,100,10.85,21344222,JEN,deep
2829,07/27/2023 13:44:45,10.83,100,10.84,21344222,JEN,deep
2830,07/27/2023 14:14:45,10.84,100,10.85,21344222,JEN,deep
2831,07/27/2023 14:44:45,10.84,100,10.85,21344222,JEN,deep
2832,07/27/2023 15:14:45,10.85,100,10.86,21344222,JEN,deep
2833,07/27/2023 15:44:45,10.82,100,10.83,21344222,JEN,deep
2834,07/27/2023 16:14:45,10.88,100,10.9,21344222,JEN,deep
2835,07/27/2023 16:44:45,10.85,100,10.86,21344222,JEN,deep
2836,07/27/2023 17:14:45,10.83,100,10.84,21344222,JEN,deep
2837,07/27/2023 17:44:45,10.81,100,10.82,21344222,JEN,deep
2838,07/27/2023 18:14:45,10.88,100,10.9,21344222,JEN,deep
2839,07/27/2023 18:44:45,10.83,100,10.84,21344222,JEN,deep
2840,07/27/2023 19:14:45,10.83,100,10.84,21344222,JEN,deep
2841,07/27/2023 19:44:45,10.82,100,10.83,21344222,JEN,deep
2842,07/27/2023 20:14:45,10.84,100,10.85,21344222,JEN,deep
2843,07/27/2023 20:44:45,10.85,100,10.86,21344222,JEN,deep
2844,07/27/2023 21:14:45,10.84,100,10.85,21344222,JEN,deep
2845,07/27/2023 21:44:45,10.82,100,10.83,21344222,JEN,deep
2846,07/27/2023 22:14:45,10.83,100,10.84,21344222,JEN,deep
2847,07/27/2023 22:44:45,10.85,100,10.86,21344222,JEN,deep
2848,07/27/2023 23:14:45,10.86,100,10.87,21344222,JEN,deep
2849,07/27/2023 23:44:45,10.86,100,10.87,21344222,JEN,deep
2850,07/28/2023 00:14:45,10.87,100,10.88,21344222,JEN,deep
2851,07/28/2023 00:44:45,10.84,100,10.85,21344222,JEN,deep
2852,07/28/2023 01:14:45,10.87,100,10.88,21344222,JEN,deep
2853,07/28/2023 01:44:45,10.85,100,10.86,21344222,JEN,deep
2854,07/28/2023 02:14:45,10.86,100,10.87,21344222,JEN,deep
2855,07/28/2023 02:44:45,10.86,100,10.87,21344222,JEN,deep
2856,07/28/2023 03:14:45,10.84,100,10.85,21344222,JEN,deep
2857,07/28/2023 03:44:45,10.86,100,10.87,21344222,JEN,deep
2858,07/28/2023 04:14:45,10.85,100,10.86,21344222,JEN,deep
2859,07/28/2023 04:44:45,10.86,100,10.87,21344222,JEN,deep
2860,07/28/2023 05:14:45,10.84,100,10.85,21344222,JEN,deep
2861,07/28/2023 05:44:45,10.85,100,10.86,21344222,JEN,deep
2862,07/28/2023 06:14:45,10.86,100,10.87,21344222,JEN,deep
2863,07/28/2023 06:44:45,10.84,100,10.85,21344222,JEN,deep
2864,07/28/2023 07:14:45,10.84,100,10.85,21344222,JEN,deep
2865,07/28/2023 07:44:45,10.86,100,10.87,21344222,JEN,deep
2866,07/28/2023 08:14:45,10.86,100,10.87,21344222,JEN,deep
2867,07/28/2023 08:44:45,10.85,100,10.86,21344222,JEN,deep
2868,07/28/2023 09:14:45,10.87,100,10.88,21344222,JEN,deep
2869,07/28/2023 09:44:45,10.86,100,10.87,21344222,JEN,deep
2870,07/28/2023 10:14:45,10.86,100,10.87,21344222,JEN,deep
2871,07/28/2023 10:44:45,10.86,100,10.87,21344222,JEN,deep
2872,07/28/2023 11:14:45,10.85,100,10.86,21344222,JEN,deep
2873,07/28/2023 11:44:45,10.86,100,10.87,21344222,JEN,deep
2874,07/28/2023 12:14:45,10.85,100,10.86,21344222,JEN,deep
2875,07/28/2023 12:44:45,10.85,100,10.86,21344222,JEN,deep
2876,07/28/2023 13:14:45,10.83,100,10.84,21344222,JEN,deep
2877,07/28/2023 13:44:45,10.85,100,10.86,21344222,JEN,deep
2878,07/28/2023 14:14:45,10.85,100,10.86,21344222,JEN,deep
2879,07/28/2023 14:44:45,10.86,100,10.87,21344222,JEN,deep
2880,07/28/2023 15:14:45,10.85,100,10.86,21344222,JEN,deep
2881,07/28/2023 15:44:45,10.87,100,10.88,21344222,JEN,deep
2882,07/28/2023 16:14:45,10.84,100,10.85,21344222,JEN,deep
2883,07/28/2023 16:44:45,10.88,100,10.9,21344222,JEN,deep
2884,07/28/2023 17:14:45,10.86,100,10.87,21344222,JEN,deep
2885,07/28/2023 17:44:45,10.87,100,10.88,21344222,JEN,deep
2886,07/28/2023 18:14:45,10.84,100,10.85,21344222,JEN,deep
2887,07/28/2023 18:44:45,10.86,100,10.87,21344222,JEN,deep
2888,07/28/2023 19:14:45,10.87,100,10.88,21344222,JEN,deep
2889,07/28/2023 19:44:45,10.82,100,10.83,21344222,JEN,deep
2890,07/28/2023 20:14:45,10.88,100,10.9,21344222,JEN,deep
2891,07/28/2023 20:44:45,10.84,100,10.85,21344222,JEN,deep
2892,07/28/2023 21:14:45,10.86,100,10.87,21344222,JEN,deep
2893,07/28/2023 21:44:45,10.87,100,10.88,21344222,JEN,deep
2894,07/28/2023 22:14:45,10.85,100,10.86,21344222,JEN,deep
2895,07/28/2023 22:44:45,10.85,100,10.86,21344222,JEN,deep
2896,07/28/2023 23:14:45,10.87,100,10.88,21344222,JEN,deep
2897,07/28/2023 23:44:45,10.86,100,10.87,21344222,JEN,deep
2898,07/29/2023 00:14:45,10.86,100,10.87,21344222,JEN,deep
2899,07/29/2023 00:44:45,10.85,100,10.86,21344222,JEN,deep
2900,07/29/2023 01:14:45,10.86,100,10.87,21344222,JEN,deep
2901,07/29/2023 01:44:45,10.89,100,10.91,21344222,JEN,deep
2902,07/29/2023 02:14:45,10.85,100,10.86,21344222,JEN,deep
2903,07/29/2023 02:44:45,10.86,100,10.87,21344222,JEN,deep
2904,07/29/2023 03:14:45,10.86,100,10.87,21344222,JEN,deep
2905,07/29/2023 03:44:45,10.85,100,10.86,21344222,JEN,deep
2906,07/29/2023 04:14:45,10.85,100,10.86,21344222,JEN,deep
2907,07/29/2023 04:44:45,10.86,100,10.87,21344222,JEN,deep
2908,07/29/2023 05:14:45,10.86,100,10.87,21344222,JEN,deep
2909,07/29/2023 05:44:45,10.85,100,10.86,21344222,JEN,deep
2910,07/29/2023 06:14:45,10.86,100,10.87,21344222,JEN,deep
2911,07/29/2023 06:44:45,10.85,100,10.86,21344222,JEN,deep
2912,07/29/2023 07:14:45,10.86,100,10.87,21344222,JEN,deep
2913,07/29/2023 07:44:45,10.86,100,10.87,21344222,JEN,deep
2914,07/29/2023 08:14:45,10.89,100,10.91,21344222,JEN,deep
2915,07/29/2023 08:44:45,10.88,100,10.9,21344222,JEN,deep
2916,07/29/2023 09:14:45,10.85,100,10.86,21344222,JEN,deep
2917,07/29/2023 09:44:45,10.86,100,10.87,21344222,JEN,deep
2918,07/29/2023 10:14:45,10.87,100,10.88,21344222,JEN,deep
2919,07/29/2023 10:44:45,10.86,100,10.87,21344222,JEN,deep
2920,07/29/2023 11:14:45,10.84,100,10.85,21344222,JEN,deep
2921,07/29/2023 11:44:45,10.85,100,10.86,21344222,JEN,deep
2922,07/29/2023 12:14:45,10.86,100,10.87,21344222,JEN,deep
2923,07/29/2023 12:44:45,10.85,100,10.86,21344222,JEN,deep
2924,07/29/2023 13:14:45,10.86,100,10.87,21344222,JEN,deep
2925,07/29/2023 13:44:45,10.84,100,10.85,21344222,JEN,deep
2926,07/29/2023 14:14:45,10.84,100,10.85,21344222,JEN,deep
2927,07/29/2023 14:44:45,10.86,100,10.87,21344222,JEN,deep
2928,07/29/2023 15:14:45,10.84,100,10.85,21344222,JEN,deep
2929,07/29/2023 15:44:45,10.82,100,10.83,21344222,JEN,deep
2930,07/29/2023 16:14:45,10.84,100,10.85,21344222,JEN,deep
2931,07/29/2023 16:44:45,10.84,100,10.85,21344222,JEN,deep
2932,07/29/2023 17:14:45,10.84,100,10.85,21344222,JEN,deep
2933,07/29/2023 17:44:45,10.83,100,10.84,21344222,JEN,deep
2934,07/29/2023 18:14:45,10.86,100,10.87,21344222,JEN,deep
2935,07/29/2023 18:44:45,10.85,100,10.86,21344222,JEN,deep
2936,07/29/2023 19:14:45,10.86,100,10.87,21344222,JEN,deep
2937,07/29/2023 19:44:45,10.87,100,10.88,21344222,JEN,deep
2938,07/29/2023 20:14:45,10.84,100,10.85,21344222,JEN,deep
2939,07/29/2023 20:44:45,10.85,100,10.86,21344222,JEN,deep
2940,07/29/2023 21:14:45,10.87,100,10.88,21344222,JEN,deep
2941,07/29/2023 21:44:45,10.89,100,10.91,21344222,JEN,deep
2942,07/29/2023 22:14:45,10.87,100,10.88,21344222,JEN,deep
2943,07/29/2023 22:44:45,10.85,100,10.86,21344222,JEN,deep
2944,07/29/2023 23:14:45,10.87,100,10.88,21344222,JEN,deep
2945,07/29/2023 23:44:45,10.86,100,10.87,21344222,JEN,deep
2946,07/30/2023 00:14:45,10.86,100,10.87,21344222,JEN,deep
2947,07/30/2023 00:44:45,10.82,100,10.83,21344222,JEN,deep
2948,07/30/2023 01:14:45,10.82,100,10.83,21344222,JEN,deep
2949,07/30/2023 01:44:45,10.87,100,10.88,21344222,JEN,deep
2950,07/30/2023 02:14:45,10.86,100,10.87,21344222,JEN,deep
2951,07/30/2023 02:44:45,10.84,100,10.85,21344222,JEN,deep
2952,07/30/2023 03:14:45,10.84,100,10.85,21344222,JEN,deep
2953,07/30/2023 03:44:45,10.85,100,10.86,21344222,JEN,deep
2954,07/30/2023 04:14:45,10.86,100,10.87,21344222,JEN,deep
2955,07/30/2023 04:44:45,10.86,100,10.87,21344222,JEN,deep
2956,07/30/2023 05:14:45,10.88,100,10.9,21344222,JEN,deep
2957,07/30/2023 05:44:45,10.85,100,10.86,21344222,JEN,deep
2958,07/30/2023 06:14:45,10.86,100,10.87,21344222,JEN,deep
2959,07/30/2023 06:44:45,10.86,100,10.87,21344222,JEN,deep
2960,07/30/2023 07:14:45,10.86,100,10.87,21344222,JEN,deep
2961,07/30/2023 07:44:45,10.84,100,10.85,21344222,JEN,deep
2962,07/30/2023 08:14:45,10.84,100,10.85,21344222,JEN,deep
2963,07/30/2023 08:44:45,10.85,100,10.86,21344222,JEN,deep
2964,07/30/2023 09:14:45,10.86,100,10.87,21344222,JEN,deep
2965,07/30/2023 09:44:45,10.82,100,10.83,21344222,JEN,deep
2966,07/30/2023 10:14:45,10.86,100,10.87,21344222,JEN,deep
2967,07/30/2023 10:44:45,10.87,100,10.88,21344222,JEN,deep
2968,07/30/2023 11:14:45,10.84,100,10.85,21344222,JEN,deep
2969,07/30/2023 11:44:45,10.85,100,10.86,21344222,JEN,deep
2970,07/30/2023 12:14:45,10.86,100,10.87,21344222,JEN,deep
2971,07/30/2023 12:44:45,10.84,100,10.85,21344222,JEN,deep
2972,07/30/2023 13:14:45,10.85,100,10.86,21344222,JEN,deep
2973,07/30/2023 13:44:45,10.83,100,10.84,21344222,JEN,deep
2974,07/30/2023 14:14:45,10.87,100,10.88,21344222,JEN,deep
2975,07/30/2023 14:44:45,10.83,100,10.84,21344222,JEN,deep
2976,07/30/2023 15:14:45,10.88,100,10.9,21344222,JEN,deep
2977,07/30/2023 15:44:45,10.85,100,10.86,21344222,JEN,deep
2978,07/30/2023 16:14:45,10.84,100,10.85,21344222,JEN,deep
2979,07/30/2023 16:44:45,10.85,100,10.86,21344222,JEN,deep
2980,07/30/2023 17:14:45,10.83,100,10.84,21344222,JEN,deep
2981,07/30/2023 17:44:45,10.85,100,10.86,21344222,JEN,deep
2982,07/30/2023 18:14:45,10.86,100,10.87,21344222,JEN,deep
2983,07/30/2023 18:44:45,10.86,100,10.87,21344222,JEN,deep
2984,07/30/2023 19:14:45,10.84,100,10.85,21344222,JEN,deep
2985,07/30/2023 19:44:45,10.87,100,10.88,21344222,JEN,deep
2986,07/30/2023 20:14:45,10.84,100,10.85,21344222,JEN,deep
2987,07/30/2023 20:44:45,10.84,100,10.85,21344222,JEN,deep
2988,07/30/2023 21:14:45,10.86,100,10.87,21344222,JEN,deep
2989,07/30/2023 21:44:45,10.85,100,10.86,21344222,JEN,deep
2990,07/30/2023 22:14:45,10.86,100,10.87,21344222,JEN,deep
2991,07/30/2023 22:44:45,10.85,100,10.86,21344222,JEN,deep
2992,07/30/2023 23:14:45,10.86,100,10.87,21344222,JEN,deep
2993,07/30/2023 23:44:45,10.86,100,10.87,21344222,JEN,deep
2994,07/31/2023 00:14:45,10.86,100,10.87,21344222,JEN,deep
2995,07/31/2023 00:44:45,10.85,100,10.86,21344222,JEN,deep
2996,07/31/2023 01:14:45,10.85,100,10.86,21344222,JEN,deep
2997,07/31/2023 01:44:45,10.88,100,10.9,21344222,JEN,deep
2998,07/31/2023 02:14:45,10.87,100,10.88,21344222,JEN,deep
2999,07/31/2023 02:44:45,10.86,100,10.87,21344222,JEN,deep
3000,07/31/2023 03:14:45,10.88,100,10.9,21344222,JEN,deep
3001,07/31/2023 03:44:45,10.83,100,10.84,21344222,JEN,deep
3002,07/31/2023 04:14:45,10.85,100,10.86,21344222,JEN,deep
3003,07/31/2023 04:44:45,10.86,100,10.87,21344222,JEN,deep
3004,07/31/2023 05:14:45,10.86,100,10.87,21344222,JEN,deep
3005,07/31/2023 05:44:45,10.87,100,10.88,21344222,JEN,deep
3006,07/31/2023 06:14:45,10.85,100,10.86,21344222,JEN,deep
3007,07/31/2023 06:44:45,10.84,100,10.85,21344222,JEN,deep
3008,07/31/2023 07:14:45,10.84,100,10.85,21344222,JEN,deep
3009,07/31/2023 07:44:45,10.86,100,10.87,21344222,JEN,deep
3010,07/31/2023 08:14:45,10.84,100,10.85,21344222,JEN,deep
3011,07/31/2023 08:44:45,10.86,100,10.87,21344222,JEN,deep
3012,07/31/2023 09:14:45,10.85,100,10.86,21344222,JEN,deep
3013,07/31/2023 09:44:45,10.87,100,10.88,21344222,JEN,deep
3014,07/31/2023 10:14:45,10.86,100,10.87,21344222,JEN,deep
3015,07/31/2023 10:44:45,10.86,100,10.87,21344222,JEN,deep
3016,07/31/2023 11:14:45,10.85,100,10.86,21344222,JEN,deep
3017,07/31/2023 11:44:45,10.85,100,10.86,21344222,JEN,deep
3018,07/31/2023 12:14:45,10.88,100,10.9,21344222,JEN,deep
3019,07/31/2023 12:44:45,10.86,100,10.87,21344222,JEN,deep
3020,07/31/2023 13:14:45,10.84,100,10.85,21344222,JEN,deep
3021,07/31/2023 13:44:45,10.85,100,10.86,21344222,JEN,deep
3022,07/31/2023 14:14:45,10.85,100,10.86,21344222,JEN,deep
3023,07/31/2023 14:44:45,10.82,100,10.83,21344222,JEN,deep
3024,07/31/2023 15:14:45,10.86,100,10.87,21344222,JEN,deep
3025,07/31/2023 15:44:45,10.84,100,10.85,21344222,JEN,deep
3026,07/31/2023 16:14:45,10.83,100,10.84,21344222,JEN,deep
3027,07/31/2023 16:44:45,10.85,100,10.86,21344222,JEN,deep
3028,07/31/2023 17:14:45,10.84,100,10.85,21344222,JEN,deep
3029,07/31/2023 17:44:45,10.85,100,10.86,21344222,JEN,deep
3030,07/31/2023 18:14:45,10.87,100,10.88,21344222,JEN,deep
3031,07/31/2023 18:44:45,10.87,100,10.88,21344222,JEN,deep
3032,07/31/2023 19:14:45,10.86,100,10.87,21344222,JEN,deep
3033,07/31/2023 19:44:45,10.86,100,10.87,21344222,JEN,deep
3034,07/31/2023 20:14:45,10.85,100,10.86,21344222,JEN,deep
3035,07/31/2023 20:44:45,10.87,100,10.88,21344222,JEN,deep
3036,07/31/2023 21:14:45,10.86,100,10.87,21344222,JEN,deep
3037,07/31/2023 21:44:45,10.86,100,10.87,21344222,JEN,deep
3038,07/31/2023 22:14:45,10.85,100,10.86,21344222,JEN,deep
3039,07/31/2023 22:44:45,10.89,100,10.91,21344222,JEN,deep
3040,07/31/2023 23:14:45,10.84,100,10.85,21344222,JEN,deep
3041,07/31/2023 23:44:45,10.86,100,10.87,21344222,JEN,deep
3042,8/1/2023 0:14,10.89,100,10.91,21344222,JEN,deep
3043,8/1/2023 0:44,10.86,100,10.87,21344222,JEN,deep
3044,8/1/2023 1:14,10.89,100,10.91,21344222,JEN,deep
3045,8/1/2023 1:44,10.82,100,10.83,21344222,JEN,deep
3046,8/1/2023 2:14,10.88,100,10.9,21344222,JEN,deep
3047,8/1/2023 2:44,10.86,100,10.87,21344222,JEN,deep
3048,8/1/2023 3:14,10.86,100,10.87,21344222,JEN,deep
3049,8/1/2023 3:44,10.86,100,10.87,21344222,JEN,deep
3050,8/1/2023 4:14,10.86,100,10.87,21344222,JEN,deep
3051,8/1/2023 4:44,10.86,100,10.87,21344222,JEN,deep
3052,8/1/2023 5:14,10.86,100,10.87,21344222,JEN,deep
3053,8/1/2023 5:44,10.86,100,10.87,21344222,JEN,deep
3054,8/1/2023 6:14,10.86,100,10.87,21344222,JEN,deep
3055,8/1/2023 6:44,10.84,100,10.85,21344222,JEN,deep
3056,8/1/2023 7:14,10.86,100,10.87,21344222,JEN,deep
3057,8/1/2023 7:44,10.88,100,10.9,21344222,JEN,deep
3058,8/1/2023 8:14,10.86,100,10.87,21344222,JEN,deep
3059,8/1/2023 8:44,10.89,100,10.91,21344222,JEN,deep
3060,8/1/2023 9:14,10.85,100,10.86,21344222,JEN,deep
3061,8/1/2023 9:44,10.87,100,10.88,21344222,JEN,deep
3062,8/1/2023 10:14,10.84,100,10.85,21344222,JEN,deep
3063,8/1/2023 10:44,10.84,100,10.85,21344222,JEN,deep
3064,8/1/2023 11:14,10.86,100,10.87,21344222,JEN,deep
3065,8/1/2023 11:44,10.82,100,10.83,21344222,JEN,deep
3066,8/1/2023 12:14,10.85,100,10.86,21344222,JEN,deep
3067,8/1/2023 12:44,10.84,100,10.85,21344222,JEN,deep
3068,8/1/2023 13:14,10.87,100,10.88,21344222,JEN,deep
3069,8/1/2023 13:44,10.87,100,10.88,21344222,JEN,deep
3070,8/1/2023 14:14,10.86,100,10.87,21344222,JEN,deep
3071,8/1/2023 14:44,10.86,100,10.87,21344222,JEN,deep
3072,8/1/2023 15:14,10.84,100,10.85,21344222,JEN,deep
3073,8/1/2023 15:44,10.87,100,10.88,21344222,JEN,deep
3074,8/1/2023 16:14,10.86,100,10.87,21344222,JEN,deep
3075,8/1/2023 16:44,10.83,100,10.84,21344222,JEN,deep
3076,8/1/2023 17:14,10.86,100,10.87,21344222,JEN,deep
3077,8/1/2023 17:44,10.86,100,10.87,21344222,JEN,deep
3078,8/1/2023 18:14,10.88,100,10.9,21344222,JEN,deep
3079,8/1/2023 18:44,10.88,100,10.9,21344222,JEN,deep
3080,8/1/2023 19:14,10.86,100,10.87,21344222,JEN,deep
3081,8/1/2023 19:44,10.88,100,10.9,21344222,JEN,deep
3082,8/1/2023 20:14,10.88,100,10.9,21344222,JEN,deep
3083,8/1/2023 20:44,10.88,100,10.9,21344222,JEN,deep
3084,8/1/2023 21:14,10.84,100,10.85,21344222,JEN,deep
3085,8/1/2023 21:44,10.86,100,10.87,21344222,JEN,deep
3086,8/1/2023 22:14,10.87,100,10.88,21344222,JEN,deep
3087,8/1/2023 22:44,10.85,100,10.86,21344222,JEN,deep
3088,8/1/2023 23:14,10.83,100,10.84,21344222,JEN,deep
3089,8/1/2023 23:44,10.86,100,10.87,21344222,JEN,deep
3090,8/2/2023 0:14,10.86,100,10.87,21344222,JEN,deep
3091,8/2/2023 0:44,10.85,100,10.86,21344222,JEN,deep
3092,8/2/2023 1:14,10.85,100,10.86,21344222,JEN,deep
3093,8/2/2023 1:44,10.86,100,10.87,21344222,JEN,deep
3094,8/2/2023 2:14,10.86,100,10.87,21344222,JEN,deep
3095,8/2/2023 2:44,10.84,100,10.85,21344222,JEN,deep
3096,8/2/2023 3:14,10.86,100,10.87,21344222,JEN,deep
3097,8/2/2023 3:44,10.86,100,10.87,21344222,JEN,deep
3098,8/2/2023 4:14,10.88,100,10.9,21344222,JEN,deep
3099,8/2/2023 4:44,10.85,100,10.86,21344222,JEN,deep
3100,8/2/2023 5:14,10.86,100,10.87,21344222,JEN,deep
3101,8/2/2023 5:44,10.84,100,10.85,21344222,JEN,deep
3102,8/2/2023 6:14,10.86,100,10.87,21344222,JEN,deep
3103,8/2/2023 6:44,10.86,100,10.87,21344222,JEN,deep
3104,8/2/2023 7:14,10.85,100,10.86,21344222,JEN,deep
3105,8/2/2023 7:44,10.85,100,10.86,21344222,JEN,deep
3106,8/2/2023 8:14,10.84,100,10.85,21344222,JEN,deep
3107,8/2/2023 8:44,10.85,100,10.86,21344222,JEN,deep
3108,8/2/2023 9:14,10.85,100,10.86,21344222,JEN,deep
3109,8/2/2023 9:44,10.87,100,10.88,21344222,JEN,deep
3110,8/2/2023 10:14,10.87,100,10.88,21344222,JEN,deep
3111,8/2/2023 10:44,10.84,100,10.85,21344222,JEN,deep
3112,8/2/2023 11:14,10.86,100,10.87,21344222,JEN,deep
3113,8/2/2023 11:44,10.87,100,10.88,21344222,JEN,deep
3114,8/2/2023 12:14,10.86,100,10.87,21344222,JEN,deep
3115,8/2/2023 12:44,10.84,100,10.85,21344222,JEN,deep
3116,8/2/2023 13:14,10.84,100,10.85,21344222,JEN,deep
3117,8/2/2023 13:44,10.86,100,10.87,21344222,JEN,deep
3118,8/2/2023 14:14,10.84,100,10.85,21344222,JEN,deep
3119,8/2/2023 14:44,10.87,100,10.88,21344222,JEN,deep
3120,8/2/2023 15:14,10.83,100,10.84,21344222,JEN,deep
3121,8/2/2023 15:44,10.84,100,10.85,21344222,JEN,deep
3122,8/2/2023 16:14,10.87,100,10.88,21344222,JEN,deep
3123,8/2/2023 16:44,10.85,100,10.86,21344222,JEN,deep
3124,8/2/2023 17:14,10.87,100,10.88,21344222,JEN,deep
3125,8/2/2023 17:44,10.87,100,10.88,21344222,JEN,deep
3126,8/2/2023 18:14,10.85,100,10.86,21344222,JEN,deep
3127,8/2/2023 18:44,10.85,100,10.86,21344222,JEN,deep
3128,8/2/2023 19:14,10.86,100,10.87,21344222,JEN,deep
3129,8/2/2023 19:44,10.84,100,10.85,21344222,JEN,deep
3130,8/2/2023 20:14,10.86,100,10.87,21344222,JEN,deep
3131,8/2/2023 20:44,10.86,100,10.87,21344222,JEN,deep
3132,8/2/2023 21:14,10.86,100,10.87,21344222,JEN,deep
3133,8/2/2023 21:44,10.84,100,10.85,21344222,JEN,deep
3134,8/2/2023 22:14,10.88,100,10.9,21344222,JEN,deep
3135,8/2/2023 22:44,10.84,100,10.85,21344222,JEN,deep
3136,8/2/2023 23:14,10.86,100,10.87,21344222,JEN,deep
3137,8/2/2023 23:44,10.87,100,10.88,21344222,JEN,deep
3138,8/3/2023 0:14,10.86,100,10.87,21344222,JEN,deep
3139,8/3/2023 0:44,10.87,100,10.88,21344222,JEN,deep
3140,8/3/2023 1:14,10.87,100,10.88,21344222,JEN,deep
3141,8/3/2023 1:44,10.86,100,10.87,21344222,JEN,deep
3142,8/3/2023 2:14,10.87,100,10.88,21344222,JEN,deep
3143,8/3/2023 2:44,10.87,100,10.88,21344222,JEN,deep
3144,8/3/2023 3:14,10.83,100,10.84,21344222,JEN,deep
3145,8/3/2023 3:44,10.86,100,10.87,21344222,JEN,deep
3146,8/3/2023 4:14,10.86,100,10.87,21344222,JEN,deep
3147,8/3/2023 4:44,10.88,100,10.9,21344222,JEN,deep
3148,8/3/2023 5:14,10.86,100,10.87,21344222,JEN,deep
3149,8/3/2023 5:44,10.83,100,10.84,21344222,JEN,deep
3150,8/3/2023 6:14,10.87,100,10.88,21344222,JEN,deep
3151,8/3/2023 6:44,10.86,100,10.87,21344222,JEN,deep
3152,8/3/2023 7:14,10.83,100,10.84,21344222,JEN,deep
3153,8/3/2023 7:44,10.88,100,10.9,21344222,JEN,deep
3154,8/3/2023 8:14,10.9,100,10.92,21344222,JEN,deep
3155,8/3/2023 8:44,10.86,100,10.87,21344222,JEN,deep
3156,8/3/2023 9:14,10.88,100,10.9,21344222,JEN,deep
3157,8/3/2023 9:44,10.86,100,10.87,21344222,JEN,deep
3158,8/3/2023 10:14,10.86,100,10.87,21344222,JEN,deep
3159,8/3/2023 10:44,10.84,100,10.85,21344222,JEN,deep
3160,8/3/2023 11:14,10.84,100,10.85,21344222,JEN,deep
3161,8/3/2023 11:44,10.84,100,10.85,21344222,JEN,deep
3162,8/3/2023 12:14,10.85,100,10.86,21344222,JEN,deep
3163,8/3/2023 12:44,10.87,100,10.88,21344222,JEN,deep
3164,8/3/2023 13:14,10.85,100,10.86,21344222,JEN,deep
3165,8/3/2023 13:44,10.86,100,10.87,21344222,JEN,deep
3166,8/3/2023 14:14,10.85,100,10.86,21344222,JEN,deep
3167,8/3/2023 14:44,10.84,100,10.85,21344222,JEN,deep
3168,8/3/2023 15:14,10.84,100,10.85,21344222,JEN,deep
3169,8/3/2023 15:44,10.85,100,10.86,21344222,JEN,deep
3170,8/3/2023 16:14,10.83,100,10.84,21344222,JEN,deep
3171,8/3/2023 16:44,10.83,100,10.84,21344222,JEN,deep
3172,8/3/2023 17:14,10.84,100,10.85,21344222,JEN,deep
3173,8/3/2023 17:44,10.84,100,10.85,21344222,JEN,deep
3174,8/3/2023 18:14,10.83,100,10.84,21344222,JEN,deep
3175,8/3/2023 18:44,10.85,100,10.86,21344222,JEN,deep
3176,8/3/2023 19:14,10.85,100,10.86,21344222,JEN,deep
3177,8/3/2023 19:44,10.85,100,10.86,21344222,JEN,deep
3178,8/3/2023 20:14,10.83,100,10.84,21344222,JEN,deep
3179,8/3/2023 20:44,10.86,100,10.87,21344222,JEN,deep
3180,8/3/2023 21:14,10.85,100,10.86,21344222,JEN,deep
3181,8/3/2023 21:44,10.85,100,10.86,21344222,JEN,deep
3182,8/3/2023 22:14,10.86,100,10.87,21344222,JEN,deep
3183,8/3/2023 22:44,10.85,100,10.86,21344222,JEN,deep
3184,8/3/2023 23:14,10.85,100,10.86,21344222,JEN,deep
3185,8/3/2023 23:44,10.85,100,10.86,21344222,JEN,deep
3186,8/4/2023 0:14,10.85,100,10.86,21344222,JEN,deep
3187,8/4/2023 0:44,10.87,100,10.88,21344222,JEN,deep
3188,8/4/2023 1:14,10.86,100,10.87,21344222,JEN,deep
3189,8/4/2023 1:44,10.86,100,10.87,21344222,JEN,deep
3190,8/4/2023 2:14,10.86,100,10.87,21344222,JEN,deep
3191,8/4/2023 2:44,10.86,100,10.87,21344222,JEN,deep
3192,8/4/2023 3:14,10.86,100,10.87,21344222,JEN,deep
3193,8/4/2023 3:44,10.85,100,10.86,21344222,JEN,deep
3194,8/4/2023 4:14,10.83,100,10.84,21344222,JEN,deep
3195,8/4/2023 4:44,10.86,100,10.87,21344222,JEN,deep
3196,8/4/2023 5:14,10.85,100,10.86,21344222,JEN,deep
3197,8/4/2023 5:44,10.87,100,10.88,21344222,JEN,deep
3198,8/4/2023 6:14,10.86,100,10.87,21344222,JEN,deep
3199,8/4/2023 6:44,10.85,100,10.86,21344222,JEN,deep
3200,8/4/2023 7:14,10.85,100,10.86,21344222,JEN,deep
3201,8/4/2023 7:44,10.88,100,10.9,21344222,JEN,deep
3202,8/4/2023 8:14,10.85,100,10.86,21344222,JEN,deep
3203,8/4/2023 8:44,10.86,100,10.87,21344222,JEN,deep
3204,8/4/2023 9:14,10.85,100,10.86,21344222,JEN,deep
3205,8/4/2023 9:44,10.88,100,10.9,21344222,JEN,deep
3206,8/4/2023 10:14,10.86,100,10.87,21344222,JEN,deep
3207,8/4/2023 10:44,10.83,100,10.84,21344222,JEN,deep
3208,8/4/2023 11:14,10.85,100,10.86,21344222,JEN,deep
3209,8/4/2023 11:44,10.85,100,10.86,21344222,JEN,deep
3210,8/4/2023 12:14,10.83,100,10.84,21344222,JEN,deep
3211,8/4/2023 12:44,10.85,100,10.86,21344222,JEN,deep
3212,8/4/2023 13:14,10.85,100,10.86,21344222,JEN,deep
3213,8/4/2023 13:44,10.86,100,10.87,21344222,JEN,deep
3214,8/4/2023 14:14,10.86,100,10.87,21344222,JEN,deep
3215,8/4/2023 14:44,10.84,100,10.85,21344222,JEN,deep
3216,8/4/2023 15:14,10.83,100,10.84,21344222,JEN,deep
3217,8/4/2023 15:44,10.83,100,10.84,21344222,JEN,deep
3218,8/4/2023 16:14,10.8,100,10.81,21344222,JEN,deep
3219,8/4/2023 16:44,10.83,100,10.84,21344222,JEN,deep
3220,8/4/2023 17:14,10.85,100,10.86,21344222,JEN,deep
3221,8/4/2023 17:44,10.85,100,10.86,21344222,JEN,deep
3222,8/4/2023 18:14,10.86,100,10.87,21344222,JEN,deep
3223,8/4/2023 18:44,10.85,100,10.86,21344222,JEN,deep
3224,8/4/2023 19:14,10.85,100,10.86,21344222,JEN,deep
3225,8/4/2023 19:44,10.85,100,10.86,21344222,JEN,deep
3226,8/4/2023 20:14,10.87,100,10.88,21344222,JEN,deep
3227,8/4/2023 20:44,10.85,100,10.86,21344222,JEN,deep
3228,8/4/2023 21:14,10.84,100,10.85,21344222,JEN,deep
3229,8/4/2023 21:44,10.85,100,10.86,21344222,JEN,deep
3230,8/4/2023 22:14,10.84,100,10.85,21344222,JEN,deep
3231,8/4/2023 22:44,10.85,100,10.86,21344222,JEN,deep
3232,8/4/2023 23:14,10.86,100,10.87,21344222,JEN,deep
3233,8/4/2023 23:44,10.86,100,10.87,21344222,JEN,deep
3234,8/5/2023 0:14,10.86,100,10.87,21344222,JEN,deep
3235,8/5/2023 0:44,10.83,100,10.84,21344222,JEN,deep
3236,8/5/2023 1:14,10.85,100,10.86,21344222,JEN,deep
3237,8/5/2023 1:44,10.86,100,10.87,21344222,JEN,deep
3238,8/5/2023 2:14,10.86,100,10.87,21344222,JEN,deep
3239,8/5/2023 2:44,10.85,100,10.86,21344222,JEN,deep
3240,8/5/2023 3:14,10.81,100,10.82,21344222,JEN,deep
3241,8/5/2023 3:44,10.84,100,10.85,21344222,JEN,deep
3242,8/5/2023 4:14,10.84,100,10.85,21344222,JEN,deep
3243,8/5/2023 4:44,10.84,100,10.85,21344222,JEN,deep
3244,8/5/2023 5:14,10.84,100,10.85,21344222,JEN,deep
3245,8/5/2023 5:44,10.87,100,10.88,21344222,JEN,deep
3246,8/5/2023 6:14,10.84,100,10.85,21344222,JEN,deep
3247,8/5/2023 6:44,10.85,100,10.86,21344222,JEN,deep
3248,8/5/2023 7:14,10.85,100,10.86,21344222,JEN,deep
3249,8/5/2023 7:44,10.86,100,10.87,21344222,JEN,deep
3250,8/5/2023 8:14,10.85,100,10.86,21344222,JEN,deep
3251,8/5/2023 8:44,10.84,100,10.85,21344222,JEN,deep
3252,8/5/2023 9:14,10.81,100,10.82,21344222,JEN,deep
3253,8/5/2023 9:44,10.83,100,10.84,21344222,JEN,deep
3254,8/5/2023 10:14,10.85,100,10.86,21344222,JEN,deep
3255,8/5/2023 10:44,10.83,100,10.84,21344222,JEN,deep
3256,8/5/2023 11:14,10.86,100,10.87,21344222,JEN,deep
3257,8/5/2023 11:44,10.85,100,10.86,21344222,JEN,deep
3258,8/5/2023 12:14,10.86,100,10.87,21344222,JEN,deep
3259,8/5/2023 12:44,10.84,100,10.85,21344222,JEN,deep
3260,8/5/2023 13:14,10.85,100,10.86,21344222,JEN,deep
3261,8/5/2023 13:44,10.83,100,10.84,21344222,JEN,deep
3262,8/5/2023 14:14,10.84,100,10.85,21344222,JEN,deep
3263,8/5/2023 14:44,10.85,100,10.86,21344222,JEN,deep
3264,8/5/2023 15:14,10.85,100,10.86,21344222,JEN,deep
3265,8/5/2023 15:44,10.83,100,10.84,21344222,JEN,deep
3266,8/5/2023 16:14,10.85,100,10.86,21344222,JEN,deep
3267,8/5/2023 16:44,10.87,100,10.88,21344222,JEN,deep
3268,8/5/2023 17:14,10.82,100,10.83,21344222,JEN,deep
3269,8/5/2023 17:44,10.84,100,10.85,21344222,JEN,deep
3270,8/5/2023 18:14,10.85,100,10.86,21344222,JEN,deep
3271,8/5/2023 18:44,10.83,100,10.84,21344222,JEN,deep
3272,8/5/2023 19:14,10.83,100,10.84,21344222,JEN,deep
3273,8/5/2023 19:44,10.84,100,10.85,21344222,JEN,deep
3274,8/5/2023 20:14,10.84,100,10.85,21344222,JEN,deep
3275,8/5/2023 20:44,10.82,100,10.83,21344222,JEN,deep
3276,8/5/2023 21:14,10.86,100,10.87,21344222,JEN,deep
3277,8/5/2023 21:44,10.83,100,10.84,21344222,JEN,deep
3278,8/5/2023 22:14,10.85,100,10.86,21344222,JEN,deep
3279,8/5/2023 22:44,10.86,100,10.87,21344222,JEN,deep
3280,8/5/2023 23:14,10.86,100,10.87,21344222,JEN,deep
3281,8/5/2023 23:44,10.85,100,10.86,21344222,JEN,deep
3282,8/6/2023 0:14,10.83,100,10.84,21344222,JEN,deep
3283,8/6/2023 0:44,10.83,100,10.84,21344222,JEN,deep
3284,8/6/2023 1:14,10.83,100,10.84,21344222,JEN,deep
3285,8/6/2023 1:44,10.84,100,10.85,21344222,JEN,deep
3286,8/6/2023 2:14,10.84,100,10.85,21344222,JEN,deep
3287,8/6/2023 2:44,10.83,100,10.84,21344222,JEN,deep
3288,8/6/2023 3:14,10.86,100,10.87,21344222,JEN,deep
3289,8/6/2023 3:44,10.83,100,10.84,21344222,JEN,deep
3290,8/6/2023 4:14,10.82,100,10.83,21344222,JEN,deep
3291,8/6/2023 4:44,10.87,100,10.88,21344222,JEN,deep
3292,8/6/2023 5:14,10.84,100,10.85,21344222,JEN,deep
3293,8/6/2023 5:44,10.83,100,10.84,21344222,JEN,deep
3294,8/6/2023 6:14,10.84,100,10.85,21344222,JEN,deep
3295,8/6/2023 6:44,10.86,100,10.87,21344222,JEN,deep
3296,8/6/2023 7:14,10.84,100,10.85,21344222,JEN,deep
3297,8/6/2023 7:44,10.84,100,10.85,21344222,JEN,deep
3298,8/6/2023 8:14,10.83,100,10.84,21344222,JEN,deep
3299,8/6/2023 8:44,10.84,100,10.85,21344222,JEN,deep
3300,8/6/2023 9:14,10.85,100,10.86,21344222,JEN,deep
3301,8/6/2023 9:44,10.86,100,10.87,21344222,JEN,deep
3302,8/6/2023 10:14,10.84,100,10.85,21344222,JEN,deep
3303,8/6/2023 10:44,10.83,100,10.84,21344222,JEN,deep
3304,8/6/2023 11:14,10.83,100,10.84,21344222,JEN,deep
3305,8/6/2023 11:44,10.84,100,10.85,21344222,JEN,deep
3306,8/6/2023 12:14,10.85,100,10.86,21344222,JEN,deep
3307,8/6/2023 12:44,10.86,100,10.87,21344222,JEN,deep
3308,8/6/2023 13:14,10.85,100,10.86,21344222,JEN,deep
3309,8/6/2023 13:44,10.86,100,10.87,21344222,JEN,deep
3310,8/6/2023 14:14,10.85,100,10.86,21344222,JEN,deep
3311,8/6/2023 14:44,10.83,100,10.84,21344222,JEN,deep
3312,8/6/2023 15:14,10.85,100,10.86,21344222,JEN,deep
3313,8/6/2023 15:44,10.85,100,10.86,21344222,JEN,deep
3314,8/6/2023 16:14,10.84,100,10.85,21344222,JEN,deep
3315,8/6/2023 16:44,10.83,100,10.84,21344222,JEN,deep
3316,8/6/2023 17:14,10.85,100,10.86,21344222,JEN,deep
3317,8/6/2023 17:44,10.84,100,10.85,21344222,JEN,deep
3318,8/6/2023 18:14,10.86,100,10.87,21344222,JEN,deep
3319,8/6/2023 18:44,10.84,100,10.85,21344222,JEN,deep
3320,8/6/2023 19:14,10.86,100,10.87,21344222,JEN,deep
3321,8/6/2023 19:44,10.86,100,10.87,21344222,JEN,deep
3322,8/6/2023 20:14,10.83,100,10.84,21344222,JEN,deep
3323,8/6/2023 20:44,10.85,100,10.86,21344222,JEN,deep
3324,8/6/2023 21:14,10.85,100,10.86,21344222,JEN,deep
3325,8/6/2023 21:44,10.85,100,10.86,21344222,JEN,deep
3326,8/6/2023 22:14,10.84,100,10.85,21344222,JEN,deep
3327,8/6/2023 22:44,10.85,100,10.86,21344222,JEN,deep
3328,8/6/2023 23:14,10.86,100,10.87,21344222,JEN,deep
3329,8/6/2023 23:44,10.86,100,10.87,21344222,JEN,deep
3330,8/7/2023 0:14,10.84,100,10.85,21344222,JEN,deep
3331,8/7/2023 0:44,10.85,100,10.86,21344222,JEN,deep
3332,8/7/2023 1:14,10.85,100,10.86,21344222,JEN,deep
3333,8/7/2023 1:44,10.86,100,10.87,21344222,JEN,deep
3334,8/7/2023 2:14,10.86,100,10.87,21344222,JEN,deep
3335,8/7/2023 2:44,10.85,100,10.86,21344222,JEN,deep
3336,8/7/2023 3:14,10.85,100,10.86,21344222,JEN,deep
3337,8/7/2023 3:44,10.86,100,10.87,21344222,JEN,deep
3338,8/7/2023 4:14,10.84,100,10.85,21344222,JEN,deep
3339,8/7/2023 4:44,10.86,100,10.87,21344222,JEN,deep
3340,8/7/2023 5:14,10.85,100,10.86,21344222,JEN,deep
3341,8/7/2023 5:44,10.85,100,10.86,21344222,JEN,deep
3342,8/7/2023 6:14,10.86,100,10.87,21344222,JEN,deep
3343,8/7/2023 6:44,10.88,100,10.9,21344222,JEN,deep
3344,8/7/2023 7:14,10.85,100,10.86,21344222,JEN,deep
3345,8/7/2023 7:44,10.84,100,10.85,21344222,JEN,deep
3346,8/7/2023 8:14,10.86,100,10.87,21344222,JEN,deep
3347,8/7/2023 8:44,10.86,100,10.87,21344222,JEN,deep
3348,8/7/2023 9:14,10.85,100,10.86,21344222,JEN,deep
3349,8/7/2023 9:44,10.82,100,10.83,21344222,JEN,deep
3350,8/7/2023 10:14,10.84,100,10.85,21344222,JEN,deep
3351,8/7/2023 10:44,10.82,100,10.83,21344222,JEN,deep
3352,8/7/2023 11:14,10.85,100,10.86,21344222,JEN,deep
3353,8/7/2023 11:44,10.85,100,10.86,21344222,JEN,deep
3354,8/7/2023 12:14,10.87,100,10.88,21344222,JEN,deep
3355,8/7/2023 12:44,10.86,100,10.87,21344222,JEN,deep
3356,8/7/2023 13:14,10.83,100,10.84,21344222,JEN,deep
3357,8/7/2023 13:44,10.86,100,10.87,21344222,JEN,deep
3358,8/7/2023 14:14,10.85,100,10.86,21344222,JEN,deep
3359,8/7/2023 14:44,10.84,100,10.85,21344222,JEN,deep
3360,8/7/2023 15:14,10.84,100,10.85,21344222,JEN,deep
3361,8/7/2023 15:44,10.85,100,10.86,21344222,JEN,deep
3362,8/7/2023 16:14,10.84,100,10.85,21344222,JEN,deep
3363,8/7/2023 16:44,10.85,100,10.86,21344222,JEN,deep
3364,8/7/2023 17:14,10.84,100,10.85,21344222,JEN,deep
3365,8/7/2023 17:44,10.86,100,10.87,21344222,JEN,deep
3366,8/7/2023 18:14,10.86,100,10.87,21344222,JEN,deep
3367,8/7/2023 18:44,10.82,100,10.83,21344222,JEN,deep
3368,8/7/2023 19:14,10.85,100,10.86,21344222,JEN,deep
3369,8/7/2023 19:44,10.85,100,10.86,21344222,JEN,deep
3370,8/7/2023 20:14,10.86,100,10.87,21344222,JEN,deep
3371,8/7/2023 20:44,10.86,100,10.87,21344222,JEN,deep
3372,8/7/2023 21:14,10.86,100,10.87,21344222,JEN,deep
3373,8/7/2023 21:44,10.84,100,10.85,21344222,JEN,deep
3374,8/7/2023 22:14,10.85,100,10.86,21344222,JEN,deep
3375,8/7/2023 22:44,10.86,100,10.87,21344222,JEN,deep
3376,8/7/2023 23:14,10.86,100,10.87,21344222,JEN,deep
3377,8/7/2023 23:44,10.82,100,10.83,21344222,JEN,deep
3378,8/8/2023 0:14,10.84,100,10.85,21344222,JEN,deep
3379,8/8/2023 0:44,10.84,100,10.85,21344222,JEN,deep
3380,8/8/2023 1:14,10.86,100,10.87,21344222,JEN,deep
3381,8/8/2023 1:44,10.85,100,10.86,21344222,JEN,deep
3382,8/8/2023 2:14,10.87,100,10.88,21344222,JEN,deep
3383,8/8/2023 2:44,10.86,100,10.87,21344222,JEN,deep
3384,8/8/2023 3:14,10.85,100,10.86,21344222,JEN,deep
3385,8/8/2023 3:44,10.86,100,10.87,21344222,JEN,deep
3386,8/8/2023 4:14,10.84,100,10.85,21344222,JEN,deep
3387,8/8/2023 4:44,10.84,100,10.85,21344222,JEN,deep
3388,8/8/2023 5:14,10.85,100,10.86,21344222,JEN,deep
3389,8/8/2023 5:44,10.83,100,10.84,21344222,JEN,deep
3390,8/8/2023 6:14,10.87,100,10.88,21344222,JEN,deep
3391,8/8/2023 6:44,10.86,100,10.87,21344222,JEN,deep
3392,8/8/2023 7:14,10.85,100,10.86,21344222,JEN,deep
3393,8/8/2023 7:44,10.88,100,10.9,21344222,JEN,deep
3394,8/8/2023 8:14,10.87,100,10.88,21344222,JEN,deep
3395,8/8/2023 8:44,10.86,100,10.87,21344222,JEN,deep
3396,8/8/2023 9:14,10.89,100,10.91,21344222,JEN,deep
3397,8/8/2023 9:44,10.85,100,10.86,21344222,JEN,deep
3398,8/8/2023 10:14,10.85,100,10.86,21344222,JEN,deep
3399,8/8/2023 10:44,10.87,100,10.88,21344222,JEN,deep
3400,8/8/2023 11:14,10.86,100,10.87,21344222,JEN,deep
3401,8/8/2023 11:44,10.85,100,10.86,21344222,JEN,deep
3402,8/8/2023 12:14,10.85,100,10.86,21344222,JEN,deep
3403,8/8/2023 12:44,10.86,100,10.87,21344222,JEN,deep
3404,8/8/2023 13:14,10.85,100,10.86,21344222,JEN,deep
3405,8/8/2023 13:44,10.85,100,10.86,21344222,JEN,deep
3406,8/8/2023 14:14,10.84,100,10.85,21344222,JEN,deep
3407,8/8/2023 14:44,10.84,100,10.85,21344222,JEN,deep
3408,8/8/2023 15:14,10.85,100,10.86,21344222,JEN,deep
3409,8/8/2023 15:44,10.84,100,10.85,21344222,JEN,deep
3410,8/8/2023 16:14,10.83,100,10.84,21344222,JEN,deep
3411,8/8/2023 16:44,10.84,100,10.85,21344222,JEN,deep
3412,8/8/2023 17:14,10.86,100,10.87,21344222,JEN,deep
3413,8/8/2023 17:44,10.86,100,10.87,21344222,JEN,deep
3414,8/8/2023 18:14,10.82,100,10.83,21344222,JEN,deep
3415,8/8/2023 18:44,10.84,100,10.85,21344222,JEN,deep
3416,8/8/2023 19:14,10.86,100,10.87,21344222,JEN,deep
3417,8/8/2023 19:44,10.85,100,10.86,21344222,JEN,deep
3418,8/8/2023 20:14,10.85,100,10.86,21344222,JEN,deep
3419,8/8/2023 20:44,10.86,100,10.87,21344222,JEN,deep
3420,8/8/2023 21:14,10.86,100,10.87,21344222,JEN,deep
3421,8/8/2023 21:44,10.84,100,10.85,21344222,JEN,deep
3422,8/8/2023 22:14,10.86,100,10.87,21344222,JEN,deep
3423,8/8/2023 22:44,10.84,100,10.85,21344222,JEN,deep
3424,8/8/2023 23:14,10.86,100,10.87,21344222,JEN,deep
3425,8/8/2023 23:44,10.84,100,10.85,21344222,JEN,deep
3426,8/9/2023 0:14,10.86,100,10.87,21344222,JEN,deep
3427,8/9/2023 0:44,10.88,100,10.9,21344222,JEN,deep
3428,8/9/2023 1:14,10.86,100,10.87,21344222,JEN,deep
3429,8/9/2023 1:44,10.84,100,10.85,21344222,JEN,deep
3430,8/9/2023 2:14,10.84,100,10.85,21344222,JEN,deep
3431,8/9/2023 2:44,10.86,100,10.87,21344222,JEN,deep
3432,8/9/2023 3:14,10.87,100,10.88,21344222,JEN,deep
3433,8/9/2023 3:44,10.87,100,10.88,21344222,JEN,deep
3434,8/9/2023 4:14,10.86,100,10.87,21344222,JEN,deep
3435,8/9/2023 4:44,10.85,100,10.86,21344222,JEN,deep
3436,8/9/2023 5:14,10.85,100,10.86,21344222,JEN,deep
3437,8/9/2023 5:44,10.85,100,10.86,21344222,JEN,deep
3438,8/9/2023 6:14,10.86,100,10.87,21344222,JEN,deep
3439,8/9/2023 6:44,10.85,100,10.86,21344222,JEN,deep
3440,8/9/2023 7:14,10.85,100,10.86,21344222,JEN,deep
3441,8/9/2023 7:44,10.87,100,10.88,21344222,JEN,deep
3442,8/9/2023 8:14,10.85,100,10.86,21344222,JEN,deep
3443,8/9/2023 8:44,10.84,100,10.85,21344222,JEN,deep
3444,8/9/2023 9:14,10.85,100,10.86,21344222,JEN,deep
3445,8/9/2023 9:44,10.86,100,10.87,21344222,JEN,deep
3446,8/9/2023 10:14,10.87,100,10.88,21344222,JEN,deep
3447,8/9/2023 10:44,10.83,100,10.84,21344222,JEN,deep
3448,8/9/2023 11:14,10.83,100,10.84,21344222,JEN,deep
3449,8/9/2023 11:44,10.86,100,10.87,21344222,JEN,deep
3450,8/9/2023 12:14,10.84,100,10.85,21344222,JEN,deep
3451,8/9/2023 12:44,10.84,100,10.85,21344222,JEN,deep
3452,8/9/2023 13:14,10.82,100,10.83,21344222,JEN,deep
3453,8/9/2023 13:44,10.82,100,10.83,21344222,JEN,deep
3454,8/9/2023 14:14,10.82,100,10.83,21344222,JEN,deep
3455,8/9/2023 14:44,10.84,100,10.85,21344222,JEN,deep
3456,8/9/2023 15:14,10.84,100,10.85,21344222,JEN,deep
3457,8/9/2023 15:44,10.84,100,10.85,21344222,JEN,deep
3458,8/9/2023 16:14,10.84,100,10.85,21344222,JEN,deep
3459,8/9/2023 16:44,10.83,100,10.84,21344222,JEN,deep
3460,8/9/2023 17:14,10.84,100,10.85,21344222,JEN,deep
3461,8/9/2023 17:44,10.86,100,10.87,21344222,JEN,deep
3462,8/9/2023 18:14,10.86,100,10.87,21344222,JEN,deep
3463,8/9/2023 18:44,10.83,100,10.84,21344222,JEN,deep
3464,8/9/2023 19:14,10.84,100,10.85,21344222,JEN,deep
3465,8/9/2023 19:44,10.86,100,10.87,21344222,JEN,deep
3466,8/9/2023 20:14,10.84,100,10.85,21344222,JEN,deep
3467,8/9/2023 20:44,10.86,100,10.87,21344222,JEN,deep
3468,8/9/2023 21:14,10.86,100,10.87,21344222,JEN,deep
3469,8/9/2023 21:44,10.84,100,10.85,21344222,JEN,deep
3470,8/9/2023 22:14,10.85,100,10.86,21344222,JEN,deep
3471,8/9/2023 22:44,10.85,100,10.86,21344222,JEN,deep
3472,8/9/2023 23:14,10.83,100,10.84,21344222,JEN,deep
3473,8/9/2023 23:44,10.86,100,10.87,21344222,JEN,deep
3474,8/10/2023 0:14,10.83,100,10.84,21344222,JEN,deep
3475,8/10/2023 0:44,10.84,100,10.85,21344222,JEN,deep
3476,8/10/2023 1:14,10.83,100,10.84,21344222,JEN,deep
3477,8/10/2023 1:44,10.84,100,10.85,21344222,JEN,deep
3478,8/10/2023 2:14,10.86,100,10.87,21344222,JEN,deep
3479,8/10/2023 2:44,10.82,100,10.83,21344222,JEN,deep
3480,8/10/2023 3:14,10.85,100,10.86,21344222,JEN,deep
3481,8/10/2023 3:44,10.86,100,10.87,21344222,JEN,deep
3482,8/10/2023 4:14,10.86,100,10.87,21344222,JEN,deep
3483,8/10/2023 4:44,10.85,100,10.86,21344222,JEN,deep
3484,8/10/2023 5:14,10.84,100,10.85,21344222,JEN,deep
3485,8/10/2023 5:44,10.85,100,10.86,21344222,JEN,deep
3486,8/10/2023 6:14,10.83,100,10.84,21344222,JEN,deep
3487,8/10/2023 6:44,10.86,100,10.87,21344222,JEN,deep
3488,8/10/2023 7:14,10.85,100,10.86,21344222,JEN,deep
3489,8/10/2023 7:44,10.83,100,10.84,21344222,JEN,deep
3490,8/10/2023 8:14,10.85,100,10.86,21344222,JEN,deep
3491,8/10/2023 8:44,10.87,100,10.88,21344222,JEN,deep
3492,8/10/2023 9:14,10.85,100,10.86,21344222,JEN,deep
3493,8/10/2023 9:44,10.84,100,10.85,21344222,JEN,deep
3494,8/10/2023 10:14,10.83,100,10.84,21344222,JEN,deep
3495,8/10/2023 10:44,10.84,100,10.85,21344222,JEN,deep
3496,8/10/2023 11:14,10.86,100,10.87,21344222,JEN,deep
3497,8/10/2023 11:44,10.85,100,10.86,21344222,JEN,deep
3498,8/10/2023 12:14,10.85,100,10.86,21344222,JEN,deep
3499,8/10/2023 12:44,10.84,100,10.85,21344222,JEN,deep
3500,8/10/2023 13:14,10.83,100,10.84,21344222,JEN,deep
3501,8/10/2023 13:44,10.86,100,10.87,21344222,JEN,deep
3502,8/10/2023 14:14,10.83,100,10.84,21344222,JEN,deep
3503,8/10/2023 14:44,10.86,100,10.87,21344222,JEN,deep
3504,8/10/2023 15:14,10.84,100,10.85,21344222,JEN,deep
3505,8/10/2023 15:44,10.84,100,10.85,21344222,JEN,deep
3506,8/10/2023 16:14,10.85,100,10.86,21344222,JEN,deep
3507,8/10/2023 16:44,10.86,100,10.87,21344222,JEN,deep
3508,8/10/2023 17:14,10.83,100,10.84,21344222,JEN,deep
3509,8/10/2023 17:44,10.84,100,10.85,21344222,JEN,deep
3510,8/10/2023 18:14,10.84,100,10.85,21344222,JEN,deep
3511,8/10/2023 18:44,10.83,100,10.84,21344222,JEN,deep
3512,8/10/2023 19:14,10.84,100,10.85,21344222,JEN,deep
3513,8/10/2023 19:44,10.84,100,10.85,21344222,JEN,deep
3514,8/10/2023 20:14,10.86,100,10.87,21344222,JEN,deep
3515,8/10/2023 20:44,10.85,100,10.86,21344222,JEN,deep
3516,8/10/2023 21:14,10.83,100,10.84,21344222,JEN,deep
3517,8/10/2023 21:44,10.82,100,10.83,21344222,JEN,deep
3518,8/10/2023 22:14,10.84,100,10.85,21344222,JEN,deep
3519,8/10/2023 22:44,10.83,100,10.84,21344222,JEN,deep
3520,8/10/2023 23:14,10.84,100,10.85,21344222,JEN,deep
3521,8/10/2023 23:44,10.85,100,10.86,21344222,JEN,deep
3522,8/11/2023 0:14,10.85,100,10.86,21344222,JEN,deep
3523,8/11/2023 0:44,10.85,100,10.86,21344222,JEN,deep
3524,8/11/2023 1:14,10.85,100,10.86,21344222,JEN,deep
3525,8/11/2023 1:44,10.86,100,10.87,21344222,JEN,deep
3526,8/11/2023 2:14,10.85,100,10.86,21344222,JEN,deep
3527,8/11/2023 2:44,10.85,100,10.86,21344222,JEN,deep
3528,8/11/2023 3:14,10.87,100,10.88,21344222,JEN,deep
3529,8/11/2023 3:44,10.86,100,10.87,21344222,JEN,deep
3530,8/11/2023 4:14,10.83,100,10.84,21344222,JEN,deep
3531,8/11/2023 4:44,10.85,100,10.86,21344222,JEN,deep
3532,8/11/2023 5:14,10.85,100,10.86,21344222,JEN,deep
3533,8/11/2023 5:44,10.86,100,10.87,21344222,JEN,deep
3534,8/11/2023 6:14,10.86,100,10.87,21344222,JEN,deep
3535,8/11/2023 6:44,10.82,100,10.83,21344222,JEN,deep
3536,8/11/2023 7:14,10.84,100,10.85,21344222,JEN,deep
3537,8/11/2023 7:44,10.83,100,10.84,21344222,JEN,deep
3538,8/11/2023 8:14,10.85,100,10.86,21344222,JEN,deep
3539,8/11/2023 8:44,10.84,100,10.85,21344222,JEN,deep
3540,8/11/2023 9:14,10.83,100,10.84,21344222,JEN,deep
3541,8/11/2023 9:44,10.83,100,10.84,21344222,JEN,deep
3542,8/11/2023 10:14,10.85,100,10.86,21344222,JEN,deep
3543,8/11/2023 10:44,10.83,100,10.84,21344222,JEN,deep
3544,8/11/2023 11:14,10.86,100,10.87,21344222,JEN,deep
3545,8/11/2023 11:44,10.82,100,10.83,21344222,JEN,deep
3546,8/11/2023 12:14,10.81,100,10.82,21344222,JEN,deep
3547,8/11/2023 12:44,10.83,100,10.84,21344222,JEN,deep
3548,8/11/2023 13:14,10.82,100,10.83,21344222,JEN,deep
3549,8/11/2023 13:44,10.81,100,10.82,21344222,JEN,deep
3550,8/11/2023 14:14,10.84,100,10.85,21344222,JEN,deep
3551,8/11/2023 14:44,10.83,100,10.84,21344222,JEN,deep
3552,8/11/2023 15:14,10.81,100,10.82,21344222,JEN,deep
3553,8/11/2023 15:44,10.83,100,10.84,21344222,JEN,deep
3554,8/11/2023 16:14,10.84,100,10.85,21344222,JEN,deep
3555,8/11/2023 16:44,10.81,100,10.82,21344222,JEN,deep
3556,8/11/2023 17:14,10.84,100,10.85,21344222,JEN,deep
3557,8/11/2023 17:44,10.82,100,10.83,21344222,JEN,deep
3558,8/11/2023 18:14,10.84,100,10.85,21344222,JEN,deep
3559,8/11/2023 18:44,10.85,100,10.86,21344222,JEN,deep
3560,8/11/2023 19:14,10.84,100,10.85,21344222,JEN,deep
3561,8/11/2023 19:44,10.86,100,10.87,21344222,JEN,deep
3562,8/11/2023 20:14,10.84,100,10.85,21344222,JEN,deep
3563,8/11/2023 20:44,10.82,100,10.83,21344222,JEN,deep
3564,8/11/2023 21:14,10.85,100,10.86,21344222,JEN,deep
3565,8/11/2023 21:44,10.84,100,10.85,21344222,JEN,deep
3566,8/11/2023 22:14,10.85,100,10.86,21344222,JEN,deep
3567,8/11/2023 22:44,10.84,100,10.85,21344222,JEN,deep
3568,8/11/2023 23:14,10.84,100,10.85,21344222,JEN,deep
3569,8/11/2023 23:44,10.86,100,10.87,21344222,JEN,deep
3570,8/12/2023 0:14,10.85,100,10.86,21344222,JEN,deep
3571,8/12/2023 0:44,10.85,100,10.86,21344222,JEN,deep
3572,8/12/2023 1:14,10.84,100,10.85,21344222,JEN,deep
3573,8/12/2023 1:44,10.83,100,10.84,21344222,JEN,deep
3574,8/12/2023 2:14,10.86,100,10.87,21344222,JEN,deep
3575,8/12/2023 2:44,10.84,100,10.85,21344222,JEN,deep
3576,8/12/2023 3:14,10.85,100,10.86,21344222,JEN,deep
3577,8/12/2023 3:44,10.83,100,10.84,21344222,JEN,deep
3578,8/12/2023 4:14,10.84,100,10.85,21344222,JEN,deep
3579,8/12/2023 4:44,10.86,100,10.87,21344222,JEN,deep
3580,8/12/2023 5:14,10.83,100,10.84,21344222,JEN,deep
3581,8/12/2023 5:44,10.85,100,10.86,21344222,JEN,deep
3582,8/12/2023 6:14,10.83,100,10.84,21344222,JEN,deep
3583,8/12/2023 6:44,10.83,100,10.84,21344222,JEN,deep
3584,8/12/2023 7:14,10.82,100,10.83,21344222,JEN,deep
3585,8/12/2023 7:44,10.85,100,10.86,21344222,JEN,deep
3586,8/12/2023 8:14,10.82,100,10.83,21344222,JEN,deep
3587,8/12/2023 8:44,10.86,100,10.87,21344222,JEN,deep
3588,8/12/2023 9:14,10.84,100,10.85,21344222,JEN,deep
3589,8/12/2023 9:44,10.85,100,10.86,21344222,JEN,deep
3590,8/12/2023 10:14,10.85,100,10.86,21344222,JEN,deep
3591,8/12/2023 10:44,10.84,100,10.85,21344222,JEN,deep
3592,8/12/2023 11:14,10.86,100,10.87,21344222,JEN,deep
3593,8/12/2023 11:44,10.83,100,10.84,21344222,JEN,deep
3594,8/12/2023 12:14,10.83,100,10.84,21344222,JEN,deep
3595,8/12/2023 12:44,10.83,100,10.84,21344222,JEN,deep
3596,8/12/2023 13:14,10.82,100,10.83,21344222,JEN,deep
3597,8/12/2023 13:44,10.87,100,10.88,21344222,JEN,deep
3598,8/12/2023 14:14,10.85,100,10.86,21344222,JEN,deep
3599,8/12/2023 14:44,10.83,100,10.84,21344222,JEN,deep
3600,8/12/2023 15:14,10.83,100,10.84,21344222,JEN,deep
3601,8/12/2023 15:44,10.82,100,10.83,21344222,JEN,deep
3602,8/12/2023 16:14,10.82,100,10.83,21344222,JEN,deep
3603,8/12/2023 16:44,10.88,100,10.9,21344222,JEN,deep
3604,8/12/2023 17:14,10.81,100,10.82,21344222,JEN,deep
3605,8/12/2023 17:44,10.84,100,10.85,21344222,JEN,deep
3606,8/12/2023 18:14,10.84,100,10.85,21344222,JEN,deep
3607,8/12/2023 18:44,10.84,100,10.85,21344222,JEN,deep
3608,8/12/2023 19:14,10.86,100,10.87,21344222,JEN,deep
3609,8/12/2023 19:44,10.84,100,10.85,21344222,JEN,deep
3610,8/12/2023 20:14,10.85,100,10.86,21344222,JEN,deep
3611,8/12/2023 20:44,10.86,100,10.87,21344222,JEN,deep
3612,8/12/2023 21:14,10.86,100,10.87,21344222,JEN,deep
3613,8/12/2023 21:44,10.86,100,10.87,21344222,JEN,deep
3614,8/12/2023 22:14,10.84,100,10.85,21344222,JEN,deep
3615,8/12/2023 22:44,10.84,100,10.85,21344222,JEN,deep
3616,8/12/2023 23:14,10.84,100,10.85,21344222,JEN,deep
3617,8/12/2023 23:44,10.86,100,10.87,21344222,JEN,deep
3618,08/13/2023 00:14:45,10.85,100,10.86,21344222,JEN,deep
3619,08/13/2023 00:44:45,10.84,100,10.85,21344222,JEN,deep
3620,08/13/2023 01:14:45,10.85,100,10.86,21344222,JEN,deep
3621,08/13/2023 01:44:45,10.86,100,10.87,21344222,JEN,deep
3622,08/13/2023 02:14:45,10.83,100,10.84,21344222,JEN,deep
3623,08/13/2023 02:44:45,10.85,100,10.86,21344222,JEN,deep
3624,08/13/2023 03:14:45,10.84,100,10.85,21344222,JEN,deep
3625,08/13/2023 03:44:45,10.86,100,10.87,21344222,JEN,deep
3626,08/13/2023 04:14:45,10.82,100,10.83,21344222,JEN,deep
3627,08/13/2023 04:44:45,10.85,100,10.86,21344222,JEN,deep
3628,08/13/2023 05:14:45,10.85,100,10.86,21344222,JEN,deep
3629,08/13/2023 05:44:45,10.86,100,10.87,21344222,JEN,deep
3630,08/13/2023 06:14:45,10.86,100,10.87,21344222,JEN,deep
3631,08/13/2023 06:44:45,10.86,100,10.87,21344222,JEN,deep
3632,08/13/2023 07:14:45,10.85,100,10.86,21344222,JEN,deep
3633,08/13/2023 07:44:45,10.81,100,10.82,21344222,JEN,deep
3634,08/13/2023 08:14:45,10.84,100,10.85,21344222,JEN,deep
3635,08/13/2023 08:44:45,10.86,100,10.87,21344222,JEN,deep
3636,08/13/2023 09:14:45,10.86,100,10.87,21344222,JEN,deep
3637,08/13/2023 09:44:45,10.83,100,10.84,21344222,JEN,deep
3638,08/13/2023 10:14:45,10.85,100,10.86,21344222,JEN,deep
3639,08/13/2023 10:44:45,10.86,100,10.87,21344222,JEN,deep
3640,08/13/2023 11:14:45,10.83,100,10.84,21344222,JEN,deep
3641,08/13/2023 11:44:45,10.82,100,10.83,21344222,JEN,deep
3642,08/13/2023 12:14:45,10.82,100,10.83,21344222,JEN,deep
3643,08/13/2023 12:44:45,10.85,100,10.86,21344222,JEN,deep
3644,08/13/2023 13:14:45,10.84,100,10.85,21344222,JEN,deep
3645,08/13/2023 13:44:45,10.82,100,10.83,21344222,JEN,deep
3646,08/13/2023 14:14:45,10.84,100,10.85,21344222,JEN,deep
3647,08/13/2023 14:44:45,10.82,100,10.83,21344222,JEN,deep
3648,08/13/2023 15:14:45,10.83,100,10.84,21344222,JEN,deep
3649,08/13/2023 15:44:45,10.85,100,10.86,21344222,JEN,deep
3650,08/13/2023 16:14:45,10.85,100,10.86,21344222,JEN,deep
3651,08/13/2023 16:44:45,10.82,100,10.83,21344222,JEN,deep
3652,08/13/2023 17:14:45,10.82,100,10.83,21344222,JEN,deep
3653,08/13/2023 17:44:45,10.84,100,10.85,21344222,JEN,deep
3654,08/13/2023 18:14:45,10.82,100,10.83,21344222,JEN,deep
3655,08/13/2023 18:44:45,10.85,100,10.86,21344222,JEN,deep
3656,08/13/2023 19:14:45,10.84,100,10.85,21344222,JEN,deep
3657,08/13/2023 19:44:45,10.82,100,10.83,21344222,JEN,deep
3658,08/13/2023 20:14:45,10.84,100,10.85,21344222,JEN,deep
3659,08/13/2023 20:44:45,10.86,100,10.87,21344222,JEN,deep
3660,08/13/2023 21:14:45,10.85,100,10.86,21344222,JEN,deep
3661,08/13/2023 21:44:45,10.84,100,10.85,21344222,JEN,deep
3662,08/13/2023 22:14:45,10.84,100,10.85,21344222,JEN,deep
3663,08/13/2023 22:44:45,10.86,100,10.87,21344222,JEN,deep
3664,08/13/2023 23:14:45,10.83,100,10.84,21344222,JEN,deep
3665,08/13/2023 23:44:45,10.83,100,10.84,21344222,JEN,deep
3666,08/14/2023 00:14:45,10.84,100,10.85,21344222,JEN,deep
3667,08/14/2023 00:44:45,10.84,100,10.85,21344222,JEN,deep
3668,08/14/2023 01:14:45,10.83,100,10.84,21344222,JEN,deep
3669,08/14/2023 01:44:45,10.84,100,10.85,21344222,JEN,deep
3670,08/14/2023 02:14:45,10.84,100,10.85,21344222,JEN,deep
3671,08/14/2023 02:44:45,10.86,100,10.87,21344222,JEN,deep
3672,08/14/2023 03:14:45,10.86,100,10.87,21344222,JEN,deep
3673,08/14/2023 03:44:45,10.82,100,10.83,21344222,JEN,deep
3674,08/14/2023 04:14:45,10.84,100,10.85,21344222,JEN,deep
3675,08/14/2023 04:44:45,10.82,100,10.83,21344222,JEN,deep
3676,08/14/2023 05:14:45,10.86,100,10.87,21344222,JEN,deep
3677,08/14/2023 05:44:45,10.84,100,10.85,21344222,JEN,deep
3678,08/14/2023 06:14:45,10.82,100,10.83,21344222,JEN,deep
3679,08/14/2023 06:44:45,10.85,100,10.86,21344222,JEN,deep
3680,08/14/2023 07:14:45,10.82,100,10.83,21344222,JEN,deep
3681,08/14/2023 07:44:45,10.85,100,10.86,21344222,JEN,deep
3682,08/14/2023 08:14:45,10.83,100,10.84,21344222,JEN,deep
3683,08/14/2023 08:44:45,10.82,100,10.83,21344222,JEN,deep
3684,08/14/2023 09:14:45,10.83,100,10.84,21344222,JEN,deep
3685,08/14/2023 09:44:45,10.86,100,10.87,21344222,JEN,deep
3686,08/14/2023 10:14:45,10.85,100,10.86,21344222,JEN,deep
3687,08/14/2023 10:44:45,10.85,100,10.86,21344222,JEN,deep
3688,08/14/2023 11:14:45,10.83,100,10.84,21344222,JEN,deep
3689,08/14/2023 11:44:45,10.85,100,10.86,21344222,JEN,deep
3690,08/14/2023 12:14:45,10.82,100,10.83,21344222,JEN,deep
3691,08/14/2023 12:44:45,10.82,100,10.83,21344222,JEN,deep
3692,08/14/2023 13:14:45,10.84,100,10.85,21344222,JEN,deep
3693,08/14/2023 13:44:45,10.84,100,10.85,21344222,JEN,deep
3694,08/14/2023 14:14:45,10.83,100,10.84,21344222,JEN,deep
3695,08/14/2023 14:44:45,10.86,100,10.87,21344222,JEN,deep
3696,08/14/2023 15:14:45,10.82,100,10.83,21344222,JEN,deep
3697,08/14/2023 15:44:45,10.83,100,10.84,21344222,JEN,deep
3698,08/14/2023 16:14:45,10.82,100,10.83,21344222,JEN,deep
3699,08/14/2023 16:44:45,10.83,100,10.84,21344222,JEN,deep
3700,08/14/2023 17:14:45,10.84,100,10.85,21344222,JEN,deep
3701,08/14/2023 17:44:45,10.84,100,10.85,21344222,JEN,deep
3702,08/14/2023 18:14:45,10.84,100,10.85,21344222,JEN,deep
3703,08/14/2023 18:44:45,10.86,100,10.87,21344222,JEN,deep
3704,08/14/2023 19:14:45,10.85,100,10.86,21344222,JEN,deep
3705,08/14/2023 19:44:45,10.82,100,10.83,21344222,JEN,deep
3706,08/14/2023 20:14:45,10.83,100,10.84,21344222,JEN,deep
3707,08/14/2023 20:44:45,10.85,100,10.86,21344222,JEN,deep
3708,08/14/2023 21:14:45,10.83,100,10.84,21344222,JEN,deep
3709,08/14/2023 21:44:45,10.82,100,10.83,21344222,JEN,deep
3710,08/14/2023 22:14:45,10.82,100,10.83,21344222,JEN,deep
3711,08/14/2023 22:44:45,10.82,100,10.83,21344222,JEN,deep
3712,08/14/2023 23:14:45,10.84,100,10.85,21344222,JEN,deep
3713,08/14/2023 23:44:45,10.85,100,10.86,21344222,JEN,deep
3714,08/15/2023 00:14:45,10.83,100,10.84,21344222,JEN,deep
3715,08/15/2023 00:44:45,10.83,100,10.84,21344222,JEN,deep
3716,08/15/2023 01:14:45,10.85,100,10.86,21344222,JEN,deep
3717,08/15/2023 01:44:45,10.85,100,10.86,21344222,JEN,deep
3718,08/15/2023 02:14:45,10.82,100,10.83,21344222,JEN,deep
3719,08/15/2023 02:44:45,10.82,100,10.83,21344222,JEN,deep
3720,08/15/2023 03:14:45,10.86,100,10.87,21344222,JEN,deep
3721,08/15/2023 03:44:45,10.84,100,10.85,21344222,JEN,deep
3722,08/15/2023 04:14:45,10.83,100,10.84,21344222,JEN,deep
3723,08/15/2023 04:44:45,10.86,100,10.87,21344222,JEN,deep
3724,08/15/2023 05:14:45,10.83,100,10.84,21344222,JEN,deep
3725,08/15/2023 05:44:45,10.84,100,10.85,21344222,JEN,deep
3726,08/15/2023 06:14:45,10.86,100,10.87,21344222,JEN,deep
3727,08/15/2023 06:44:45,10.83,100,10.84,21344222,JEN,deep
3728,08/15/2023 07:14:45,10.86,100,10.87,21344222,JEN,deep
3729,08/15/2023 07:44:45,10.86,100,10.87,21344222,JEN,deep
3730,08/15/2023 08:14:45,10.85,100,10.86,21344222,JEN,deep
3731,08/15/2023 08:44:45,10.86,100,10.87,21344222,JEN,deep
3732,08/15/2023 09:14:45,10.86,100,10.87,21344222,JEN,deep
3733,08/15/2023 09:44:45,10.85,100,10.86,21344222,JEN,deep
3734,08/15/2023 10:14:45,10.81,100,10.82,21344222,JEN,deep
3735,08/15/2023 10:44:45,10.85,100,10.86,21344222,JEN,deep
3736,08/15/2023 11:14:45,10.83,100,10.84,21344222,JEN,deep
3737,08/15/2023 11:44:45,10.86,100,10.87,21344222,JEN,deep
3738,08/15/2023 12:14:45,10.85,100,10.86,21344222,JEN,deep
3739,08/15/2023 12:44:45,10.86,100,10.87,21344222,JEN,deep
3740,08/15/2023 13:14:45,10.82,100,10.83,21344222,JEN,deep
3741,08/15/2023 13:44:45,10.82,100,10.83,21344222,JEN,deep
3742,08/15/2023 14:14:45,10.83,100,10.84,21344222,JEN,deep
3743,08/15/2023 14:44:45,10.81,100,10.82,21344222,JEN,deep
3744,08/15/2023 15:14:45,10.82,100,10.83,21344222,JEN,deep
3745,08/15/2023 15:44:45,10.83,100,10.84,21344222,JEN,deep
3746,08/15/2023 16:14:45,10.85,100,10.86,21344222,JEN,deep
3747,08/15/2023 16:44:45,10.85,100,10.86,21344222,JEN,deep
3748,08/15/2023 17:14:45,10.86,100,10.87,21344222,JEN,deep
3749,08/15/2023 17:44:45,10.82,100,10.83,21344222,JEN,deep
3750,08/15/2023 18:14:45,10.85,100,10.86,21344222,JEN,deep
3751,08/15/2023 18:44:45,10.85,100,10.86,21344222,JEN,deep
3752,08/15/2023 19:14:45,10.84,100,10.85,21344222,JEN,deep
3753,08/15/2023 19:44:45,10.82,100,10.83,21344222,JEN,deep
3754,08/15/2023 20:14:45,10.83,100,10.84,21344222,JEN,deep
3755,08/15/2023 20:44:45,10.85,100,10.86,21344222,JEN,deep
3756,08/15/2023 21:14:45,10.86,100,10.87,21344222,JEN,deep
3757,08/15/2023 21:44:45,10.83,100,10.84,21344222,JEN,deep
3758,08/15/2023 22:14:45,10.84,100,10.85,21344222,JEN,deep
3759,08/15/2023 22:44:45,10.84,100,10.85,21344222,JEN,deep
3760,08/15/2023 23:14:45,10.84,100,10.85,21344222,JEN,deep
3761,08/15/2023 23:44:45,10.86,100,10.87,21344222,JEN,deep
3762,08/16/2023 00:14:45,10.85,100,10.86,21344222,JEN,deep
3763,08/16/2023 00:44:45,10.83,100,10.84,21344222,JEN,deep
3764,08/16/2023 01:14:45,10.85,100,10.86,21344222,JEN,deep
3765,08/16/2023 01:44:45,10.86,100,10.87,21344222,JEN,deep
3766,08/16/2023 02:14:45,10.84,100,10.85,21344222,JEN,deep
3767,08/16/2023 02:44:45,10.85,100,10.86,21344222,JEN,deep
3768,08/16/2023 03:14:45,10.84,100,10.85,21344222,JEN,deep
3769,08/16/2023 03:44:45,10.83,100,10.84,21344222,JEN,deep
3770,08/16/2023 04:14:45,10.84,100,10.85,21344222,JEN,deep
3771,08/16/2023 04:44:45,10.81,100,10.82,21344222,JEN,deep
3772,08/16/2023 05:14:45,10.84,100,10.85,21344222,JEN,deep
3773,08/16/2023 05:44:45,10.84,100,10.85,21344222,JEN,deep
3774,08/16/2023 06:14:45,10.86,100,10.87,21344222,JEN,deep
3775,08/16/2023 06:44:45,10.84,100,10.85,21344222,JEN,deep
3776,08/16/2023 07:14:45,10.85,100,10.86,21344222,JEN,deep
3777,08/16/2023 07:44:45,10.85,100,10.86,21344222,JEN,deep
3778,08/16/2023 08:14:45,10.87,100,10.88,21344222,JEN,deep
3779,08/16/2023 08:44:45,10.85,100,10.86,21344222,JEN,deep
3780,08/16/2023 09:14:45,10.85,100,10.86,21344222,JEN,deep
3781,08/16/2023 09:44:45,10.84,100,10.85,21344222,JEN,deep
3782,08/16/2023 10:14:45,10.85,100,10.86,21344222,JEN,deep
3783,08/16/2023 10:44:45,10.84,100,10.85,21344222,JEN,deep
3784,08/16/2023 11:14:45,10.86,100,10.87,21344222,JEN,deep
3785,08/16/2023 11:44:45,10.86,100,10.87,21344222,JEN,deep
3786,08/16/2023 12:14:45,10.85,100,10.86,21344222,JEN,deep
3787,08/16/2023 12:44:45,10.86,100,10.87,21344222,JEN,deep
3788,08/16/2023 13:14:45,10.83,100,10.84,21344222,JEN,deep
3789,08/16/2023 13:44:45,10.82,100,10.83,21344222,JEN,deep
3790,08/16/2023 14:14:45,10.83,100,10.84,21344222,JEN,deep
3791,08/16/2023 14:44:45,10.86,100,10.87,21344222,JEN,deep
3792,08/16/2023 15:14:45,10.84,100,10.85,21344222,JEN,deep
3793,08/16/2023 15:44:45,10.84,100,10.85,21344222,JEN,deep
3794,08/16/2023 16:14:45,10.82,100,10.83,21344222,JEN,deep
3795,08/16/2023 16:44:45,10.84,100,10.85,21344222,JEN,deep
3796,08/16/2023 17:14:45,10.84,100,10.85,21344222,JEN,deep
3797,08/16/2023 17:44:45,10.84,100,10.85,21344222,JEN,deep
3798,08/16/2023 18:14:45,10.85,100,10.86,21344222,JEN,deep
3799,08/16/2023 18:44:45,10.84,100,10.85,21344222,JEN,deep
3800,08/16/2023 19:14:45,10.84,100,10.85,21344222,JEN,deep
3801,08/16/2023 19:44:45,10.85,100,10.86,21344222,JEN,deep
3802,08/16/2023 20:14:45,10.84,100,10.85,21344222,JEN,deep
3803,08/16/2023 20:44:45,10.86,100,10.87,21344222,JEN,deep
3804,08/16/2023 21:14:45,10.86,100,10.87,21344222,JEN,deep
3805,08/16/2023 21:44:45,10.86,100,10.87,21344222,JEN,deep
3806,08/16/2023 22:14:45,10.84,100,10.85,21344222,JEN,deep
3807,08/16/2023 22:44:45,10.84,100,10.85,21344222,JEN,deep
3808,08/16/2023 23:14:45,10.85,100,10.86,21344222,JEN,deep
3809,08/16/2023 23:44:45,10.86,100,10.87,21344222,JEN,deep
3810,08/17/2023 00:14:45,10.84,100,10.85,21344222,JEN,deep
3811,08/17/2023 00:44:45,10.86,100,10.87,21344222,JEN,deep
3812,08/17/2023 01:14:45,10.85,100,10.86,21344222,JEN,deep
3813,08/17/2023 01:44:45,10.82,100,10.83,21344222,JEN,deep
3814,08/17/2023 02:14:45,10.86,100,10.87,21344222,JEN,deep
3815,08/17/2023 02:44:45,10.84,100,10.85,21344222,JEN,deep
3816,08/17/2023 03:14:45,10.85,100,10.86,21344222,JEN,deep
3817,08/17/2023 03:44:45,10.85,100,10.86,21344222,JEN,deep
3818,08/17/2023 04:14:45,10.84,100,10.85,21344222,JEN,deep
3819,08/17/2023 04:44:45,10.87,100,10.88,21344222,JEN,deep
3820,08/17/2023 05:14:45,10.84,100,10.85,21344222,JEN,deep
3821,08/17/2023 05:44:45,10.84,100,10.85,21344222,JEN,deep
3822,08/17/2023 06:14:45,10.86,100,10.87,21344222,JEN,deep
3823,08/17/2023 06:44:45,10.82,100,10.83,21344222,JEN,deep
3824,08/17/2023 07:14:45,10.84,100,10.85,21344222,JEN,deep
3825,08/17/2023 07:44:45,10.83,100,10.84,21344222,JEN,deep
3826,08/17/2023 08:14:45,10.84,100,10.85,21344222,JEN,deep
3827,08/17/2023 08:44:45,10.85,100,10.86,21344222,JEN,deep
3828,08/17/2023 09:14:45,10.88,100,10.9,21344222,JEN,deep
3829,08/17/2023 09:44:45,10.83,100,10.84,21344222,JEN,deep
3830,08/17/2023 10:14:45,10.85,100,10.86,21344222,JEN,deep
3831,08/17/2023 10:44:45,10.84,100,10.85,21344222,JEN,deep
3832,08/17/2023 11:14:45,10.85,100,10.86,21344222,JEN,deep
3833,08/17/2023 11:44:45,10.84,100,10.85,21344222,JEN,deep
3834,08/17/2023 12:14:45,10.83,100,10.84,21344222,JEN,deep
3835,08/17/2023 12:44:45,10.82,100,10.83,21344222,JEN,deep
3836,08/17/2023 13:14:45,10.83,100,10.84,21344222,JEN,deep
3837,08/17/2023 13:44:45,10.81,100,10.82,21344222,JEN,deep
3838,08/17/2023 14:14:45,10.85,100,10.86,21344222,JEN,deep
3839,08/17/2023 14:44:45,10.83,100,10.84,21344222,JEN,deep
3840,08/17/2023 15:14:45,10.83,100,10.84,21344222,JEN,deep
3841,08/17/2023 15:44:45,10.83,100,10.84,21344222,JEN,deep
3842,08/17/2023 16:14:45,10.85,100,10.86,21344222,JEN,deep
3843,08/17/2023 16:44:45,10.82,100,10.83,21344222,JEN,deep
3844,08/17/2023 17:14:45,10.82,100,10.83,21344222,JEN,deep
3845,08/17/2023 17:44:45,10.8,100,10.81,21344222,JEN,deep
3846,08/17/2023 18:14:45,10.85,100,10.86,21344222,JEN,deep
3847,08/17/2023 18:44:45,10.81,100,10.82,21344222,JEN,deep
3848,08/17/2023 19:14:45,10.84,100,10.85,21344222,JEN,deep
3849,08/17/2023 19:44:45,10.8,100,10.81,21344222,JEN,deep
3850,08/17/2023 20:14:45,10.81,100,10.82,21344222,JEN,deep
3851,08/17/2023 20:44:45,10.83,100,10.84,21344222,JEN,deep
3852,08/17/2023 21:14:45,10.84,100,10.85,21344222,JEN,deep
3853,08/17/2023 21:44:45,10.86,100,10.87,21344222,JEN,deep
3854,08/17/2023 22:14:45,10.84,100,10.85,21344222,JEN,deep
3855,08/17/2023 22:44:45,10.85,100,10.86,21344222,JEN,deep
3856,08/17/2023 23:14:45,10.85,100,10.86,21344222,JEN,deep
3857,08/17/2023 23:44:45,10.84,100,10.85,21344222,JEN,deep
3858,08/18/2023 00:14:45,10.82,100,10.83,21344222,JEN,deep
3859,08/18/2023 00:44:45,10.84,100,10.85,21344222,JEN,deep
3860,08/18/2023 01:14:45,10.84,100,10.85,21344222,JEN,deep
3861,08/18/2023 01:44:45,10.83,100,10.84,21344222,JEN,deep
3862,08/18/2023 02:14:45,10.84,100,10.85,21344222,JEN,deep
3863,08/18/2023 02:44:45,10.87,100,10.88,21344222,JEN,deep
3864,08/18/2023 03:14:45,10.83,100,10.84,21344222,JEN,deep
3865,08/18/2023 03:44:45,10.84,100,10.85,21344222,JEN,deep
3866,08/18/2023 04:14:45,10.82,100,10.83,21344222,JEN,deep
3867,08/18/2023 04:44:45,10.86,100,10.87,21344222,JEN,deep
3868,08/18/2023 05:14:45,10.82,100,10.83,21344222,JEN,deep
3869,08/18/2023 05:44:45,10.83,100,10.84,21344222,JEN,deep
3870,08/18/2023 06:14:45,10.85,100,10.86,21344222,JEN,deep
3871,08/18/2023 06:44:45,10.83,100,10.84,21344222,JEN,deep
3872,08/18/2023 07:14:45,10.81,100,10.82,21344222,JEN,deep
3873,08/18/2023 07:44:45,10.82,100,10.83,21344222,JEN,deep
3874,08/18/2023 08:14:45,10.83,100,10.84,21344222,JEN,deep
3875,08/18/2023 08:44:45,10.83,100,10.84,21344222,JEN,deep
3876,08/18/2023 09:14:45,10.82,100,10.83,21344222,JEN,deep
3877,08/18/2023 09:44:45,10.86,100,10.87,21344222,JEN,deep
3878,08/18/2023 10:14:45,10.8,100,10.81,21344222,JEN,deep
3879,08/18/2023 10:44:45,10.8,100,10.81,21344222,JEN,deep
3880,08/18/2023 11:14:45,10.83,100,10.84,21344222,JEN,deep
3881,08/18/2023 11:44:45,10.85,100,10.86,21344222,JEN,deep
3882,08/18/2023 12:14:45,10.86,100,10.87,21344222,JEN,deep
3883,08/18/2023 12:44:45,10.84,100,10.85,21344222,JEN,deep
3884,08/18/2023 13:14:45,10.86,100,10.87,21344222,JEN,deep
3885,08/18/2023 13:44:45,10.85,100,10.86,21344222,JEN,deep
3886,08/18/2023 14:14:45,10.84,100,10.85,21344222,JEN,deep
3887,08/18/2023 14:44:45,10.85,100,10.86,21344222,JEN,deep
3888,08/18/2023 15:14:45,10.85,100,10.86,21344222,JEN,deep
3889,08/18/2023 15:44:45,10.85,100,10.86,21344222,JEN,deep
3890,08/18/2023 16:14:45,10.86,100,10.87,21344222,JEN,deep
3891,08/18/2023 16:44:45,10.85,100,10.86,21344222,JEN,deep
3892,08/18/2023 17:14:45,10.86,100,10.87,21344222,JEN,deep
3893,08/18/2023 17:44:45,10.83,100,10.84,21344222,JEN,deep
3894,08/18/2023 18:14:45,10.85,100,10.86,21344222,JEN,deep
3895,08/18/2023 18:44:45,10.83,100,10.84,21344222,JEN,deep
3896,08/18/2023 19:14:45,10.86,100,10.87,21344222,JEN,deep
3897,08/18/2023 19:44:45,10.86,100,10.87,21344222,JEN,deep
3898,08/18/2023 20:14:45,10.85,100,10.86,21344222,JEN,deep
3899,08/18/2023 20:44:45,10.85,100,10.86,21344222,JEN,deep
3900,08/18/2023 21:14:45,10.85,100,10.86,21344222,JEN,deep
3901,08/18/2023 21:44:45,10.83,100,10.84,21344222,JEN,deep
3902,08/18/2023 22:14:45,10.82,100,10.83,21344222,JEN,deep
3903,08/18/2023 22:44:45,10.84,100,10.85,21344222,JEN,deep
3904,08/18/2023 23:14:45,10.85,100,10.86,21344222,JEN,deep
3905,08/18/2023 23:44:45,10.84,100,10.85,21344222,JEN,deep
3906,08/19/2023 00:14:45,10.8,100,10.81,21344222,JEN,deep
3907,08/19/2023 00:44:45,10.84,100,10.85,21344222,JEN,deep
3908,08/19/2023 01:14:45,10.82,100,10.83,21344222,JEN,deep
3909,08/19/2023 01:44:45,10.86,100,10.87,21344222,JEN,deep
3910,08/19/2023 02:14:45,10.82,100,10.83,21344222,JEN,deep
3911,08/19/2023 02:44:45,10.84,100,10.85,21344222,JEN,deep
3912,08/19/2023 03:14:45,10.82,100,10.83,21344222,JEN,deep
3913,08/19/2023 03:44:45,10.85,100,10.86,21344222,JEN,deep
3914,08/19/2023 04:14:45,10.81,100,10.82,21344222,JEN,deep
3915,08/19/2023 04:44:45,10.84,100,10.85,21344222,JEN,deep
3916,08/19/2023 05:14:45,10.83,100,10.84,21344222,JEN,deep
3917,08/19/2023 05:44:45,10.85,100,10.86,21344222,JEN,deep
3918,08/19/2023 06:14:45,10.83,100,10.84,21344222,JEN,deep
3919,08/19/2023 06:44:45,10.82,100,10.83,21344222,JEN,deep
3920,08/19/2023 07:14:45,10.83,100,10.84,21344222,JEN,deep
3921,08/19/2023 07:44:45,10.83,100,10.84,21344222,JEN,deep
3922,08/19/2023 08:14:45,10.86,100,10.87,21344222,JEN,deep
3923,08/19/2023 08:44:45,10.82,100,10.83,21344222,JEN,deep
3924,08/19/2023 09:14:45,10.81,100,10.82,21344222,JEN,deep
3925,08/19/2023 09:44:45,10.82,100,10.83,21344222,JEN,deep
3926,08/19/2023 10:14:45,10.83,100,10.84,21344222,JEN,deep
3927,08/19/2023 10:44:45,10.82,100,10.83,21344222,JEN,deep
3928,08/19/2023 11:14:45,10.86,100,10.87,21344222,JEN,deep
3929,08/19/2023 11:44:45,10.82,100,10.83,21344222,JEN,deep
3930,08/19/2023 12:14:45,10.83,100,10.84,21344222,JEN,deep
3931,08/19/2023 12:44:45,10.81,100,10.82,21344222,JEN,deep
3932,08/19/2023 13:14:45,10.83,100,10.84,21344222,JEN,deep
3933,08/19/2023 13:44:45,10.82,100,10.83,21344222,JEN,deep
3934,08/19/2023 14:14:45,10.83,100,10.84,21344222,JEN,deep
3935,08/19/2023 14:44:45,10.81,100,10.82,21344222,JEN,deep
3936,08/19/2023 15:14:45,10.8,100,10.81,21344222,JEN,deep
3937,08/19/2023 15:44:45,10.84,100,10.85,21344222,JEN,deep
3938,08/19/2023 16:14:45,10.83,100,10.84,21344222,JEN,deep
3939,08/19/2023 16:44:45,10.86,100,10.87,21344222,JEN,deep
3940,08/19/2023 17:14:45,10.84,100,10.85,21344222,JEN,deep
3941,08/19/2023 17:44:45,10.84,100,10.85,21344222,JEN,deep
3942,08/19/2023 18:14:45,10.83,100,10.84,21344222,JEN,deep
3943,08/19/2023 18:44:45,10.83,100,10.84,21344222,JEN,deep
3944,08/19/2023 19:14:45,10.86,100,10.87,21344222,JEN,deep
3945,08/19/2023 19:44:45,10.83,100,10.84,21344222,JEN,deep
3946,08/19/2023 20:14:45,10.85,100,10.86,21344222,JEN,deep
3947,08/19/2023 20:44:45,10.81,100,10.82,21344222,JEN,deep
3948,08/19/2023 21:14:45,10.84,100,10.85,21344222,JEN,deep
3949,08/19/2023 21:44:45,10.84,100,10.85,21344222,JEN,deep
3950,08/19/2023 22:14:45,10.84,100,10.85,21344222,JEN,deep
3951,08/19/2023 22:44:45,10.85,100,10.86,21344222,JEN,deep
3952,08/19/2023 23:14:45,10.84,100,10.85,21344222,JEN,deep
3953,08/19/2023 23:44:45,10.81,100,10.82,21344222,JEN,deep
3954,08/20/2023 00:14:45,10.86,100,10.87,21344222,JEN,deep
3955,08/20/2023 00:44:45,10.84,100,10.85,21344222,JEN,deep
3956,08/20/2023 01:14:45,10.82,100,10.83,21344222,JEN,deep
3957,08/20/2023 01:44:45,10.82,100,10.83,21344222,JEN,deep
3958,08/20/2023 02:14:45,10.85,100,10.86,21344222,JEN,deep
3959,08/20/2023 02:44:45,10.86,100,10.87,21344222,JEN,deep
3960,08/20/2023 03:14:45,10.85,100,10.86,21344222,JEN,deep
3961,08/20/2023 03:44:45,10.84,100,10.85,21344222,JEN,deep
3962,08/20/2023 04:14:45,10.83,100,10.84,21344222,JEN,deep
3963,08/20/2023 04:44:45,10.82,100,10.83,21344222,JEN,deep
3964,08/20/2023 05:14:45,10.82,100,10.83,21344222,JEN,deep
3965,08/20/2023 05:44:45,10.83,100,10.84,21344222,JEN,deep
3966,08/20/2023 06:14:45,10.85,100,10.86,21344222,JEN,deep
3967,08/20/2023 06:44:45,10.84,100,10.85,21344222,JEN,deep
3968,08/20/2023 07:14:45,10.82,100,10.83,21344222,JEN,deep
3969,08/20/2023 07:44:45,10.84,100,10.85,21344222,JEN,deep
3970,08/20/2023 08:14:45,10.83,100,10.84,21344222,JEN,deep
3971,08/20/2023 08:44:45,10.83,100,10.84,21344222,JEN,deep
3972,08/20/2023 09:14:45,10.83,100,10.84,21344222,JEN,deep
3973,08/20/2023 09:44:45,10.86,100,10.87,21344222,JEN,deep
3974,08/20/2023 10:14:45,10.84,100,10.85,21344222,JEN,deep
3975,08/20/2023 10:44:45,10.79,100,10.8,21344222,JEN,deep
3976,08/20/2023 11:14:45,10.84,100,10.85,21344222,JEN,deep
3977,08/20/2023 11:44:45,10.84,100,10.85,21344222,JEN,deep
3978,08/20/2023 12:14:45,10.82,100,10.83,21344222,JEN,deep
3979,08/20/2023 12:44:45,10.83,100,10.84,21344222,JEN,deep
3980,08/20/2023 13:14:45,10.85,100,10.86,21344222,JEN,deep
3981,08/20/2023 13:44:45,10.81,100,10.82,21344222,JEN,deep
3982,08/20/2023 14:14:45,10.82,100,10.83,21344222,JEN,deep
3983,08/20/2023 14:44:45,10.81,100,10.82,21344222,JEN,deep
3984,08/20/2023 15:14:45,10.84,100,10.85,21344222,JEN,deep
3985,08/20/2023 15:44:45,10.84,100,10.85,21344222,JEN,deep
3986,08/20/2023 16:14:45,10.83,100,10.84,21344222,JEN,deep
3987,08/20/2023 16:44:45,10.82,100,10.83,21344222,JEN,deep
3988,08/20/2023 17:14:45,10.82,100,10.83,21344222,JEN,deep
3989,08/20/2023 17:44:45,10.82,100,10.83,21344222,JEN,deep
3990,08/20/2023 18:14:45,10.84,100,10.85,21344222,JEN,deep
3991,08/20/2023 18:44:45,10.84,100,10.85,21344222,JEN,deep
3992,08/20/2023 19:14:45,10.82,100,10.83,21344222,JEN,deep
3993,08/20/2023 19:44:45,10.81,100,10.82,21344222,JEN,deep
3994,08/20/2023 20:14:45,10.83,100,10.84,21344222,JEN,deep
3995,08/20/2023 20:44:45,10.85,100,10.86,21344222,JEN,deep
3996,08/20/2023 21:14:45,10.84,100,10.85,21344222,JEN,deep
3997,08/20/2023 21:44:45,10.84,100,10.85,21344222,JEN,deep
3998,08/20/2023 22:14:45,10.83,100,10.84,21344222,JEN,deep
3999,08/20/2023 22:44:45,10.84,100,10.85,21344222,JEN,deep
4000,08/20/2023 23:14:45,10.83,100,10.84,21344222,JEN,deep
4001,08/20/2023 23:44:45,10.85,100,10.86,21344222,JEN,deep
4002,08/21/2023 00:14:45,10.83,100,10.84,21344222,JEN,deep
4003,08/21/2023 00:44:45,10.85,100,10.86,21344222,JEN,deep
4004,08/21/2023 01:14:45,10.83,100,10.84,21344222,JEN,deep
4005,08/21/2023 01:44:45,10.81,100,10.82,21344222,JEN,deep
4006,08/21/2023 02:14:45,10.83,100,10.84,21344222,JEN,deep
4007,08/21/2023 02:44:45,10.86,100,10.87,21344222,JEN,deep
4008,08/21/2023 03:14:45,10.84,100,10.85,21344222,JEN,deep
4009,08/21/2023 03:44:45,10.86,100,10.87,21344222,JEN,deep
4010,08/21/2023 04:14:45,10.83,100,10.84,21344222,JEN,deep
4011,08/21/2023 04:44:45,10.8,100,10.81,21344222,JEN,deep
4012,08/21/2023 05:14:45,10.83,100,10.84,21344222,JEN,deep
4013,08/21/2023 05:44:45,10.81,100,10.82,21344222,JEN,deep
4014,08/21/2023 06:14:45,10.81,100,10.82,21344222,JEN,deep
4015,08/21/2023 06:44:45,10.84,100,10.85,21344222,JEN,deep
4016,08/21/2023 07:14:45,10.83,100,10.84,21344222,JEN,deep
4017,08/21/2023 07:44:45,10.81,100,10.82,21344222,JEN,deep
4018,08/21/2023 08:14:45,10.8,100,10.81,21344222,JEN,deep
4019,08/21/2023 08:44:45,10.85,100,10.86,21344222,JEN,deep
4020,08/21/2023 09:14:45,10.85,100,10.86,21344222,JEN,deep
4021,08/21/2023 09:44:45,10.82,100,10.83,21344222,JEN,deep
4022,08/21/2023 10:14:45,10.78,100,10.79,21344222,JEN,deep
4023,08/21/2023 10:44:45,10.8,100,10.81,21344222,JEN,deep
4024,08/21/2023 11:14:45,10.82,100,10.83,21344222,JEN,deep
4025,08/21/2023 11:44:45,10.78,100,10.79,21344222,JEN,deep
4026,08/21/2023 12:14:45,10.82,100,10.83,21344222,JEN,deep
4027,08/21/2023 12:44:45,10.83,100,10.84,21344222,JEN,deep
4028,08/21/2023 13:14:45,10.8,100,10.81,21344222,JEN,deep
4029,08/21/2023 13:44:45,10.83,100,10.84,21344222,JEN,deep
4030,08/21/2023 14:14:45,10.8,100,10.81,21344222,JEN,deep
4031,08/21/2023 14:44:45,10.78,100,10.79,21344222,JEN,deep
4032,08/21/2023 15:14:45,10.79,100,10.8,21344222,JEN,deep
4033,08/21/2023 15:44:45,10.81,100,10.82,21344222,JEN,deep
4034,08/21/2023 16:14:45,10.81,100,10.82,21344222,JEN,deep
4035,08/21/2023 16:44:45,10.78,100,10.79,21344222,JEN,deep
4036,08/21/2023 17:14:45,10.81,100,10.82,21344222,JEN,deep
4037,08/21/2023 17:44:45,10.81,100,10.82,21344222,JEN,deep
4038,08/21/2023 18:14:45,10.81,100,10.82,21344222,JEN,deep
4039,08/21/2023 18:44:45,10.81,100,10.82,21344222,JEN,deep
4040,08/21/2023 19:14:45,10.83,100,10.84,21344222,JEN,deep
4041,08/21/2023 19:44:45,10.82,100,10.83,21344222,JEN,deep
4042,08/21/2023 20:14:45,10.83,100,10.84,21344222,JEN,deep
4043,08/21/2023 20:44:45,10.84,100,10.85,21344222,JEN,deep
4044,08/21/2023 21:14:45,10.82,100,10.83,21344222,JEN,deep
4045,08/21/2023 21:44:45,10.83,100,10.84,21344222,JEN,deep
4046,08/21/2023 22:14:45,10.83,100,10.84,21344222,JEN,deep
4047,08/21/2023 22:44:45,10.81,100,10.82,21344222,JEN,deep
4048,08/21/2023 23:14:45,10.82,100,10.83,21344222,JEN,deep
4049,08/21/2023 23:44:45,10.82,100,10.83,21344222,JEN,deep
4050,08/22/2023 00:14:45,10.84,100,10.85,21344222,JEN,deep
4051,08/22/2023 00:44:45,10.84,100,10.85,21344222,JEN,deep
4052,08/22/2023 01:14:45,10.81,100,10.82,21344222,JEN,deep
4053,08/22/2023 01:44:45,10.8,100,10.81,21344222,JEN,deep
4054,08/22/2023 02:14:45,10.78,100,10.79,21344222,JEN,deep
4055,08/22/2023 02:44:45,10.85,100,10.86,21344222,JEN,deep
4056,08/22/2023 03:14:45,10.82,100,10.83,21344222,JEN,deep
4057,08/22/2023 03:44:45,10.83,100,10.84,21344222,JEN,deep
4058,08/22/2023 04:14:45,10.86,100,10.87,21344222,JEN,deep
4059,08/22/2023 04:44:45,10.82,100,10.83,21344222,JEN,deep
4060,08/22/2023 05:14:45,10.84,100,10.85,21344222,JEN,deep
4061,08/22/2023 05:44:45,10.84,100,10.85,21344222,JEN,deep
4062,08/22/2023 06:14:45,10.83,100,10.84,21344222,JEN,deep
4063,08/22/2023 06:44:45,10.85,100,10.86,21344222,JEN,deep
4064,08/22/2023 07:14:45,10.83,100,10.84,21344222,JEN,deep
4065,08/22/2023 07:44:45,10.85,100,10.86,21344222,JEN,deep
4066,08/22/2023 08:14:45,10.8,100,10.81,21344222,JEN,deep
4067,08/22/2023 08:44:45,10.81,100,10.82,21344222,JEN,deep
4068,08/22/2023 09:14:45,10.84,100,10.85,21344222,JEN,deep
4069,08/22/2023 09:44:45,10.82,100,10.83,21344222,JEN,deep
4070,08/22/2023 10:14:45,10.83,100,10.84,21344222,JEN,deep
4071,08/22/2023 10:44:45,10.81,100,10.82,21344222,JEN,deep
4072,08/22/2023 11:14:45,10.78,100,10.79,21344222,JEN,deep
4073,08/22/2023 11:44:45,10.81,100,10.82,21344222,JEN,deep
4074,08/22/2023 12:14:45,10.8,100,10.81,21344222,JEN,deep
4075,08/22/2023 12:44:45,10.79,100,10.8,21344222,JEN,deep
4076,08/22/2023 13:14:45,10.8,100,10.81,21344222,JEN,deep
4077,08/22/2023 13:44:45,10.81,100,10.82,21344222,JEN,deep
4078,08/22/2023 14:14:45,10.8,100,10.81,21344222,JEN,deep
4079,08/22/2023 14:44:45,10.8,100,10.81,21344222,JEN,deep
4080,08/22/2023 15:14:45,10.8,100,10.81,21344222,JEN,deep
4081,08/22/2023 15:44:45,10.8,100,10.81,21344222,JEN,deep
4082,08/22/2023 16:14:45,10.8,100,10.81,21344222,JEN,deep
4083,08/22/2023 16:44:45,10.78,100,10.79,21344222,JEN,deep
4084,08/22/2023 17:14:45,10.79,100,10.8,21344222,JEN,deep
4085,08/22/2023 17:44:45,10.8,100,10.81,21344222,JEN,deep
4086,08/22/2023 18:14:45,10.81,100,10.82,21344222,JEN,deep
4087,08/22/2023 18:44:45,10.81,100,10.82,21344222,JEN,deep
4088,08/22/2023 19:14:45,10.81,100,10.82,21344222,JEN,deep
4089,08/22/2023 19:44:45,10.79,100,10.8,21344222,JEN,deep
4090,08/22/2023 20:14:45,10.78,100,10.79,21344222,JEN,deep
4091,08/22/2023 20:44:45,10.8,100,10.81,21344222,JEN,deep
4092,08/22/2023 21:14:45,10.79,100,10.8,21344222,JEN,deep
4093,08/22/2023 21:44:45,10.81,100,10.82,21344222,JEN,deep
4094,08/22/2023 22:14:45,10.8,100,10.81,21344222,JEN,deep
4095,08/22/2023 22:44:45,10.82,100,10.83,21344222,JEN,deep
4096,08/22/2023 23:14:45,10.81,100,10.82,21344222,JEN,deep
4097,08/22/2023 23:44:45,10.81,100,10.82,21344222,JEN,deep
4098,08/23/2023 00:14:45,10.8,100,10.81,21344222,JEN,deep
4099,08/23/2023 00:44:45,10.82,100,10.83,21344222,JEN,deep
4100,08/23/2023 01:14:45,10.82,100,10.83,21344222,JEN,deep
4101,08/23/2023 01:44:45,10.81,100,10.82,21344222,JEN,deep
4102,08/23/2023 02:14:45,10.81,100,10.82,21344222,JEN,deep
4103,08/23/2023 02:44:45,10.86,100,10.87,21344222,JEN,deep
4104,08/23/2023 03:14:45,10.86,100,10.87,21344222,JEN,deep
4105,08/23/2023 03:44:45,10.81,100,10.82,21344222,JEN,deep
4106,08/23/2023 04:14:45,10.84,100,10.85,21344222,JEN,deep
4107,08/23/2023 04:44:45,10.82,100,10.83,21344222,JEN,deep
4108,08/23/2023 05:14:45,10.81,100,10.82,21344222,JEN,deep
4109,08/23/2023 05:44:45,10.83,100,10.84,21344222,JEN,deep
4110,08/23/2023 06:14:45,10.82,100,10.83,21344222,JEN,deep
4111,08/23/2023 06:44:45,10.83,100,10.84,21344222,JEN,deep
4112,08/23/2023 07:14:45,10.81,100,10.82,21344222,JEN,deep
4113,08/23/2023 07:44:45,10.81,100,10.82,21344222,JEN,deep
4114,08/23/2023 08:14:45,10.83,100,10.84,21344222,JEN,deep
4115,08/23/2023 08:44:45,10.8,100,10.81,21344222,JEN,deep
4116,08/23/2023 09:14:45,10.84,100,10.85,21344222,JEN,deep
4117,08/23/2023 09:44:45,10.81,100,10.82,21344222,JEN,deep
4118,08/23/2023 10:14:45,10.83,100,10.84,21344222,JEN,deep
4119,08/23/2023 10:44:45,10.82,100,10.83,21344222,JEN,deep
4120,08/23/2023 11:14:45,10.85,100,10.86,21344222,JEN,deep
4121,08/23/2023 11:44:45,10.82,100,10.83,21344222,JEN,deep
4122,08/23/2023 12:14:45,10.81,100,10.82,21344222,JEN,deep
4123,08/23/2023 12:44:45,10.82,100,10.83,21344222,JEN,deep
4124,08/23/2023 13:14:45,10.83,100,10.84,21344222,JEN,deep
4125,08/23/2023 13:44:45,10.83,100,10.84,21344222,JEN,deep
4126,08/23/2023 14:14:45,10.82,100,10.83,21344222,JEN,deep
4127,08/23/2023 14:44:45,10.8,100,10.81,21344222,JEN,deep
4128,08/23/2023 15:14:45,10.78,100,10.79,21344222,JEN,deep
4129,08/23/2023 15:44:45,10.82,100,10.83,21344222,JEN,deep
4130,08/23/2023 16:14:45,10.82,100,10.83,21344222,JEN,deep
4131,08/23/2023 16:44:45,10.8,100,10.81,21344222,JEN,deep
4132,08/23/2023 17:14:45,10.8,100,10.81,21344222,JEN,deep
4133,08/23/2023 17:44:45,10.84,100,10.85,21344222,JEN,deep
4134,08/23/2023 18:14:45,10.81,100,10.82,21344222,JEN,deep
4135,08/23/2023 18:44:45,10.82,100,10.83,21344222,JEN,deep
4136,08/23/2023 19:14:45,10.82,100,10.83,21344222,JEN,deep
4137,08/23/2023 19:44:45,10.82,100,10.83,21344222,JEN,deep
4138,08/23/2023 20:14:45,10.83,100,10.84,21344222,JEN,deep
4139,08/23/2023 20:44:45,10.82,100,10.83,21344222,JEN,deep
4140,08/23/2023 21:14:45,10.81,100,10.82,21344222,JEN,deep
4141,08/23/2023 21:44:45,10.84,100,10.85,21344222,JEN,deep
4142,08/23/2023 22:14:45,10.81,100,10.82,21344222,JEN,deep
4143,08/23/2023 22:44:45,10.82,100,10.83,21344222,JEN,deep
4144,08/23/2023 23:14:45,10.81,100,10.82,21344222,JEN,deep
4145,08/23/2023 23:44:45,10.83,100,10.84,21344222,JEN,deep
4146,08/24/2023 00:14:45,10.81,100,10.82,21344222,JEN,deep
4147,08/24/2023 00:44:45,10.78,100,10.79,21344222,JEN,deep
4148,08/24/2023 01:14:45,10.82,100,10.83,21344222,JEN,deep
4149,08/24/2023 01:44:45,10.82,100,10.83,21344222,JEN,deep
4150,08/24/2023 02:14:45,10.82,100,10.83,21344222,JEN,deep
4151,08/24/2023 02:44:45,10.83,100,10.84,21344222,JEN,deep
4152,08/24/2023 03:14:45,10.82,100,10.83,21344222,JEN,deep
4153,08/24/2023 03:44:45,10.82,100,10.83,21344222,JEN,deep
4154,08/24/2023 04:14:45,10.81,100,10.82,21344222,JEN,deep
4155,08/24/2023 04:44:45,10.82,100,10.83,21344222,JEN,deep
4156,08/24/2023 05:14:45,10.82,100,10.83,21344222,JEN,deep
4157,08/24/2023 05:44:45,10.8,100,10.81,21344222,JEN,deep
4158,08/24/2023 06:14:45,10.81,100,10.82,21344222,JEN,deep
4159,08/24/2023 06:44:45,10.8,100,10.81,21344222,JEN,deep
4160,08/24/2023 07:14:45,10.84,100,10.85,21344222,JEN,deep
4161,08/24/2023 07:44:45,10.84,100,10.85,21344222,JEN,deep
4162,08/24/2023 08:14:45,10.83,100,10.84,21344222,JEN,deep
4163,08/24/2023 08:44:45,10.83,100,10.84,21344222,JEN,deep
4164,08/24/2023 09:14:45,10.83,100,10.84,21344222,JEN,deep
4165,08/24/2023 09:44:45,10.84,100,10.85,21344222,JEN,deep
4166,08/24/2023 10:14:45,10.83,100,10.84,21344222,JEN,deep
4167,08/24/2023 10:44:45,10.84,100,10.85,21344222,JEN,deep
4168,08/24/2023 11:14:45,10.81,100,10.82,21344222,JEN,deep
4169,08/24/2023 11:44:45,10.81,100,10.82,21344222,JEN,deep
4170,08/24/2023 12:14:45,10.82,100,10.83,21344222,JEN,deep
4171,08/24/2023 12:44:45,10.81,100,10.82,21344222,JEN,deep
4172,08/24/2023 13:14:45,10.8,100,10.81,21344222,JEN,deep
4173,08/24/2023 13:44:45,10.8,100,10.81,21344222,JEN,deep
4174,08/24/2023 14:14:45,10.79,100,10.8,21344222,JEN,deep
4175,08/24/2023 14:44:45,10.8,100,10.81,21344222,JEN,deep
4176,08/24/2023 15:14:45,10.8,100,10.81,21344222,JEN,deep
4177,08/24/2023 15:44:45,10.82,100,10.83,21344222,JEN,deep
4178,08/24/2023 16:14:45,10.82,100,10.83,21344222,JEN,deep
4179,08/24/2023 16:44:45,10.78,100,10.79,21344222,JEN,deep
4180,08/24/2023 17:14:45,10.78,100,10.79,21344222,JEN,deep
4181,08/24/2023 17:44:45,10.82,100,10.83,21344222,JEN,deep
4182,08/24/2023 18:14:45,10.79,100,10.8,21344222,JEN,deep
4183,08/24/2023 18:44:45,10.82,100,10.83,21344222,JEN,deep
4184,08/24/2023 19:14:45,10.78,100,10.79,21344222,JEN,deep
4185,08/24/2023 19:44:45,10.81,100,10.82,21344222,JEN,deep
4186,08/24/2023 20:14:45,10.8,100,10.81,21344222,JEN,deep
4187,08/24/2023 20:44:45,10.8,100,10.81,21344222,JEN,deep
4188,08/24/2023 21:14:45,10.81,100,10.82,21344222,JEN,deep
4189,08/24/2023 21:44:45,10.8,100,10.81,21344222,JEN,deep
4190,08/24/2023 22:14:45,10.83,100,10.84,21344222,JEN,deep
4191,08/24/2023 22:44:45,10.85,100,10.86,21344222,JEN,deep
4192,08/24/2023 23:14:45,10.83,100,10.84,21344222,JEN,deep
4193,08/24/2023 23:44:45,10.79,100,10.8,21344222,JEN,deep
4194,08/25/2023 00:14:45,10.83,100,10.84,21344222,JEN,deep
4195,08/25/2023 00:44:45,10.81,100,10.82,21344222,JEN,deep
4196,08/25/2023 01:14:45,10.84,100,10.85,21344222,JEN,deep
4197,08/25/2023 01:44:45,10.8,100,10.81,21344222,JEN,deep
4198,08/25/2023 02:14:45,10.79,100,10.8,21344222,JEN,deep
4199,08/25/2023 02:44:45,10.83,100,10.84,21344222,JEN,deep
4200,08/25/2023 03:14:45,10.82,100,10.83,21344222,JEN,deep
4201,08/25/2023 03:44:45,10.81,100,10.82,21344222,JEN,deep
4202,08/25/2023 04:14:45,10.82,100,10.83,21344222,JEN,deep
4203,08/25/2023 04:44:45,10.81,100,10.82,21344222,JEN,deep
4204,08/25/2023 05:14:45,10.83,100,10.84,21344222,JEN,deep
4205,08/25/2023 05:44:45,10.81,100,10.82,21344222,JEN,deep
4206,08/25/2023 06:14:45,10.82,100,10.83,21344222,JEN,deep
4207,08/25/2023 06:44:45,10.81,100,10.82,21344222,JEN,deep
4208,08/25/2023 07:14:45,10.82,100,10.83,21344222,JEN,deep
4209,08/25/2023 07:44:45,10.82,100,10.83,21344222,JEN,deep
4210,08/25/2023 08:14:45,10.81,100,10.82,21344222,JEN,deep
4211,08/25/2023 08:44:45,10.82,100,10.83,21344222,JEN,deep
4212,08/25/2023 09:14:45,10.83,100,10.84,21344222,JEN,deep
4213,08/25/2023 09:44:45,10.8,100,10.81,21344222,JEN,deep
4214,08/25/2023 10:14:45,10.8,100,10.81,21344222,JEN,deep
4215,08/25/2023 10:44:45,10.81,100,10.82,21344222,JEN,deep
4216,08/25/2023 11:14:45,10.81,100,10.82,21344222,JEN,deep
4217,08/25/2023 11:44:45,10.79,100,10.8,21344222,JEN,deep
4218,08/25/2023 12:14:45,10.82,100,10.83,21344222,JEN,deep
4219,08/25/2023 12:44:45,10.8,100,10.81,21344222,JEN,deep
4220,08/25/2023 13:14:45,10.81,100,10.82,21344222,JEN,deep
4221,08/25/2023 13:44:45,10.74,100,10.76,21344222,JEN,deep
4222,08/25/2023 14:14:45,10.8,100,10.81,21344222,JEN,deep
4223,08/25/2023 14:44:45,10.77,100,10.78,21344222,JEN,deep
4224,08/25/2023 15:14:45,10.75,100,10.77,21344222,JEN,deep
4225,08/25/2023 15:44:45,10.8,100,10.81,21344222,JEN,deep
4226,08/25/2023 16:14:45,10.79,100,10.8,21344222,JEN,deep
4227,08/25/2023 16:44:45,10.77,100,10.78,21344222,JEN,deep
4228,08/25/2023 17:14:45,10.78,100,10.79,21344222,JEN,deep
4229,08/25/2023 17:44:45,10.8,100,10.81,21344222,JEN,deep
4230,08/25/2023 18:14:45,10.8,100,10.81,21344222,JEN,deep
4231,08/25/2023 18:44:45,10.77,100,10.78,21344222,JEN,deep
4232,08/25/2023 19:14:45,10.8,100,10.81,21344222,JEN,deep
4233,08/25/2023 19:44:45,10.79,100,10.8,21344222,JEN,deep
4234,08/25/2023 20:14:45,10.84,100,10.85,21344222,JEN,deep
4235,08/25/2023 20:44:45,10.78,100,10.79,21344222,JEN,deep
4236,08/25/2023 21:14:45,10.8,100,10.81,21344222,JEN,deep
4237,08/25/2023 21:44:45,10.78,100,10.79,21344222,JEN,deep
4238,08/25/2023 22:14:45,10.83,100,10.84,21344222,JEN,deep
4239,08/25/2023 22:44:45,10.81,100,10.82,21344222,JEN,deep
4240,08/25/2023 23:14:45,10.81,100,10.82,21344222,JEN,deep
4241,08/25/2023 23:44:45,10.83,100,10.84,21344222,JEN,deep
4242,08/26/2023 00:14:45,10.8,100,10.81,21344222,JEN,deep
4243,08/26/2023 00:44:45,10.81,100,10.82,21344222,JEN,deep
4244,08/26/2023 01:14:45,10.81,100,10.82,21344222,JEN,deep
4245,08/26/2023 01:44:45,10.83,100,10.84,21344222,JEN,deep
4246,08/26/2023 02:14:45,10.81,100,10.82,21344222,JEN,deep
4247,08/26/2023 02:44:45,10.81,100,10.82,21344222,JEN,deep
4248,08/26/2023 03:14:45,10.84,100,10.85,21344222,JEN,deep
4249,08/26/2023 03:44:45,10.83,100,10.84,21344222,JEN,deep
4250,08/26/2023 04:14:45,10.83,100,10.84,21344222,JEN,deep
4251,08/26/2023 04:44:45,10.79,100,10.8,21344222,JEN,deep
4252,08/26/2023 05:14:45,10.81,100,10.82,21344222,JEN,deep
4253,08/26/2023 05:44:45,10.85,100,10.86,21344222,JEN,deep
4254,08/26/2023 06:14:45,10.8,100,10.81,21344222,JEN,deep
4255,08/26/2023 06:44:45,10.81,100,10.82,21344222,JEN,deep
4256,08/26/2023 07:14:45,10.82,100,10.83,21344222,JEN,deep
4257,08/26/2023 07:44:45,10.83,100,10.84,21344222,JEN,deep
4258,08/26/2023 08:14:45,10.82,100,10.83,21344222,JEN,deep
4259,08/26/2023 08:44:45,10.82,100,10.83,21344222,JEN,deep
4260,08/26/2023 09:14:45,10.79,100,10.8,21344222,JEN,deep
4261,08/26/2023 09:44:45,10.82,100,10.83,21344222,JEN,deep
4262,08/26/2023 10:14:45,10.82,100,10.83,21344222,JEN,deep
4263,08/26/2023 10:44:45,10.83,100,10.84,21344222,JEN,deep
4264,08/26/2023 11:14:45,10.81,100,10.82,21344222,JEN,deep
4265,08/26/2023 11:44:45,10.79,100,10.8,21344222,JEN,deep
4266,08/26/2023 12:14:45,10.8,100,10.81,21344222,JEN,deep
4267,08/26/2023 12:44:45,10.82,100,10.83,21344222,JEN,deep
4268,08/26/2023 13:14:45,10.8,100,10.81,21344222,JEN,deep
4269,08/26/2023 13:44:45,10.8,100,10.81,21344222,JEN,deep
4270,08/26/2023 14:14:45,10.8,100,10.81,21344222,JEN,deep
4271,08/26/2023 14:44:45,10.8,100,10.81,21344222,JEN,deep
4272,08/26/2023 15:14:45,10.78,100,10.79,21344222,JEN,deep
4273,08/26/2023 15:44:45,10.82,100,10.83,21344222,JEN,deep
4274,08/26/2023 16:14:45,10.78,100,10.79,21344222,JEN,deep
4275,08/26/2023 16:44:45,10.78,100,10.79,21344222,JEN,deep
4276,08/26/2023 17:14:45,10.8,100,10.81,21344222,JEN,deep
4277,08/26/2023 17:44:45,10.8,100,10.81,21344222,JEN,deep
4278,08/26/2023 18:14:45,10.8,100,10.81,21344222,JEN,deep
4279,08/26/2023 18:44:45,10.81,100,10.82,21344222,JEN,deep
4280,08/26/2023 19:14:45,10.8,100,10.81,21344222,JEN,deep
4281,08/26/2023 19:44:45,10.78,100,10.79,21344222,JEN,deep
4282,08/26/2023 20:14:45,10.81,100,10.82,21344222,JEN,deep
4283,08/26/2023 20:44:45,10.79,100,10.8,21344222,JEN,deep
4284,08/26/2023 21:14:45,10.8,100,10.81,21344222,JEN,deep
4285,08/26/2023 21:44:45,10.79,100,10.8,21344222,JEN,deep
4286,08/26/2023 22:14:45,10.79,100,10.8,21344222,JEN,deep
4287,08/26/2023 22:44:45,10.81,100,10.82,21344222,JEN,deep
4288,08/26/2023 23:14:45,10.81,100,10.82,21344222,JEN,deep
4289,08/26/2023 23:44:45,10.81,100,10.82,21344222,JEN,deep
4290,08/27/2023 00:14:45,10.81,100,10.82,21344222,JEN,deep
4291,08/27/2023 00:44:45,10.8,100,10.81,21344222,JEN,deep
4292,08/27/2023 01:14:45,10.82,100,10.83,21344222,JEN,deep
4293,08/27/2023 01:44:45,10.81,100,10.82,21344222,JEN,deep
4294,08/27/2023 02:14:45,10.79,100,10.8,21344222,JEN,deep
4295,08/27/2023 02:44:45,10.82,100,10.83,21344222,JEN,deep
4296,08/27/2023 03:14:45,10.81,100,10.82,21344222,JEN,deep
4297,08/27/2023 03:44:45,10.81,100,10.82,21344222,JEN,deep
4298,08/27/2023 04:14:45,10.81,100,10.82,21344222,JEN,deep
4299,08/27/2023 04:44:45,10.81,100,10.82,21344222,JEN,deep
4300,08/27/2023 05:14:45,10.81,100,10.82,21344222,JEN,deep
4301,08/27/2023 05:44:45,10.82,100,10.83,21344222,JEN,deep
4302,08/27/2023 06:14:45,10.81,100,10.82,21344222,JEN,deep
4303,08/27/2023 06:44:45,10.81,100,10.82,21344222,JEN,deep
4304,08/27/2023 07:14:45,10.81,100,10.82,21344222,JEN,deep
4305,08/27/2023 07:44:45,10.8,100,10.81,21344222,JEN,deep
4306,08/27/2023 08:14:45,10.78,100,10.79,21344222,JEN,deep
4307,08/27/2023 08:44:45,10.8,100,10.81,21344222,JEN,deep
4308,08/27/2023 09:14:45,10.81,100,10.82,21344222,JEN,deep
4309,08/27/2023 09:44:45,10.79,100,10.8,21344222,JEN,deep
4310,08/27/2023 10:14:45,10.82,100,10.83,21344222,JEN,deep
4311,08/27/2023 10:44:45,10.8,100,10.81,21344222,JEN,deep
4312,08/27/2023 11:14:45,10.83,100,10.84,21344222,JEN,deep
4313,08/27/2023 11:44:45,10.79,100,10.8,21344222,JEN,deep
4314,08/27/2023 12:14:45,10.78,100,10.79,21344222,JEN,deep
4315,08/27/2023 12:44:45,10.77,100,10.78,21344222,JEN,deep
4316,08/27/2023 13:14:45,10.78,100,10.79,21344222,JEN,deep
4317,08/27/2023 13:44:45,10.8,100,10.81,21344222,JEN,deep
4318,08/27/2023 14:14:45,10.78,100,10.79,21344222,JEN,deep
4319,08/27/2023 14:44:45,10.79,100,10.8,21344222,JEN,deep
4320,08/27/2023 15:14:45,10.78,100,10.79,21344222,JEN,deep
4321,08/27/2023 15:44:45,10.78,100,10.79,21344222,JEN,deep
4322,08/27/2023 16:14:45,10.79,100,10.8,21344222,JEN,deep
4323,08/27/2023 16:44:45,10.79,100,10.8,21344222,JEN,deep
4324,08/27/2023 17:14:45,10.79,100,10.8,21344222,JEN,deep
4325,08/27/2023 17:44:45,10.8,100,10.81,21344222,JEN,deep
4326,08/27/2023 18:14:45,10.81,100,10.82,21344222,JEN,deep
4327,08/27/2023 18:44:45,10.79,100,10.8,21344222,JEN,deep
4328,08/27/2023 19:14:45,10.81,100,10.82,21344222,JEN,deep
4329,08/27/2023 19:44:45,10.84,100,10.85,21344222,JEN,deep
4330,08/27/2023 20:14:45,10.8,100,10.81,21344222,JEN,deep
4331,08/27/2023 20:44:45,10.8,100,10.81,21344222,JEN,deep
4332,08/27/2023 21:14:45,10.79,100,10.8,21344222,JEN,deep
4333,08/27/2023 21:44:45,10.79,100,10.8,21344222,JEN,deep
4334,08/27/2023 22:14:45,10.79,100,10.8,21344222,JEN,deep
4335,08/27/2023 22:44:45,10.8,100,10.81,21344222,JEN,deep
4336,08/27/2023 23:14:45,10.78,100,10.79,21344222,JEN,deep
4337,08/27/2023 23:44:45,10.8,100,10.81,21344222,JEN,deep
4338,08/28/2023 00:14:45,10.8,100,10.81,21344222,JEN,deep
4339,08/28/2023 00:44:45,10.81,100,10.82,21344222,JEN,deep
4340,08/28/2023 01:14:45,10.8,100,10.81,21344222,JEN,deep
4341,08/28/2023 01:44:45,10.8,100,10.81,21344222,JEN,deep
4342,08/28/2023 02:14:45,10.78,100,10.79,21344222,JEN,deep
4343,08/28/2023 02:44:45,10.8,100,10.81,21344222,JEN,deep
4344,08/28/2023 03:14:45,10.83,100,10.84,21344222,JEN,deep
4345,08/28/2023 03:44:45,10.8,100,10.81,21344222,JEN,deep
4346,08/28/2023 04:14:45,10.82,100,10.83,21344222,JEN,deep
4347,08/28/2023 04:44:45,10.77,100,10.78,21344222,JEN,deep
4348,08/28/2023 05:14:45,10.8,100,10.81,21344222,JEN,deep
4349,08/28/2023 05:44:45,10.83,100,10.84,21344222,JEN,deep
4350,08/28/2023 06:14:45,10.79,100,10.8,21344222,JEN,deep
4351,08/28/2023 06:44:45,10.79,100,10.8,21344222,JEN,deep
4352,08/28/2023 07:14:45,10.81,100,10.82,21344222,JEN,deep
4353,08/28/2023 07:44:45,10.78,100,10.79,21344222,JEN,deep
4354,08/28/2023 08:14:45,10.81,100,10.82,21344222,JEN,deep
4355,08/28/2023 08:44:45,10.81,100,10.82,21344222,JEN,deep
4356,08/28/2023 09:14:45,10.82,100,10.83,21344222,JEN,deep
4357,08/28/2023 09:44:45,10.81,100,10.82,21344222,JEN,deep
4358,08/28/2023 10:14:45,10.81,100,10.82,21344222,JEN,deep
4359,08/28/2023 10:44:45,10.82,100,10.83,21344222,JEN,deep
4360,08/28/2023 11:14:45,10.79,100,10.8,21344222,JEN,deep
4361,08/28/2023 11:44:45,10.79,100,10.8,21344222,JEN,deep
4362,08/28/2023 12:14:45,10.81,100,10.82,21344222,JEN,deep
4363,08/28/2023 12:44:45,10.79,100,10.8,21344222,JEN,deep
4364,08/28/2023 13:14:45,10.79,100,10.8,21344222,JEN,deep
4365,08/28/2023 13:44:45,10.8,100,10.81,21344222,JEN,deep
4366,08/28/2023 14:14:45,10.78,100,10.79,21344222,JEN,deep
4367,08/28/2023 14:44:45,10.8,100,10.81,21344222,JEN,deep
4368,08/28/2023 15:14:45,10.78,100,10.79,21344222,JEN,deep
4369,08/28/2023 15:44:45,10.8,100,10.81,21344222,JEN,deep
4370,08/28/2023 16:14:45,10.82,100,10.83,21344222,JEN,deep
4371,08/28/2023 16:44:45,10.78,100,10.79,21344222,JEN,deep
4372,08/28/2023 17:14:45,10.81,100,10.82,21344222,JEN,deep
4373,08/28/2023 17:44:45,10.79,100,10.8,21344222,JEN,deep
4374,08/28/2023 18:14:45,10.8,100,10.81,21344222,JEN,deep
4375,08/28/2023 18:44:45,10.78,100,10.79,21344222,JEN,deep
4376,08/28/2023 19:14:45,10.78,100,10.79,21344222,JEN,deep
4377,08/28/2023 19:44:45,10.81,100,10.82,21344222,JEN,deep
4378,08/28/2023 20:14:45,10.82,100,10.83,21344222,JEN,deep
4379,08/28/2023 20:44:45,10.8,100,10.81,21344222,JEN,deep
4380,08/28/2023 21:14:45,10.79,100,10.8,21344222,JEN,deep
4381,08/28/2023 21:44:45,10.81,100,10.82,21344222,JEN,deep
4382,08/28/2023 22:14:45,10.8,100,10.81,21344222,JEN,deep
4383,08/28/2023 22:44:45,10.78,100,10.79,21344222,JEN,deep
4384,08/28/2023 23:14:45,10.78,100,10.79,21344222,JEN,deep
4385,08/28/2023 23:44:45,10.82,100,10.83,21344222,JEN,deep
4386,08/29/2023 00:14:45,10.81,100,10.82,21344222,JEN,deep
4387,08/29/2023 00:44:45,10.82,100,10.83,21344222,JEN,deep
4388,08/29/2023 01:14:45,10.8,100,10.81,21344222,JEN,deep
4389,08/29/2023 01:44:45,10.81,100,10.82,21344222,JEN,deep
4390,08/29/2023 02:14:45,10.8,100,10.81,21344222,JEN,deep
4391,08/29/2023 02:44:45,10.81,100,10.82,21344222,JEN,deep
4392,08/29/2023 03:14:45,10.8,100,10.81,21344222,JEN,deep
4393,08/29/2023 03:44:45,10.82,100,10.83,21344222,JEN,deep
4394,08/29/2023 04:14:45,10.79,100,10.8,21344222,JEN,deep
4395,08/29/2023 04:44:45,10.83,100,10.84,21344222,JEN,deep
4396,08/29/2023 05:14:45,10.82,100,10.83,21344222,JEN,deep
4397,08/29/2023 05:44:45,10.84,100,10.85,21344222,JEN,deep
4398,08/29/2023 06:14:45,10.8,100,10.81,21344222,JEN,deep
4399,08/29/2023 06:44:45,10.8,100,10.81,21344222,JEN,deep
4400,08/29/2023 07:14:45,10.81,100,10.82,21344222,JEN,deep
4401,08/29/2023 07:44:45,10.82,100,10.83,21344222,JEN,deep
4402,08/29/2023 08:14:45,10.81,100,10.82,21344222,JEN,deep
4403,08/29/2023 08:44:45,10.8,100,10.81,21344222,JEN,deep
4404,08/29/2023 09:14:45,10.8,100,10.81,21344222,JEN,deep
4405,08/29/2023 09:44:45,10.8,100,10.81,21344222,JEN,deep
4406,08/29/2023 10:14:45,10.81,100,10.82,21344222,JEN,deep
4407,08/29/2023 10:44:45,10.79,100,10.8,21344222,JEN,deep
4408,08/29/2023 11:14:45,10.77,100,10.78,21344222,JEN,deep
4409,08/29/2023 11:44:45,10.79,100,10.8,21344222,JEN,deep
4410,08/29/2023 12:14:45,10.8,100,10.81,21344222,JEN,deep
4411,08/29/2023 12:44:45,10.78,100,10.79,21344222,JEN,deep
4412,08/29/2023 13:14:45,10.77,100,10.78,21344222,JEN,deep
4413,08/29/2023 13:44:45,10.74,100,10.76,21344222,JEN,deep
4414,08/29/2023 14:14:45,10.77,100,10.78,21344222,JEN,deep
4415,08/29/2023 14:44:45,10.75,100,10.77,21344222,JEN,deep
4416,08/29/2023 15:14:45,10.77,100,10.78,21344222,JEN,deep
4417,08/29/2023 15:44:45,10.78,100,10.79,21344222,JEN,deep
4418,08/29/2023 16:14:45,10.75,100,10.77,21344222,JEN,deep
4419,08/29/2023 16:44:45,10.77,100,10.78,21344222,JEN,deep
4420,08/29/2023 17:14:45,10.78,100,10.79,21344222,JEN,deep
4421,08/29/2023 17:44:45,10.78,100,10.79,21344222,JEN,deep
4422,08/29/2023 18:14:45,10.78,100,10.79,21344222,JEN,deep
4423,08/29/2023 18:44:45,10.79,100,10.8,21344222,JEN,deep
4424,08/29/2023 19:14:45,10.78,100,10.79,21344222,JEN,deep
4425,08/29/2023 19:44:45,10.78,100,10.79,21344222,JEN,deep
4426,08/29/2023 20:14:45,10.77,100,10.78,21344222,JEN,deep
4427,08/29/2023 20:44:45,10.79,100,10.8,21344222,JEN,deep
4428,08/29/2023 21:14:45,10.8,100,10.81,21344222,JEN,deep
4429,08/29/2023 21:44:45,10.79,100,10.8,21344222,JEN,deep
4430,08/29/2023 22:14:45,10.77,100,10.78,21344222,JEN,deep
4431,08/29/2023 22:44:45,10.77,100,10.78,21344222,JEN,deep
4432,08/29/2023 23:14:45,10.78,100,10.79,21344222,JEN,deep
4433,08/29/2023 23:44:45,10.8,100,10.81,21344222,JEN,deep
4434,08/30/2023 00:14:45,10.79,100,10.8,21344222,JEN,deep
4435,08/30/2023 00:44:45,10.8,100,10.81,21344222,JEN,deep
4436,08/30/2023 01:14:45,10.83,100,10.84,21344222,JEN,deep
4437,08/30/2023 01:44:45,10.8,100,10.81,21344222,JEN,deep
4438,08/30/2023 02:14:45,10.78,100,10.79,21344222,JEN,deep
4439,08/30/2023 02:44:45,10.79,100,10.8,21344222,JEN,deep
4440,08/30/2023 03:14:45,10.81,100,10.82,21344222,JEN,deep
4441,08/30/2023 03:44:45,10.79,100,10.8,21344222,JEN,deep
4442,08/30/2023 04:14:45,10.75,100,10.77,21344222,JEN,deep
4443,08/30/2023 04:44:45,10.81,100,10.82,21344222,JEN,deep
4444,08/30/2023 05:14:45,10.79,100,10.8,21344222,JEN,deep
4445,08/30/2023 05:44:45,10.78,100,10.79,21344222,JEN,deep
4446,08/30/2023 06:14:45,10.79,100,10.8,21344222,JEN,deep
4447,08/30/2023 06:44:45,10.82,100,10.83,21344222,JEN,deep
4448,08/30/2023 07:14:45,10.8,100,10.81,21344222,JEN,deep
4449,08/30/2023 07:44:45,10.79,100,10.8,21344222,JEN,deep
4450,08/30/2023 08:14:45,10.79,100,10.8,21344222,JEN,deep
4451,08/30/2023 08:44:45,10.81,100,10.82,21344222,JEN,deep
4452,08/30/2023 09:14:45,10.78,100,10.79,21344222,JEN,deep
4453,08/30/2023 09:44:45,10.78,100,10.79,21344222,JEN,deep
4454,08/30/2023 10:14:45,10.78,100,10.79,21344222,JEN,deep
4455,08/30/2023 10:44:45,10.77,100,10.78,21344222,JEN,deep
4456,08/30/2023 11:14:45,10.79,100,10.8,21344222,JEN,deep
4457,08/30/2023 11:44:45,10.74,100,10.76,21344222,JEN,deep
4458,08/30/2023 12:14:45,10.74,100,10.76,21344222,JEN,deep
4459,08/30/2023 12:44:45,10.78,100,10.79,21344222,JEN,deep
4460,08/30/2023 13:14:45,10.77,100,10.78,21344222,JEN,deep
4461,08/30/2023 13:44:45,10.75,100,10.77,21344222,JEN,deep
4462,08/30/2023 14:14:45,10.75,100,10.77,21344222,JEN,deep
4463,08/30/2023 14:44:45,10.79,100,10.8,21344222,JEN,deep
4464,08/30/2023 15:14:45,10.8,100,10.81,21344222,JEN,deep
4465,08/30/2023 15:44:45,10.77,100,10.78,21344222,JEN,deep
4466,08/30/2023 16:14:45,10.79,100,10.8,21344222,JEN,deep
4467,08/30/2023 16:44:45,10.77,100,10.78,21344222,JEN,deep
4468,08/30/2023 17:14:45,10.75,100,10.77,21344222,JEN,deep
4469,08/30/2023 17:44:45,10.79,100,10.8,21344222,JEN,deep
4470,08/30/2023 18:14:45,10.78,100,10.79,21344222,JEN,deep
4471,08/30/2023 18:44:45,10.79,100,10.8,21344222,JEN,deep
4472,08/30/2023 19:14:45,10.78,100,10.79,21344222,JEN,deep
4473,08/30/2023 19:44:45,10.78,100,10.79,21344222,JEN,deep
4474,08/30/2023 20:14:45,10.8,100,10.81,21344222,JEN,deep
4475,08/30/2023 20:44:45,10.78,100,10.79,21344222,JEN,deep
4476,08/30/2023 21:14:45,10.78,100,10.79,21344222,JEN,deep
4477,08/30/2023 21:44:45,10.8,100,10.81,21344222,JEN,deep
4478,08/30/2023 22:14:45,10.79,100,10.8,21344222,JEN,deep
4479,08/30/2023 22:44:45,10.79,100,10.8,21344222,JEN,deep
4480,08/30/2023 23:14:45,10.81,100,10.82,21344222,JEN,deep
4481,08/30/2023 23:44:45,10.8,100,10.81,21344222,JEN,deep
4482,08/31/2023 00:14:45,10.8,100,10.81,21344222,JEN,deep
4483,08/31/2023 00:44:45,10.78,100,10.79,21344222,JEN,deep
4484,08/31/2023 01:14:45,10.79,100,10.8,21344222,JEN,deep
4485,08/31/2023 01:44:45,10.8,100,10.81,21344222,JEN,deep
4486,08/31/2023 02:14:45,10.81,100,10.82,21344222,JEN,deep
4487,08/31/2023 02:44:45,10.78,100,10.79,21344222,JEN,deep
4488,08/31/2023 03:14:45,10.8,100,10.81,21344222,JEN,deep
4489,08/31/2023 03:44:45,10.78,100,10.79,21344222,JEN,deep
4490,08/31/2023 04:14:45,10.8,100,10.81,21344222,JEN,deep
4491,08/31/2023 04:44:45,10.81,100,10.82,21344222,JEN,deep
4492,08/31/2023 05:14:45,10.77,100,10.78,21344222,JEN,deep
4493,08/31/2023 05:44:45,10.81,100,10.82,21344222,JEN,deep
4494,08/31/2023 06:14:45,10.74,100,10.76,21344222,JEN,deep
4495,08/31/2023 06:44:45,10.78,100,10.79,21344222,JEN,deep
4496,08/31/2023 07:14:45,10.81,100,10.82,21344222,JEN,deep
4497,08/31/2023 07:44:45,10.81,100,10.82,21344222,JEN,deep
4498,08/31/2023 08:14:45,10.8,100,10.81,21344222,JEN,deep
4499,08/31/2023 08:44:45,10.78,100,10.79,21344222,JEN,deep
4500,08/31/2023 09:14:45,10.77,100,10.78,21344222,JEN,deep
4501,08/31/2023 09:44:45,10.78,100,10.79,21344222,JEN,deep
4502,08/31/2023 10:14:45,10.79,100,10.8,21344222,JEN,deep
4503,08/31/2023 10:44:45,10.77,100,10.78,21344222,JEN,deep
4504,08/31/2023 11:14:45,10.78,100,10.79,21344222,JEN,deep
4505,08/31/2023 11:44:45,10.77,100,10.78,21344222,JEN,deep
4506,08/31/2023 12:14:45,10.79,100,10.8,21344222,JEN,deep
4507,08/31/2023 12:44:45,10.78,100,10.79,21344222,JEN,deep
4508,08/31/2023 13:14:45,10.78,100,10.79,21344222,JEN,deep
4509,08/31/2023 13:44:45,10.78,100,10.79,21344222,JEN,deep
4510,08/31/2023 14:14:45,10.77,100,10.78,21344222,JEN,deep
4511,08/31/2023 14:44:45,10.78,100,10.79,21344222,JEN,deep
4512,08/31/2023 15:14:45,10.78,100,10.79,21344222,JEN,deep
4513,08/31/2023 15:44:45,10.78,100,10.79,21344222,JEN,deep
4514,08/31/2023 16:14:45,10.78,100,10.79,21344222,JEN,deep
4515,08/31/2023 16:44:45,10.75,100,10.77,21344222,JEN,deep
4516,08/31/2023 17:14:45,10.75,100,10.77,21344222,JEN,deep
4517,08/31/2023 17:44:45,10.78,100,10.79,21344222,JEN,deep
4518,08/31/2023 18:14:45,10.77,100,10.78,21344222,JEN,deep
4519,08/31/2023 18:44:45,10.79,100,10.8,21344222,JEN,deep
4520,08/31/2023 19:14:45,10.79,100,10.8,21344222,JEN,deep
4521,08/31/2023 19:44:45,10.78,100,10.79,21344222,JEN,deep
4522,08/31/2023 20:14:45,10.78,100,10.79,21344222,JEN,deep
4523,08/31/2023 20:44:45,10.78,100,10.79,21344222,JEN,deep
4524,08/31/2023 21:14:45,10.78,100,10.79,21344222,JEN,deep
4525,08/31/2023 21:44:45,10.77,100,10.78,21344222,JEN,deep
4526,08/31/2023 22:14:45,10.78,100,10.79,21344222,JEN,deep
4527,08/31/2023 22:44:45,10.8,100,10.81,21344222,JEN,deep
4528,08/31/2023 23:14:45,10.8,100,10.81,21344222,JEN,deep
4529,08/31/2023 23:44:45,10.79,100,10.8,21344222,JEN,deep
4530,9/1/2023 0:14,10.77,100,10.78,21344222,JEN,deep
4531,9/1/2023 0:44,10.78,100,10.79,21344222,JEN,deep
4532,9/1/2023 1:14,10.79,100,10.8,21344222,JEN,deep
4533,9/1/2023 1:44,10.81,100,10.82,21344222,JEN,deep
4534,9/1/2023 2:14,10.79,100,10.8,21344222,JEN,deep
4535,9/1/2023 2:44,10.79,100,10.8,21344222,JEN,deep
4536,9/1/2023 3:14,10.8,100,10.81,21344222,JEN,deep
4537,9/1/2023 3:44,10.79,100,10.8,21344222,JEN,deep
4538,9/1/2023 4:14,10.79,100,10.8,21344222,JEN,deep
4539,9/1/2023 4:44,10.8,100,10.81,21344222,JEN,deep
4540,9/1/2023 5:14,10.79,100,10.8,21344222,JEN,deep
4541,9/1/2023 5:44,10.78,100,10.79,21344222,JEN,deep
4542,9/1/2023 6:14,10.78,100,10.79,21344222,JEN,deep
4543,9/1/2023 6:44,10.8,100,10.81,21344222,JEN,deep
4544,9/1/2023 7:14,10.79,100,10.8,21344222,JEN,deep
4545,9/1/2023 7:44,10.8,100,10.81,21344222,JEN,deep
4546,9/1/2023 8:14,10.77,100,10.78,21344222,JEN,deep
4547,9/1/2023 8:44,10.78,100,10.79,21344222,JEN,deep
4548,9/1/2023 9:14,10.78,100,10.79,21344222,JEN,deep
4549,9/1/2023 9:44,10.79,100,10.8,21344222,JEN,deep
4550,9/1/2023 10:14,10.78,100,10.79,21344222,JEN,deep
4551,9/1/2023 10:44,10.79,100,10.8,21344222,JEN,deep
4552,9/1/2023 11:14,10.78,100,10.79,21344222,JEN,deep
4553,9/1/2023 11:44,10.79,100,10.8,21344222,JEN,deep
4554,9/1/2023 12:14,10.78,100,10.79,21344222,JEN,deep
4555,9/1/2023 12:44,10.78,100,10.79,21344222,JEN,deep
4556,9/1/2023 13:14,10.78,100,10.79,21344222,JEN,deep
4557,9/1/2023 13:44,10.77,100,10.78,21344222,JEN,deep
4558,9/1/2023 14:14,10.78,100,10.79,21344222,JEN,deep
4559,9/1/2023 14:44,10.78,100,10.79,21344222,JEN,deep
4560,9/1/2023 15:14,10.78,100,10.79,21344222,JEN,deep
4561,9/1/2023 15:44,10.75,100,10.77,21344222,JEN,deep
4562,9/1/2023 16:14,10.78,100,10.79,21344222,JEN,deep
4563,9/1/2023 16:44,10.79,100,10.8,21344222,JEN,deep
4564,9/1/2023 17:14,10.78,100,10.79,21344222,JEN,deep
4565,9/1/2023 17:44,10.8,100,10.81,21344222,JEN,deep
4566,9/1/2023 18:14,10.79,100,10.8,21344222,JEN,deep
4567,9/1/2023 18:44,10.79,100,10.8,21344222,JEN,deep
4568,9/1/2023 19:14,10.78,100,10.79,21344222,JEN,deep
4569,9/1/2023 19:44,10.78,100,10.79,21344222,JEN,deep
4570,9/1/2023 20:14,10.79,100,10.8,21344222,JEN,deep
4571,9/1/2023 20:44,10.78,100,10.79,21344222,JEN,deep
4572,9/1/2023 21:14,10.81,100,10.82,21344222,JEN,deep
4573,9/1/2023 21:44,10.79,100,10.8,21344222,JEN,deep
4574,9/1/2023 22:14,10.79,100,10.8,21344222,JEN,deep
4575,9/1/2023 22:44,10.81,100,10.82,21344222,JEN,deep
4576,9/1/2023 23:14,10.82,100,10.83,21344222,JEN,deep
4577,9/1/2023 23:44,10.81,100,10.82,21344222,JEN,deep
4578,9/2/2023 0:14,10.79,100,10.8,21344222,JEN,deep
4579,9/2/2023 0:44,10.81,100,10.82,21344222,JEN,deep
4580,9/2/2023 1:14,10.78,100,10.79,21344222,JEN,deep
4581,9/2/2023 1:44,10.81,100,10.82,21344222,JEN,deep
4582,9/2/2023 2:14,10.78,100,10.79,21344222,JEN,deep
4583,9/2/2023 2:44,10.8,100,10.81,21344222,JEN,deep
4584,9/2/2023 3:14,10.8,100,10.81,21344222,JEN,deep
4585,9/2/2023 3:44,10.81,100,10.82,21344222,JEN,deep
4586,9/2/2023 4:14,10.79,100,10.8,21344222,JEN,deep
4587,9/2/2023 4:44,10.78,100,10.79,21344222,JEN,deep
4588,9/2/2023 5:14,10.8,100,10.81,21344222,JEN,deep
4589,9/2/2023 5:44,10.78,100,10.79,21344222,JEN,deep
4590,9/2/2023 6:14,10.79,100,10.8,21344222,JEN,deep
4591,9/2/2023 6:44,10.79,100,10.8,21344222,JEN,deep
4592,9/2/2023 7:14,10.78,100,10.79,21344222,JEN,deep
4593,9/2/2023 7:44,10.8,100,10.81,21344222,JEN,deep
4594,9/2/2023 8:14,10.77,100,10.78,21344222,JEN,deep
4595,9/2/2023 8:44,10.8,100,10.81,21344222,JEN,deep
4596,9/2/2023 9:14,10.79,100,10.8,21344222,JEN,deep
4597,9/2/2023 9:44,10.8,100,10.81,21344222,JEN,deep
4598,9/2/2023 10:14,10.78,100,10.79,21344222,JEN,deep
4599,9/2/2023 10:44,10.79,100,10.8,21344222,JEN,deep
4600,9/2/2023 11:14,10.8,100,10.81,21344222,JEN,deep
4601,9/2/2023 11:44,10.77,100,10.78,21344222,JEN,deep
4602,9/2/2023 12:14,10.78,100,10.79,21344222,JEN,deep
4603,9/2/2023 12:44,10.75,100,10.77,21344222,JEN,deep
4604,9/2/2023 13:14,10.8,100,10.81,21344222,JEN,deep
4605,9/2/2023 13:44,10.77,100,10.78,21344222,JEN,deep
4606,9/2/2023 14:14,10.78,100,10.79,21344222,JEN,deep
4607,9/2/2023 14:44,10.78,100,10.79,21344222,JEN,deep
4608,9/2/2023 15:14,10.79,100,10.8,21344222,JEN,deep
4609,9/2/2023 15:44,10.77,100,10.78,21344222,JEN,deep
4610,9/2/2023 16:14,10.77,100,10.78,21344222,JEN,deep
4611,9/2/2023 16:44,10.79,100,10.8,21344222,JEN,deep
4612,9/2/2023 17:14,10.79,100,10.8,21344222,JEN,deep
4613,9/2/2023 17:44,10.78,100,10.79,21344222,JEN,deep
4614,9/2/2023 18:14,10.77,100,10.78,21344222,JEN,deep
4615,9/2/2023 18:44,10.77,100,10.78,21344222,JEN,deep
4616,9/2/2023 19:14,10.8,100,10.81,21344222,JEN,deep
4617,9/2/2023 19:44,10.8,100,10.81,21344222,JEN,deep
4618,9/2/2023 20:14,10.78,100,10.79,21344222,JEN,deep
4619,9/2/2023 20:44,10.78,100,10.79,21344222,JEN,deep
4620,9/2/2023 21:14,10.8,100,10.81,21344222,JEN,deep
4621,9/2/2023 21:44,10.8,100,10.81,21344222,JEN,deep
4622,9/2/2023 22:14,10.8,100,10.81,21344222,JEN,deep
4623,9/2/2023 22:44,10.78,100,10.79,21344222,JEN,deep
4624,9/2/2023 23:14,10.82,100,10.83,21344222,JEN,deep
4625,9/2/2023 23:44,10.79,100,10.8,21344222,JEN,deep
4626,9/3/2023 0:14,10.83,100,10.84,21344222,JEN,deep
4627,9/3/2023 0:44,10.8,100,10.81,21344222,JEN,deep
4628,9/3/2023 1:14,10.81,100,10.82,21344222,JEN,deep
4629,9/3/2023 1:44,10.78,100,10.79,21344222,JEN,deep
4630,9/3/2023 2:14,10.77,100,10.78,21344222,JEN,deep
4631,9/3/2023 2:44,10.78,100,10.79,21344222,JEN,deep
4632,9/3/2023 3:14,10.79,100,10.8,21344222,JEN,deep
4633,9/3/2023 3:44,10.8,100,10.81,21344222,JEN,deep
4634,9/3/2023 4:14,10.79,100,10.8,21344222,JEN,deep
4635,9/3/2023 4:44,10.79,100,10.8,21344222,JEN,deep
4636,9/3/2023 5:14,10.81,100,10.82,21344222,JEN,deep
4637,9/3/2023 5:44,10.78,100,10.79,21344222,JEN,deep
4638,9/3/2023 6:14,10.8,100,10.81,21344222,JEN,deep
4639,9/3/2023 6:44,10.81,100,10.82,21344222,JEN,deep
4640,9/3/2023 7:14,10.77,100,10.78,21344222,JEN,deep
4641,9/3/2023 7:44,10.78,100,10.79,21344222,JEN,deep
4642,9/3/2023 8:14,10.78,100,10.79,21344222,JEN,deep
4643,9/3/2023 8:44,10.81,100,10.82,21344222,JEN,deep
4644,9/3/2023 9:14,10.8,100,10.81,21344222,JEN,deep
4645,9/3/2023 9:44,10.78,100,10.79,21344222,JEN,deep
4646,9/3/2023 10:14,10.78,100,10.79,21344222,JEN,deep
4647,9/3/2023 10:44,10.81,100,10.82,21344222,JEN,deep
4648,9/3/2023 11:14,10.79,100,10.8,21344222,JEN,deep
4649,9/3/2023 11:44,10.81,100,10.82,21344222,JEN,deep
4650,9/3/2023 12:14,10.78,100,10.79,21344222,JEN,deep
4651,9/3/2023 12:44,10.81,100,10.82,21344222,JEN,deep
4652,9/3/2023 13:14,10.8,100,10.81,21344222,JEN,deep
4653,9/3/2023 13:44,10.78,100,10.79,21344222,JEN,deep
4654,9/3/2023 14:14,10.75,100,10.77,21344222,JEN,deep
4655,9/3/2023 14:44,10.79,100,10.8,21344222,JEN,deep
4656,9/3/2023 15:14,10.79,100,10.8,21344222,JEN,deep
4657,9/3/2023 15:44,10.78,100,10.79,21344222,JEN,deep
4658,9/3/2023 16:14,10.77,100,10.78,21344222,JEN,deep
4659,9/3/2023 16:44,10.78,100,10.79,21344222,JEN,deep
4660,9/3/2023 17:14,10.78,100,10.79,21344222,JEN,deep
4661,9/3/2023 17:44,10.75,100,10.77,21344222,JEN,deep
4662,9/3/2023 18:14,10.77,100,10.78,21344222,JEN,deep
4663,9/3/2023 18:44,10.74,100,10.76,21344222,JEN,deep
4664,9/3/2023 19:14,10.77,100,10.78,21344222,JEN,deep
4665,9/3/2023 19:44,10.78,100,10.79,21344222,JEN,deep
4666,9/3/2023 20:14,10.78,100,10.79,21344222,JEN,deep
4667,9/3/2023 20:44,10.78,100,10.79,21344222,JEN,deep
4668,9/3/2023 21:14,10.79,100,10.8,21344222,JEN,deep
4669,9/3/2023 21:44,10.78,100,10.79,21344222,JEN,deep
4670,9/3/2023 22:14,10.78,100,10.79,21344222,JEN,deep
4671,9/3/2023 22:44,10.77,100,10.78,21344222,JEN,deep
4672,9/3/2023 23:14,10.8,100,10.81,21344222,JEN,deep
4673,9/3/2023 23:44,10.78,100,10.79,21344222,JEN,deep
4674,9/4/2023 0:14,10.79,100,10.8,21344222,JEN,deep
4675,9/4/2023 0:44,10.81,100,10.82,21344222,JEN,deep
4676,9/4/2023 1:14,10.8,100,10.81,21344222,JEN,deep
4677,9/4/2023 1:44,10.78,100,10.79,21344222,JEN,deep
4678,9/4/2023 2:14,10.8,100,10.81,21344222,JEN,deep
4679,9/4/2023 2:44,10.79,100,10.8,21344222,JEN,deep
4680,9/4/2023 3:14,10.81,100,10.82,21344222,JEN,deep
4681,9/4/2023 3:44,10.78,100,10.79,21344222,JEN,deep
4682,9/4/2023 4:14,10.8,100,10.81,21344222,JEN,deep
4683,9/4/2023 4:44,10.78,100,10.79,21344222,JEN,deep
4684,9/4/2023 5:14,10.78,100,10.79,21344222,JEN,deep
4685,9/4/2023 5:44,10.78,100,10.79,21344222,JEN,deep
4686,9/4/2023 6:14,10.78,100,10.79,21344222,JEN,deep
4687,9/4/2023 6:44,10.81,100,10.82,21344222,JEN,deep
4688,9/4/2023 7:14,10.78,100,10.79,21344222,JEN,deep
4689,9/4/2023 7:44,10.79,100,10.8,21344222,JEN,deep
4690,9/4/2023 8:14,10.78,100,10.79,21344222,JEN,deep
4691,9/4/2023 8:44,10.77,100,10.78,21344222,JEN,deep
4692,9/4/2023 9:14,10.82,100,10.83,21344222,JEN,deep
4693,9/4/2023 9:44,10.78,100,10.79,21344222,JEN,deep
4694,9/4/2023 10:14,10.78,100,10.79,21344222,JEN,deep
4695,9/4/2023 10:44,10.78,100,10.79,21344222,JEN,deep
4696,9/4/2023 11:14,10.75,100,10.77,21344222,JEN,deep
4697,9/4/2023 11:44,10.78,100,10.79,21344222,JEN,deep
4698,9/4/2023 12:14,10.77,100,10.78,21344222,JEN,deep
4699,9/4/2023 12:44,10.77,100,10.78,21344222,JEN,deep
4700,9/4/2023 13:14,10.78,100,10.79,21344222,JEN,deep
4701,9/4/2023 13:44,10.73,100,10.74,21344222,JEN,deep
4702,9/4/2023 14:14,10.74,100,10.76,21344222,JEN,deep
4703,9/4/2023 14:44,10.75,100,10.77,21344222,JEN,deep
4704,9/4/2023 15:14,10.77,100,10.78,21344222,JEN,deep
4705,9/4/2023 15:44,10.75,100,10.77,21344222,JEN,deep
4706,9/4/2023 16:14,10.73,100,10.74,21344222,JEN,deep
4707,9/4/2023 16:44,10.75,100,10.77,21344222,JEN,deep
4708,9/4/2023 17:14,10.75,100,10.77,21344222,JEN,deep
4709,9/4/2023 17:44,10.77,100,10.78,21344222,JEN,deep
4710,9/4/2023 18:14,10.74,100,10.76,21344222,JEN,deep
4711,9/4/2023 18:44,10.73,100,10.74,21344222,JEN,deep
4712,9/4/2023 19:14,10.77,100,10.78,21344222,JEN,deep
4713,9/4/2023 19:44,10.75,100,10.77,21344222,JEN,deep
4714,9/4/2023 20:14,10.78,100,10.79,21344222,JEN,deep
4715,9/4/2023 20:44,10.74,100,10.76,21344222,JEN,deep
4716,9/4/2023 21:14,10.78,100,10.79,21344222,JEN,deep
4717,9/4/2023 21:44,10.74,100,10.76,21344222,JEN,deep
4718,9/4/2023 22:14,10.74,100,10.76,21344222,JEN,deep
4719,9/4/2023 22:44,10.79,100,10.8,21344222,JEN,deep
4720,9/4/2023 23:14,10.81,100,10.82,21344222,JEN,deep
4721,9/4/2023 23:44,10.77,100,10.78,21344222,JEN,deep
4722,9/5/2023 0:14,10.78,100,10.79,21344222,JEN,deep
4723,9/5/2023 0:44,10.74,100,10.76,21344222,JEN,deep
4724,9/5/2023 1:14,10.75,100,10.77,21344222,JEN,deep
4725,9/5/2023 1:44,10.74,100,10.76,21344222,JEN,deep
4726,9/5/2023 2:14,10.77,100,10.78,21344222,JEN,deep
4727,9/5/2023 2:44,10.72,100,10.73,21344222,JEN,deep
4728,9/5/2023 3:14,10.77,100,10.78,21344222,JEN,deep
4729,9/5/2023 3:44,10.74,100,10.76,21344222,JEN,deep
4730,9/5/2023 4:14,10.78,100,10.79,21344222,JEN,deep
4731,9/5/2023 4:44,10.77,100,10.78,21344222,JEN,deep
4732,9/5/2023 5:14,10.75,100,10.77,21344222,JEN,deep
4733,9/5/2023 5:44,10.75,100,10.77,21344222,JEN,deep
4734,9/5/2023 6:14,10.74,100,10.76,21344222,JEN,deep
4735,9/5/2023 6:44,10.77,100,10.78,21344222,JEN,deep
4736,9/5/2023 7:14,10.79,100,10.8,21344222,JEN,deep
4737,9/5/2023 7:44,10.78,100,10.79,21344222,JEN,deep
4738,9/5/2023 8:14,10.77,100,10.78,21344222,JEN,deep
4739,9/5/2023 8:44,10.75,100,10.77,21344222,JEN,deep
4740,9/5/2023 9:14,10.78,100,10.79,21344222,JEN,deep
4741,9/5/2023 9:44,10.75,100,10.77,21344222,JEN,deep
4742,9/5/2023 10:14,10.77,100,10.78,21344222,JEN,deep
4743,9/5/2023 10:44,10.72,100,10.73,21344222,JEN,deep
4744,9/5/2023 11:14,10.75,100,10.77,21344222,JEN,deep
4745,9/5/2023 11:44,10.77,100,10.78,21344222,JEN,deep
4746,9/5/2023 12:14,10.74,100,10.76,21344222,JEN,deep
4747,9/5/2023 12:44,10.74,100,10.76,21344222,JEN,deep
4748,9/5/2023 13:14,10.75,100,10.77,21344222,JEN,deep
4749,9/5/2023 13:44,10.77,100,10.78,21344222,JEN,deep
4750,9/5/2023 14:14,10.75,100,10.77,21344222,JEN,deep
4751,9/5/2023 14:44,10.77,100,10.78,21344222,JEN,deep
4752,9/5/2023 15:14,10.79,100,10.8,21344222,JEN,deep
4753,9/5/2023 15:44,10.77,100,10.78,21344222,JEN,deep
4754,9/5/2023 16:14,10.74,100,10.76,21344222,JEN,deep
4755,9/5/2023 16:44,10.77,100,10.78,21344222,JEN,deep
4756,9/5/2023 17:14,10.79,100,10.8,21344222,JEN,deep
4757,9/5/2023 17:44,10.79,100,10.8,21344222,JEN,deep
4758,9/5/2023 18:14,10.78,100,10.79,21344222,JEN,deep
4759,9/5/2023 18:44,10.78,100,10.79,21344222,JEN,deep
4760,9/5/2023 19:14,10.75,100,10.77,21344222,JEN,deep
4761,9/5/2023 19:44,10.75,100,10.77,21344222,JEN,deep
4762,9/5/2023 20:14,10.77,100,10.78,21344222,JEN,deep
4763,9/5/2023 20:44,10.75,100,10.77,21344222,JEN,deep
4764,9/5/2023 21:14,10.78,100,10.79,21344222,JEN,deep
4765,9/5/2023 21:44,10.72,100,10.73,21344222,JEN,deep
4766,9/5/2023 22:14,10.78,100,10.79,21344222,JEN,deep
4767,9/5/2023 22:44,10.77,100,10.78,21344222,JEN,deep
4768,9/5/2023 23:14,10.79,100,10.8,21344222,JEN,deep
4769,9/5/2023 23:44,10.75,100,10.77,21344222,JEN,deep
4770,9/6/2023 0:14,10.78,100,10.79,21344222,JEN,deep
4771,9/6/2023 0:44,10.74,100,10.76,21344222,JEN,deep
4772,9/6/2023 1:14,10.81,100,10.82,21344222,JEN,deep
4773,9/6/2023 1:44,10.75,100,10.77,21344222,JEN,deep
4774,9/6/2023 2:14,10.77,100,10.78,21344222,JEN,deep
4775,9/6/2023 2:44,10.78,100,10.79,21344222,JEN,deep
4776,9/6/2023 3:14,10.77,100,10.78,21344222,JEN,deep
4777,9/6/2023 3:44,10.77,100,10.78,21344222,JEN,deep
4778,9/6/2023 4:14,10.78,100,10.79,21344222,JEN,deep
4779,9/6/2023 4:44,10.78,100,10.79,21344222,JEN,deep
4780,9/6/2023 5:14,10.78,100,10.79,21344222,JEN,deep
4781,9/6/2023 5:44,10.77,100,10.78,21344222,JEN,deep
4782,9/6/2023 6:14,10.79,100,10.8,21344222,JEN,deep
4783,9/6/2023 6:44,10.79,100,10.8,21344222,JEN,deep
4784,9/6/2023 7:14,10.78,100,10.79,21344222,JEN,deep
4785,9/6/2023 7:44,10.75,100,10.77,21344222,JEN,deep
4786,9/6/2023 8:14,10.78,100,10.79,21344222,JEN,deep
4787,9/6/2023 8:44,10.75,100,10.77,21344222,JEN,deep
4788,9/6/2023 9:14,10.78,100,10.79,21344222,JEN,deep
4789,9/6/2023 9:44,10.78,100,10.79,21344222,JEN,deep
4790,9/6/2023 10:14,10.77,100,10.78,21344222,JEN,deep
4791,9/6/2023 10:44,10.74,100,10.76,21344222,JEN,deep
4792,9/6/2023 11:14,10.75,100,10.77,21344222,JEN,deep
4793,9/6/2023 11:44,10.75,100,10.77,21344222,JEN,deep
4794,9/6/2023 12:14,10.77,100,10.78,21344222,JEN,deep
4795,9/6/2023 12:44,10.73,100,10.74,21344222,JEN,deep
4796,9/6/2023 13:14,10.73,100,10.74,21344222,JEN,deep
4797,9/6/2023 13:44,10.74,100,10.76,21344222,JEN,deep
4798,9/6/2023 14:14,10.77,100,10.78,21344222,JEN,deep
4799,9/6/2023 14:44,10.73,100,10.74,21344222,JEN,deep
4800,9/6/2023 15:14,10.73,100,10.74,21344222,JEN,deep
4801,9/6/2023 15:44,10.75,100,10.77,21344222,JEN,deep
4802,9/6/2023 16:14,10.73,100,10.74,21344222,JEN,deep
4803,9/6/2023 16:44,10.75,100,10.77,21344222,JEN,deep
4804,9/6/2023 17:14,10.73,100,10.74,21344222,JEN,deep
4805,9/6/2023 17:44,10.77,100,10.78,21344222,JEN,deep
4806,9/6/2023 18:14,10.73,100,10.74,21344222,JEN,deep
4807,9/6/2023 18:44,10.75,100,10.77,21344222,JEN,deep
4808,9/6/2023 19:14,10.74,100,10.76,21344222,JEN,deep
4809,9/6/2023 19:44,10.73,100,10.74,21344222,JEN,deep
4810,9/6/2023 20:14,10.74,100,10.76,21344222,JEN,deep
4811,9/6/2023 20:44,10.75,100,10.77,21344222,JEN,deep
4812,9/6/2023 21:14,10.79,100,10.8,21344222,JEN,deep
4813,9/6/2023 21:44,10.77,100,10.78,21344222,JEN,deep
4814,9/6/2023 22:14,10.78,100,10.79,21344222,JEN,deep
4815,9/6/2023 22:44,10.77,100,10.78,21344222,JEN,deep
4816,9/6/2023 23:14,10.79,100,10.8,21344222,JEN,deep
4817,9/6/2023 23:44,10.75,100,10.77,21344222,JEN,deep
4818,9/7/2023 0:14,10.77,100,10.78,21344222,JEN,deep
4819,9/7/2023 0:44,10.78,100,10.79,21344222,JEN,deep
4820,9/7/2023 1:14,10.77,100,10.78,21344222,JEN,deep
4821,9/7/2023 1:44,10.78,100,10.79,21344222,JEN,deep
4822,9/7/2023 2:14,10.78,100,10.79,21344222,JEN,deep
4823,9/7/2023 2:44,10.79,100,10.8,21344222,JEN,deep
4824,9/7/2023 3:14,10.77,100,10.78,21344222,JEN,deep
4825,9/7/2023 3:44,10.78,100,10.79,21344222,JEN,deep
4826,9/7/2023 4:14,10.75,100,10.77,21344222,JEN,deep
4827,9/7/2023 4:44,10.78,100,10.79,21344222,JEN,deep
4828,9/7/2023 5:14,10.77,100,10.78,21344222,JEN,deep
4829,9/7/2023 5:44,10.79,100,10.8,21344222,JEN,deep
4830,9/7/2023 6:14,10.78,100,10.79,21344222,JEN,deep
4831,9/7/2023 6:44,10.79,100,10.8,21344222,JEN,deep
4832,9/7/2023 7:14,10.78,100,10.79,21344222,JEN,deep
4833,9/7/2023 7:44,10.77,100,10.78,21344222,JEN,deep
4834,9/7/2023 8:14,10.77,100,10.78,21344222,JEN,deep
4835,9/7/2023 8:44,10.77,100,10.78,21344222,JEN,deep
4836,9/7/2023 9:14,10.75,100,10.77,21344222,JEN,deep
4837,9/7/2023 9:44,10.73,100,10.74,21344222,JEN,deep
4838,9/7/2023 10:14,10.77,100,10.78,21344222,JEN,deep
4839,9/7/2023 10:44,10.75,100,10.77,21344222,JEN,deep
4840,9/7/2023 11:14,10.75,100,10.77,21344222,JEN,deep
4841,9/7/2023 11:44,10.74,100,10.76,21344222,JEN,deep
4842,9/7/2023 12:14,10.77,100,10.78,21344222,JEN,deep
4843,9/7/2023 12:44,10.74,100,10.76,21344222,JEN,deep
4844,9/7/2023 13:14,10.74,100,10.76,21344222,JEN,deep
4845,9/7/2023 13:44,10.73,100,10.74,21344222,JEN,deep
4846,9/7/2023 14:14,10.75,100,10.77,21344222,JEN,deep
4847,9/7/2023 14:44,10.72,100,10.73,21344222,JEN,deep
4848,9/7/2023 15:14,10.72,100,10.73,21344222,JEN,deep
4849,9/7/2023 15:44,10.74,100,10.76,21344222,JEN,deep
4850,9/7/2023 16:14,10.75,100,10.77,21344222,JEN,deep
4851,9/7/2023 16:44,10.73,100,10.74,21344222,JEN,deep
4852,9/7/2023 17:14,10.73,100,10.74,21344222,JEN,deep
4853,9/7/2023 17:44,10.73,100,10.74,21344222,JEN,deep
4854,9/7/2023 18:14,10.75,100,10.77,21344222,JEN,deep
4855,9/7/2023 18:44,10.78,100,10.79,21344222,JEN,deep
4856,9/7/2023 19:14,10.73,100,10.74,21344222,JEN,deep
4857,9/7/2023 19:44,10.73,100,10.74,21344222,JEN,deep
4858,9/7/2023 20:14,10.73,100,10.74,21344222,JEN,deep
4859,9/7/2023 20:44,10.74,100,10.76,21344222,JEN,deep
4860,9/7/2023 21:14,10.77,100,10.78,21344222,JEN,deep
4861,9/7/2023 21:44,10.74,100,10.76,21344222,JEN,deep
4862,9/7/2023 22:14,10.73,100,10.74,21344222,JEN,deep
4863,9/7/2023 22:44,10.74,100,10.76,21344222,JEN,deep
4864,9/7/2023 23:14,10.73,100,10.74,21344222,JEN,deep
4865,9/7/2023 23:44,10.73,100,10.74,21344222,JEN,deep
4866,9/8/2023 0:14,10.73,100,10.74,21344222,JEN,deep
4867,9/8/2023 0:44,10.73,100,10.74,21344222,JEN,deep
4868,9/8/2023 1:14,10.74,100,10.76,21344222,JEN,deep
4869,9/8/2023 1:44,10.73,100,10.74,21344222,JEN,deep
4870,9/8/2023 2:14,10.7,100,10.71,21344222,JEN,deep
4871,9/8/2023 2:44,10.73,100,10.74,21344222,JEN,deep
4872,9/8/2023 3:14,10.73,100,10.74,21344222,JEN,deep
4873,9/8/2023 3:44,10.73,100,10.74,21344222,JEN,deep
4874,9/8/2023 4:14,10.72,100,10.73,21344222,JEN,deep
4875,9/8/2023 4:44,10.73,100,10.74,21344222,JEN,deep
4876,9/8/2023 5:14,10.73,100,10.74,21344222,JEN,deep
4877,9/8/2023 5:44,10.74,100,10.76,21344222,JEN,deep
4878,9/8/2023 6:14,10.78,100,10.79,21344222,JEN,deep
4879,9/8/2023 6:44,10.75,100,10.77,21344222,JEN,deep
4880,9/8/2023 7:14,10.75,100,10.77,21344222,JEN,deep
4881,9/8/2023 7:44,10.77,100,10.78,21344222,JEN,deep
4882,9/8/2023 8:14,10.74,100,10.76,21344222,JEN,deep
4883,9/8/2023 8:44,10.74,100,10.76,21344222,JEN,deep
4884,9/8/2023 9:14,10.77,100,10.78,21344222,JEN,deep
4885,9/8/2023 9:44,10.75,100,10.77,21344222,JEN,deep
4886,9/8/2023 10:14,10.75,100,10.77,21344222,JEN,deep
4887,9/8/2023 10:44,10.73,100,10.74,21344222,JEN,deep
4888,9/8/2023 11:14,10.78,100,10.79,21344222,JEN,deep
4889,9/8/2023 11:44,10.77,100,10.78,21344222,JEN,deep
4890,9/8/2023 12:14,10.77,100,10.78,21344222,JEN,deep
4891,9/8/2023 12:44,10.75,100,10.77,21344222,JEN,deep
4892,9/8/2023 13:14,10.77,100,10.78,21344222,JEN,deep
4893,9/8/2023 13:44,10.77,100,10.78,21344222,JEN,deep
4894,9/8/2023 14:14,10.77,100,10.78,21344222,JEN,deep
4895,9/8/2023 14:44,10.74,100,10.76,21344222,JEN,deep
4896,9/8/2023 15:14,10.75,100,10.77,21344222,JEN,deep
4897,9/8/2023 15:44,10.77,100,10.78,21344222,JEN,deep
4898,9/8/2023 16:14,10.77,100,10.78,21344222,JEN,deep
4899,9/8/2023 16:44,10.77,100,10.78,21344222,JEN,deep
4900,9/8/2023 17:14,10.77,100,10.78,21344222,JEN,deep
4901,9/8/2023 17:44,10.77,100,10.78,21344222,JEN,deep
4902,9/8/2023 18:14,10.77,100,10.78,21344222,JEN,deep
4903,9/8/2023 18:44,10.79,100,10.8,21344222,JEN,deep
4904,9/8/2023 19:14,10.78,100,10.79,21344222,JEN,deep
4905,9/8/2023 19:44,10.75,100,10.77,21344222,JEN,deep
4906,9/8/2023 20:14,10.77,100,10.78,21344222,JEN,deep
4907,9/8/2023 20:44,10.78,100,10.79,21344222,JEN,deep
4908,9/8/2023 21:14,10.77,100,10.78,21344222,JEN,deep
4909,9/8/2023 21:44,10.77,100,10.78,21344222,JEN,deep
4910,9/8/2023 22:14,10.77,100,10.78,21344222,JEN,deep
4911,9/8/2023 22:44,10.77,100,10.78,21344222,JEN,deep
4912,9/8/2023 23:14,10.78,100,10.79,21344222,JEN,deep
4913,9/8/2023 23:44,10.75,100,10.77,21344222,JEN,deep
4914,9/9/2023 0:14,10.77,100,10.78,21344222,JEN,deep
4915,9/9/2023 0:44,10.75,100,10.77,21344222,JEN,deep
4916,9/9/2023 1:14,10.74,100,10.76,21344222,JEN,deep
4917,9/9/2023 1:44,10.78,100,10.79,21344222,JEN,deep
4918,9/9/2023 2:14,10.79,100,10.8,21344222,JEN,deep
4919,9/9/2023 2:44,10.77,100,10.78,21344222,JEN,deep
4920,9/9/2023 3:14,10.78,100,10.79,21344222,JEN,deep
4921,9/9/2023 3:44,10.77,100,10.78,21344222,JEN,deep
4922,9/9/2023 4:14,10.78,100,10.79,21344222,JEN,deep
4923,9/9/2023 4:44,10.79,100,10.8,21344222,JEN,deep
4924,9/9/2023 5:14,10.75,100,10.77,21344222,JEN,deep
4925,9/9/2023 5:44,10.77,100,10.78,21344222,JEN,deep
4926,9/9/2023 6:14,10.78,100,10.79,21344222,JEN,deep
4927,9/9/2023 6:44,10.78,100,10.79,21344222,JEN,deep
4928,9/9/2023 7:14,10.81,100,10.82,21344222,JEN,deep
4929,9/9/2023 7:44,10.78,100,10.79,21344222,JEN,deep
4930,9/9/2023 8:14,10.77,100,10.78,21344222,JEN,deep
4931,9/9/2023 8:44,10.78,100,10.79,21344222,JEN,deep
4932,9/9/2023 9:14,10.78,100,10.79,21344222,JEN,deep
4933,9/9/2023 9:44,10.75,100,10.77,21344222,JEN,deep
4934,9/9/2023 10:14,10.78,100,10.79,21344222,JEN,deep
4935,9/9/2023 10:44,10.78,100,10.79,21344222,JEN,deep
4936,9/9/2023 11:14,10.78,100,10.79,21344222,JEN,deep
4937,9/9/2023 11:44,10.77,100,10.78,21344222,JEN,deep
4938,9/9/2023 12:14,10.74,100,10.76,21344222,JEN,deep
4939,9/9/2023 12:44,10.78,100,10.79,21344222,JEN,deep
4940,9/9/2023 13:14,10.75,100,10.77,21344222,JEN,deep
4941,9/9/2023 13:44,10.8,100,10.81,21344222,JEN,deep
4942,9/9/2023 14:14,10.81,100,10.82,21344222,JEN,deep
4943,9/9/2023 14:44,10.74,100,10.76,21344222,JEN,deep
4944,9/9/2023 15:14,10.79,100,10.8,21344222,JEN,deep
4945,9/9/2023 15:44,10.78,100,10.79,21344222,JEN,deep
4946,9/9/2023 16:14,10.75,100,10.77,21344222,JEN,deep
4947,9/9/2023 16:44,10.78,100,10.79,21344222,JEN,deep
4948,9/9/2023 17:14,10.77,100,10.78,21344222,JEN,deep
4949,9/9/2023 17:44,10.78,100,10.79,21344222,JEN,deep
4950,9/9/2023 18:14,10.75,100,10.77,21344222,JEN,deep
4951,9/9/2023 18:44,10.79,100,10.8,21344222,JEN,deep
4952,9/9/2023 19:14,10.75,100,10.77,21344222,JEN,deep
4953,9/9/2023 19:44,10.75,100,10.77,21344222,JEN,deep
4954,9/9/2023 20:14,10.77,100,10.78,21344222,JEN,deep
4955,9/9/2023 20:44,10.77,100,10.78,21344222,JEN,deep
4956,9/9/2023 21:14,10.79,100,10.8,21344222,JEN,deep
4957,9/9/2023 21:44,10.8,100,10.81,21344222,JEN,deep
4958,9/9/2023 22:14,10.75,100,10.77,21344222,JEN,deep
4959,9/9/2023 22:44,10.8,100,10.81,21344222,JEN,deep
4960,9/9/2023 23:14,10.77,100,10.78,21344222,JEN,deep
4961,9/9/2023 23:44,10.77,100,10.78,21344222,JEN,deep
4962,9/10/2023 0:14,10.79,100,10.8,21344222,JEN,deep
4963,9/10/2023 0:44,10.77,100,10.78,21344222,JEN,deep
4964,9/10/2023 1:14,10.77,100,10.78,21344222,JEN,deep
4965,9/10/2023 1:44,10.78,100,10.79,21344222,JEN,deep
4966,9/10/2023 2:14,10.78,100,10.79,21344222,JEN,deep
4967,9/10/2023 2:44,10.75,100,10.77,21344222,JEN,deep
4968,9/10/2023 3:14,10.79,100,10.8,21344222,JEN,deep
4969,9/10/2023 3:44,10.74,100,10.76,21344222,JEN,deep
4970,9/10/2023 4:14,10.78,100,10.79,21344222,JEN,deep
4971,9/10/2023 4:44,10.77,100,10.78,21344222,JEN,deep
4972,9/10/2023 5:14,10.75,100,10.77,21344222,JEN,deep
4973,9/10/2023 5:44,10.77,100,10.78,21344222,JEN,deep
4974,9/10/2023 6:14,10.77,100,10.78,21344222,JEN,deep
4975,9/10/2023 6:44,10.73,100,10.74,21344222,JEN,deep
4976,9/10/2023 7:14,10.75,100,10.77,21344222,JEN,deep
4977,9/10/2023 7:44,10.73,100,10.74,21344222,JEN,deep
4978,9/10/2023 8:14,10.71,100,10.72,21344222,JEN,deep
4979,9/10/2023 8:44,10.73,100,10.74,21344222,JEN,deep
4980,9/10/2023 9:14,10.74,100,10.76,21344222,JEN,deep
4981,9/10/2023 9:44,10.75,100,10.77,21344222,JEN,deep
4982,9/10/2023 10:14,10.74,100,10.76,21344222,JEN,deep
4983,9/10/2023 10:44,10.75,100,10.77,21344222,JEN,deep
4984,9/10/2023 11:14,10.73,100,10.74,21344222,JEN,deep
4985,9/10/2023 11:44,10.75,100,10.77,21344222,JEN,deep
4986,9/10/2023 12:14,10.75,100,10.77,21344222,JEN,deep
4987,9/10/2023 12:44,10.72,100,10.73,21344222,JEN,deep
4988,9/10/2023 13:14,10.74,100,10.76,21344222,JEN,deep
4989,9/10/2023 13:44,10.75,100,10.77,21344222,JEN,deep
4990,9/10/2023 14:14,10.75,100,10.77,21344222,JEN,deep
4991,9/10/2023 14:44,10.75,100,10.77,21344222,JEN,deep
4992,9/10/2023 15:14,10.75,100,10.77,21344222,JEN,deep
4993,9/10/2023 15:44,10.71,100,10.72,21344222,JEN,deep
4994,9/10/2023 16:14,10.79,100,10.8,21344222,JEN,deep
4995,9/10/2023 16:44,10.74,100,10.76,21344222,JEN,deep
4996,9/10/2023 17:14,10.74,100,10.76,21344222,JEN,deep
4997,9/10/2023 17:44,10.77,100,10.78,21344222,JEN,deep
4998,9/10/2023 18:14,10.77,100,10.78,21344222,JEN,deep
4999,9/10/2023 18:44,10.75,100,10.77,21344222,JEN,deep
5000,9/10/2023 19:14,10.73,100,10.74,21344222,JEN,deep
5001,9/10/2023 19:44,10.77,100,10.78,21344222,JEN,deep
5002,9/10/2023 20:14,10.75,100,10.77,21344222,JEN,deep
5003,9/10/2023 20:44,10.79,100,10.8,21344222,JEN,deep
5004,9/10/2023 21:14,10.77,100,10.78,21344222,JEN,deep
5005,9/10/2023 21:44,10.78,100,10.79,21344222,JEN,deep
5006,9/10/2023 22:14,10.77,100,10.78,21344222,JEN,deep
5007,9/10/2023 22:44,10.78,100,10.79,21344222,JEN,deep
5008,9/10/2023 23:14,10.78,100,10.79,21344222,JEN,deep
5009,9/10/2023 23:44,10.79,100,10.8,21344222,JEN,deep
5010,9/11/2023 0:14,10.75,100,10.77,21344222,JEN,deep
5011,9/11/2023 0:44,10.75,100,10.77,21344222,JEN,deep
5012,9/11/2023 1:14,10.72,100,10.73,21344222,JEN,deep
5013,9/11/2023 1:44,10.77,100,10.78,21344222,JEN,deep
5014,9/11/2023 2:14,10.75,100,10.77,21344222,JEN,deep
5015,9/11/2023 2:44,10.75,100,10.77,21344222,JEN,deep
5016,9/11/2023 3:14,10.78,100,10.79,21344222,JEN,deep
5017,9/11/2023 3:44,10.75,100,10.77,21344222,JEN,deep
5018,9/11/2023 4:14,10.73,100,10.74,21344222,JEN,deep
5019,9/11/2023 4:44,10.74,100,10.76,21344222,JEN,deep
5020,9/11/2023 5:14,10.75,100,10.77,21344222,JEN,deep
5021,9/11/2023 5:44,10.72,100,10.73,21344222,JEN,deep
5022,9/11/2023 6:14,10.73,100,10.74,21344222,JEN,deep
5023,9/11/2023 6:44,10.75,100,10.77,21344222,JEN,deep
5024,9/11/2023 7:14,10.71,100,10.72,21344222,JEN,deep
5025,9/11/2023 7:44,10.75,100,10.77,21344222,JEN,deep
5026,9/11/2023 8:14,10.73,100,10.74,21344222,JEN,deep
5027,9/11/2023 8:44,10.73,100,10.74,21344222,JEN,deep
5028,9/11/2023 9:14,10.73,100,10.74,21344222,JEN,deep
5029,9/11/2023 9:44,10.73,100,10.74,21344222,JEN,deep
5030,9/11/2023 10:14,10.75,100,10.77,21344222,JEN,deep
5031,9/11/2023 10:44,10.77,100,10.78,21344222,JEN,deep
5032,9/11/2023 11:14,10.72,100,10.73,21344222,JEN,deep
5033,9/11/2023 11:44,10.75,100,10.77,21344222,JEN,deep
5034,9/11/2023 12:14,10.75,100,10.77,21344222,JEN,deep
5035,9/11/2023 12:44,10.77,100,10.78,21344222,JEN,deep
5036,9/11/2023 13:14,10.74,100,10.76,21344222,JEN,deep
5037,9/11/2023 13:44,10.74,100,10.76,21344222,JEN,deep
5038,9/11/2023 14:14,10.73,100,10.74,21344222,JEN,deep
5039,9/11/2023 14:44,10.75,100,10.77,21344222,JEN,deep
5040,9/11/2023 15:14,10.72,100,10.73,21344222,JEN,deep
5041,9/11/2023 15:44,10.72,100,10.73,21344222,JEN,deep
5042,9/11/2023 16:14,10.72,100,10.73,21344222,JEN,deep
5043,9/11/2023 16:44,10.77,100,10.78,21344222,JEN,deep
5044,9/11/2023 17:14,10.74,100,10.76,21344222,JEN,deep
5045,9/11/2023 17:44,10.73,100,10.74,21344222,JEN,deep
5046,9/11/2023 18:14,10.78,100,10.79,21344222,JEN,deep
5047,9/11/2023 18:44,10.73,100,10.74,21344222,JEN,deep
5048,9/11/2023 19:14,10.74,100,10.76,21344222,JEN,deep
5049,9/11/2023 19:44,10.75,100,10.77,21344222,JEN,deep
5050,9/11/2023 20:14,10.73,100,10.74,21344222,JEN,deep
5051,9/11/2023 20:44,10.74,100,10.76,21344222,JEN,deep
5052,9/11/2023 21:14,10.77,100,10.78,21344222,JEN,deep
5053,9/11/2023 21:44,10.74,100,10.76,21344222,JEN,deep
5054,9/11/2023 22:14,10.77,100,10.78,21344222,JEN,deep
5055,9/11/2023 22:44,10.75,100,10.77,21344222,JEN,deep
5056,9/11/2023 23:14,10.78,100,10.79,21344222,JEN,deep
5057,9/11/2023 23:44,10.78,100,10.79,21344222,JEN,deep
5058,9/12/2023 0:14,10.74,100,10.76,21344222,JEN,deep
5059,9/12/2023 0:44,10.74,100,10.76,21344222,JEN,deep
5060,9/12/2023 1:14,10.74,100,10.76,21344222,JEN,deep
5061,9/12/2023 1:44,10.78,100,10.79,21344222,JEN,deep
5062,9/12/2023 2:14,10.79,100,10.8,21344222,JEN,deep
5063,9/12/2023 2:44,10.77,100,10.78,21344222,JEN,deep
5064,9/12/2023 3:14,10.75,100,10.77,21344222,JEN,deep
5065,9/12/2023 3:44,10.77,100,10.78,21344222,JEN,deep
5066,9/12/2023 4:14,10.73,100,10.74,21344222,JEN,deep
5067,9/12/2023 4:44,10.78,100,10.79,21344222,JEN,deep
5068,9/12/2023 5:14,10.75,100,10.77,21344222,JEN,deep
5069,9/12/2023 5:44,10.75,100,10.77,21344222,JEN,deep
5070,9/12/2023 6:14,10.73,100,10.74,21344222,JEN,deep
5071,9/12/2023 6:44,10.74,100,10.76,21344222,JEN,deep
5072,9/12/2023 7:14,10.77,100,10.78,21344222,JEN,deep
5073,9/12/2023 7:44,10.78,100,10.79,21344222,JEN,deep
5074,9/12/2023 8:14,10.79,100,10.8,21344222,JEN,deep
5075,9/12/2023 8:44,10.73,100,10.74,21344222,JEN,deep
5076,9/12/2023 9:14,10.78,100,10.79,21344222,JEN,deep
5077,9/12/2023 9:44,10.78,100,10.79,21344222,JEN,deep
5078,9/12/2023 10:14,10.74,100,10.76,21344222,JEN,deep
5079,9/12/2023 10:44,10.77,100,10.78,21344222,JEN,deep
5080,9/12/2023 11:14,10.77,100,10.78,21344222,JEN,deep
5081,9/12/2023 11:44,10.75,100,10.77,21344222,JEN,deep
5082,9/12/2023 12:14,10.73,100,10.74,21344222,JEN,deep
5083,9/12/2023 12:44,10.74,100,10.76,21344222,JEN,deep
5084,9/12/2023 13:14,10.74,100,10.76,21344222,JEN,deep
5085,9/12/2023 13:44,10.75,100,10.77,21344222,JEN,deep
5086,9/12/2023 14:14,10.72,100,10.73,21344222,JEN,deep
5087,9/12/2023 14:44,10.73,100,10.74,21344222,JEN,deep
5088,9/12/2023 15:14,10.75,100,10.77,21344222,JEN,deep
5089,9/12/2023 15:44,10.73,100,10.74,21344222,JEN,deep
5090,9/12/2023 16:14,10.72,100,10.73,21344222,JEN,deep
5091,9/12/2023 16:44,10.73,100,10.74,21344222,JEN,deep
5092,9/12/2023 17:14,10.75,100,10.77,21344222,JEN,deep
5093,9/12/2023 17:44,10.77,100,10.78,21344222,JEN,deep
5094,9/12/2023 18:14,10.74,100,10.76,21344222,JEN,deep
5095,9/12/2023 18:44,10.75,100,10.77,21344222,JEN,deep
5096,9/12/2023 19:14,10.73,100,10.74,21344222,JEN,deep
5097,9/12/2023 19:44,10.73,100,10.74,21344222,JEN,deep
5098,9/12/2023 20:14,10.77,100,10.78,21344222,JEN,deep
5099,9/12/2023 20:44,10.75,100,10.77,21344222,JEN,deep
5100,9/12/2023 21:14,10.77,100,10.78,21344222,JEN,deep
5101,9/12/2023 21:44,10.74,100,10.76,21344222,JEN,deep
5102,9/12/2023 22:14,10.73,100,10.74,21344222,JEN,deep
5103,9/12/2023 22:44,10.73,100,10.74,21344222,JEN,deep
5104,9/12/2023 23:14,10.75,100,10.77,21344222,JEN,deep
5105,9/12/2023 23:44,10.73,100,10.74,21344222,JEN,deep
5106,09/13/2023 00:14:45,10.77,100,10.78,21344222,JEN,deep
5107,09/13/2023 00:44:45,10.74,100,10.76,21344222,JEN,deep
5108,09/13/2023 01:14:45,10.74,100,10.76,21344222,JEN,deep
5109,09/13/2023 01:44:45,10.77,100,10.78,21344222,JEN,deep
5110,09/13/2023 02:14:45,10.77,100,10.78,21344222,JEN,deep
5111,09/13/2023 02:44:45,10.78,100,10.79,21344222,JEN,deep
5112,09/13/2023 03:14:45,10.74,100,10.76,21344222,JEN,deep
5113,09/13/2023 03:44:45,10.8,100,10.81,21344222,JEN,deep
5114,09/13/2023 04:14:45,10.77,100,10.78,21344222,JEN,deep
5115,09/13/2023 04:44:45,10.78,100,10.79,21344222,JEN,deep
5116,09/13/2023 05:14:45,10.79,100,10.8,21344222,JEN,deep
5117,09/13/2023 05:44:45,10.79,100,10.8,21344222,JEN,deep
5118,09/13/2023 06:14:45,10.74,100,10.76,21344222,JEN,deep
5119,09/13/2023 06:44:45,10.75,100,10.77,21344222,JEN,deep
5120,09/13/2023 07:14:45,10.77,100,10.78,21344222,JEN,deep
5121,09/13/2023 07:44:45,10.79,100,10.8,21344222,JEN,deep
5122,09/13/2023 08:14:45,10.78,100,10.79,21344222,JEN,deep
5123,09/13/2023 08:44:45,10.75,100,10.77,21344222,JEN,deep
5124,09/13/2023 09:14:45,10.75,100,10.77,21344222,JEN,deep
5125,09/13/2023 09:44:45,10.72,100,10.73,21344222,JEN,deep
5126,09/13/2023 10:14:45,10.75,100,10.77,21344222,JEN,deep
5127,09/13/2023 10:44:45,10.74,100,10.76,21344222,JEN,deep
5128,09/13/2023 11:14:45,10.73,100,10.74,21344222,JEN,deep
5129,09/13/2023 11:44:45,10.72,100,10.73,21344222,JEN,deep
5130,09/13/2023 12:14:45,10.73,100,10.74,21344222,JEN,deep
5131,09/13/2023 12:44:45,10.75,100,10.77,21344222,JEN,deep
5132,09/13/2023 13:14:45,10.74,100,10.76,21344222,JEN,deep
5133,09/13/2023 13:44:45,10.74,100,10.76,21344222,JEN,deep
5134,09/13/2023 14:14:45,10.71,100,10.72,21344222,JEN,deep
5135,09/13/2023 14:44:45,10.71,100,10.72,21344222,JEN,deep
5136,09/13/2023 15:14:45,10.72,100,10.73,21344222,JEN,deep
5137,09/13/2023 15:44:45,10.72,100,10.73,21344222,JEN,deep
5138,09/13/2023 16:14:45,10.71,100,10.72,21344222,JEN,deep
5139,09/13/2023 16:44:45,10.73,100,10.74,21344222,JEN,deep
5140,09/13/2023 17:14:45,10.74,100,10.76,21344222,JEN,deep
5141,09/13/2023 17:44:45,10.73,100,10.74,21344222,JEN,deep
5142,09/13/2023 18:14:45,10.73,100,10.74,21344222,JEN,deep
5143,09/13/2023 18:44:45,10.74,100,10.76,21344222,JEN,deep
5144,09/13/2023 19:14:45,10.73,100,10.74,21344222,JEN,deep
5145,09/13/2023 19:44:45,10.77,100,10.78,21344222,JEN,deep
5146,09/13/2023 20:14:45,10.74,100,10.76,21344222,JEN,deep
5147,09/13/2023 20:44:45,10.77,100,10.78,21344222,JEN,deep
5148,09/13/2023 21:14:45,10.74,100,10.76,21344222,JEN,deep
5149,09/13/2023 21:44:45,10.74,100,10.76,21344222,JEN,deep
5150,09/13/2023 22:14:45,10.75,100,10.77,21344222,JEN,deep
5151,09/13/2023 22:44:45,10.73,100,10.74,21344222,JEN,deep
5152,09/13/2023 23:14:45,10.73,100,10.74,21344222,JEN,deep
5153,09/13/2023 23:44:45,10.74,100,10.76,21344222,JEN,deep
5154,09/14/2023 00:14:45,10.79,100,10.8,21344222,JEN,deep
5155,09/14/2023 00:44:45,10.75,100,10.77,21344222,JEN,deep
5156,09/14/2023 01:14:45,10.77,100,10.78,21344222,JEN,deep
5157,09/14/2023 01:44:45,10.72,100,10.73,21344222,JEN,deep
5158,09/14/2023 02:14:45,10.77,100,10.78,21344222,JEN,deep
5159,09/14/2023 02:44:45,10.78,100,10.79,21344222,JEN,deep
5160,09/14/2023 03:14:45,10.73,100,10.74,21344222,JEN,deep
5161,09/14/2023 03:44:45,10.73,100,10.74,21344222,JEN,deep
5162,09/14/2023 04:14:45,10.75,100,10.77,21344222,JEN,deep
5163,09/14/2023 04:44:45,10.77,100,10.78,21344222,JEN,deep
5164,09/14/2023 05:14:45,10.74,100,10.76,21344222,JEN,deep
5165,09/14/2023 05:44:45,10.77,100,10.78,21344222,JEN,deep
5166,09/14/2023 06:14:45,10.74,100,10.76,21344222,JEN,deep
5167,09/14/2023 06:44:45,10.78,100,10.79,21344222,JEN,deep
5168,09/14/2023 07:14:45,10.74,100,10.76,21344222,JEN,deep
5169,09/14/2023 07:44:45,10.78,100,10.79,21344222,JEN,deep
5170,09/14/2023 08:14:45,10.75,100,10.77,21344222,JEN,deep
5171,09/14/2023 08:44:45,10.75,100,10.77,21344222,JEN,deep
5172,09/14/2023 09:14:45,10.77,100,10.78,21344222,JEN,deep
5173,09/14/2023 09:44:45,10.74,100,10.76,21344222,JEN,deep
5174,09/14/2023 10:14:45,10.73,100,10.74,21344222,JEN,deep
5175,09/14/2023 10:44:45,10.73,100,10.74,21344222,JEN,deep
5176,09/14/2023 11:14:45,10.7,100,10.71,21344222,JEN,deep
5177,09/14/2023 11:44:45,10.73,100,10.74,21344222,JEN,deep
5178,09/14/2023 12:14:45,10.72,100,10.73,21344222,JEN,deep
5179,09/14/2023 12:44:45,10.73,100,10.74,21344222,JEN,deep
5180,09/14/2023 13:14:45,10.73,100,10.74,21344222,JEN,deep
5181,09/14/2023 13:44:45,10.73,100,10.74,21344222,JEN,deep
5182,09/14/2023 14:14:45,10.73,100,10.74,21344222,JEN,deep
5183,09/14/2023 14:44:45,10.75,100,10.77,21344222,JEN,deep
5184,09/14/2023 15:14:45,10.73,100,10.74,21344222,JEN,deep
5185,09/14/2023 15:44:45,10.72,100,10.73,21344222,JEN,deep
5186,09/14/2023 16:14:45,10.73,100,10.74,21344222,JEN,deep
5187,09/14/2023 16:44:45,10.72,100,10.73,21344222,JEN,deep
5188,09/14/2023 17:14:45,10.7,100,10.71,21344222,JEN,deep
5189,09/14/2023 17:44:45,10.73,100,10.74,21344222,JEN,deep
5190,09/14/2023 18:14:45,10.73,100,10.74,21344222,JEN,deep
5191,09/14/2023 18:44:45,10.73,100,10.74,21344222,JEN,deep
5192,09/14/2023 19:14:45,10.73,100,10.74,21344222,JEN,deep
5193,09/14/2023 19:44:45,10.73,100,10.74,21344222,JEN,deep
5194,09/14/2023 20:14:45,10.72,100,10.73,21344222,JEN,deep
5195,09/14/2023 20:44:45,10.74,100,10.76,21344222,JEN,deep
5196,09/14/2023 21:14:45,10.7,100,10.71,21344222,JEN,deep
5197,09/14/2023 21:44:45,10.73,100,10.74,21344222,JEN,deep
5198,09/14/2023 22:14:45,10.71,100,10.72,21344222,JEN,deep
5199,09/14/2023 22:44:45,10.73,100,10.74,21344222,JEN,deep
5200,09/14/2023 23:14:45,10.73,100,10.74,21344222,JEN,deep
5201,09/14/2023 23:44:45,10.74,100,10.76,21344222,JEN,deep
5202,09/15/2023 00:14:45,10.72,100,10.73,21344222,JEN,deep
5203,09/15/2023 00:44:45,10.74,100,10.76,21344222,JEN,deep
5204,09/15/2023 01:14:45,10.72,100,10.73,21344222,JEN,deep
5205,09/15/2023 01:44:45,10.71,100,10.72,21344222,JEN,deep
5206,09/15/2023 02:14:45,10.72,100,10.73,21344222,JEN,deep
5207,09/15/2023 02:44:45,10.75,100,10.77,21344222,JEN,deep
5208,09/15/2023 03:14:45,10.73,100,10.74,21344222,JEN,deep
5209,09/15/2023 03:44:45,10.73,100,10.74,21344222,JEN,deep
5210,09/15/2023 04:14:45,10.74,100,10.76,21344222,JEN,deep
5211,09/15/2023 04:44:45,10.73,100,10.74,21344222,JEN,deep
5212,09/15/2023 05:14:45,10.75,100,10.77,21344222,JEN,deep
5213,09/15/2023 05:44:45,10.71,100,10.72,21344222,JEN,deep
5214,09/15/2023 06:14:45,10.72,100,10.73,21344222,JEN,deep
5215,09/15/2023 06:44:45,10.75,100,10.77,21344222,JEN,deep
5216,09/15/2023 07:14:45,10.73,100,10.74,21344222,JEN,deep
5217,09/15/2023 07:44:45,10.75,100,10.77,21344222,JEN,deep
5218,09/15/2023 08:14:45,10.73,100,10.74,21344222,JEN,deep
5219,09/15/2023 08:44:45,10.73,100,10.74,21344222,JEN,deep
5220,09/15/2023 09:14:45,10.71,100,10.72,21344222,JEN,deep
5221,09/15/2023 09:44:45,10.72,100,10.73,21344222,JEN,deep
5222,09/15/2023 10:14:45,10.73,100,10.74,21344222,JEN,deep
5223,09/15/2023 10:44:45,10.71,100,10.72,21344222,JEN,deep
5224,09/15/2023 11:14:45,10.73,100,10.74,21344222,JEN,deep
5225,09/15/2023 11:44:45,10.69,100,10.7,21344222,JEN,deep
5226,09/15/2023 12:14:45,10.71,100,10.72,21344222,JEN,deep
5227,09/15/2023 12:44:45,10.72,100,10.73,21344222,JEN,deep
5228,09/15/2023 13:14:45,10.74,100,10.76,21344222,JEN,deep
5229,09/15/2023 13:44:45,10.72,100,10.73,21344222,JEN,deep
5230,09/15/2023 14:14:45,10.72,100,10.73,21344222,JEN,deep
5231,09/15/2023 14:44:45,10.69,100,10.7,21344222,JEN,deep
5232,09/15/2023 15:14:45,10.68,100,10.69,21344222,JEN,deep
5233,09/15/2023 15:44:45,10.7,100,10.71,21344222,JEN,deep
5234,09/15/2023 16:14:45,10.7,100,10.71,21344222,JEN,deep
5235,09/15/2023 16:44:45,10.72,100,10.73,21344222,JEN,deep
5236,09/15/2023 17:14:45,10.68,100,10.69,21344222,JEN,deep
5237,09/15/2023 17:44:45,10.7,100,10.71,21344222,JEN,deep
5238,09/15/2023 18:14:45,10.69,100,10.7,21344222,JEN,deep
5239,09/15/2023 18:44:45,10.7,100,10.71,21344222,JEN,deep
5240,09/15/2023 19:14:45,10.68,100,10.69,21344222,JEN,deep
5241,09/15/2023 19:44:45,10.7,100,10.71,21344222,JEN,deep
5242,09/15/2023 20:14:45,10.71,100,10.72,21344222,JEN,deep
5243,09/15/2023 20:44:45,10.72,100,10.73,21344222,JEN,deep
5244,09/15/2023 21:14:45,10.69,100,10.7,21344222,JEN,deep
5245,09/15/2023 21:44:45,10.69,100,10.7,21344222,JEN,deep
5246,09/15/2023 22:14:45,10.73,100,10.74,21344222,JEN,deep
5247,09/15/2023 22:44:45,10.69,100,10.7,21344222,JEN,deep
5248,09/15/2023 23:14:45,10.71,100,10.72,21344222,JEN,deep
5249,09/15/2023 23:44:45,10.71,100,10.72,21344222,JEN,deep
5250,09/16/2023 00:14:45,10.7,100,10.71,21344222,JEN,deep
5251,09/16/2023 00:44:45,10.73,100,10.74,21344222,JEN,deep
5252,09/16/2023 01:14:45,10.7,100,10.71,21344222,JEN,deep
5253,09/16/2023 01:44:45,10.71,100,10.72,21344222,JEN,deep
5254,09/16/2023 02:14:45,10.68,100,10.69,21344222,JEN,deep
5255,09/16/2023 02:44:45,10.72,100,10.73,21344222,JEN,deep
5256,09/16/2023 03:14:45,10.73,100,10.74,21344222,JEN,deep
5257,09/16/2023 03:44:45,10.71,100,10.72,21344222,JEN,deep
5258,09/16/2023 04:14:45,10.69,100,10.7,21344222,JEN,deep
5259,09/16/2023 04:44:45,10.71,100,10.72,21344222,JEN,deep
5260,09/16/2023 05:14:45,10.71,100,10.72,21344222,JEN,deep
5261,09/16/2023 05:44:45,10.71,100,10.72,21344222,JEN,deep
5262,09/16/2023 06:14:45,10.71,100,10.72,21344222,JEN,deep
5263,09/16/2023 06:44:45,10.71,100,10.72,21344222,JEN,deep
5264,09/16/2023 07:14:45,10.73,100,10.74,21344222,JEN,deep
5265,09/16/2023 07:44:45,10.71,100,10.72,21344222,JEN,deep
5266,09/16/2023 08:14:45,10.73,100,10.74,21344222,JEN,deep
5267,09/16/2023 08:44:45,10.69,100,10.7,21344222,JEN,deep
5268,09/16/2023 09:14:45,10.69,100,10.7,21344222,JEN,deep
5269,09/16/2023 09:44:45,10.7,100,10.71,21344222,JEN,deep
5270,09/16/2023 10:14:45,10.71,100,10.72,21344222,JEN,deep
5271,09/16/2023 10:44:45,10.71,100,10.72,21344222,JEN,deep
5272,09/16/2023 11:14:45,10.67,100,10.68,21344222,JEN,deep
5273,09/16/2023 11:44:45,10.69,100,10.7,21344222,JEN,deep
5274,09/16/2023 12:14:45,10.7,100,10.71,21344222,JEN,deep
5275,09/16/2023 12:44:45,10.7,100,10.71,21344222,JEN,deep
5276,09/16/2023 13:14:45,10.72,100,10.73,21344222,JEN,deep
5277,09/16/2023 13:44:45,10.67,100,10.68,21344222,JEN,deep
5278,09/16/2023 14:14:45,10.67,100,10.68,21344222,JEN,deep
5279,09/16/2023 14:44:45,10.69,100,10.7,21344222,JEN,deep
5280,09/16/2023 15:14:45,10.68,100,10.69,21344222,JEN,deep
5281,09/16/2023 15:44:45,10.7,100,10.71,21344222,JEN,deep
5282,09/16/2023 16:14:45,10.7,100,10.71,21344222,JEN,deep
5283,09/16/2023 16:44:45,10.67,100,10.68,21344222,JEN,deep
5284,09/16/2023 17:14:45,10.69,100,10.7,21344222,JEN,deep
5285,09/16/2023 17:44:45,10.71,100,10.72,21344222,JEN,deep
5286,09/16/2023 18:14:45,10.69,100,10.7,21344222,JEN,deep
5287,09/16/2023 18:44:45,10.69,100,10.7,21344222,JEN,deep
5288,09/16/2023 19:14:45,10.68,100,10.69,21344222,JEN,deep
5289,09/16/2023 19:44:45,10.7,100,10.71,21344222,JEN,deep
5290,09/16/2023 20:14:45,10.72,100,10.73,21344222,JEN,deep
5291,09/16/2023 20:44:45,10.68,100,10.69,21344222,JEN,deep
5292,09/16/2023 21:14:45,10.68,100,10.69,21344222,JEN,deep
5293,09/16/2023 21:44:45,10.68,100,10.69,21344222,JEN,deep
5294,09/16/2023 22:14:45,10.69,100,10.7,21344222,JEN,deep
5295,09/16/2023 22:44:45,10.67,100,10.68,21344222,JEN,deep
5296,09/16/2023 23:14:45,10.71,100,10.72,21344222,JEN,deep
5297,09/16/2023 23:44:45,10.65,100,10.66,21344222,JEN,deep
5298,09/17/2023 00:14:45,10.68,100,10.69,21344222,JEN,deep
5299,09/17/2023 00:44:45,10.67,100,10.68,21344222,JEN,deep
5300,09/17/2023 01:14:45,10.71,100,10.72,21344222,JEN,deep
5301,09/17/2023 01:44:45,10.68,100,10.69,21344222,JEN,deep
5302,09/17/2023 02:14:45,10.66,100,10.67,21344222,JEN,deep
5303,09/17/2023 02:44:45,10.66,100,10.67,21344222,JEN,deep
5304,09/17/2023 03:14:45,10.68,100,10.69,21344222,JEN,deep
5305,09/17/2023 03:44:45,10.69,100,10.7,21344222,JEN,deep
5306,09/17/2023 04:14:45,10.7,100,10.71,21344222,JEN,deep
5307,09/17/2023 04:44:45,10.68,100,10.69,21344222,JEN,deep
5308,09/17/2023 05:14:45,10.7,100,10.71,21344222,JEN,deep
5309,09/17/2023 05:44:45,10.67,100,10.68,21344222,JEN,deep
5310,09/17/2023 06:14:45,10.69,100,10.7,21344222,JEN,deep
5311,09/17/2023 06:44:45,10.68,100,10.69,21344222,JEN,deep
5312,09/17/2023 07:14:45,10.68,100,10.69,21344222,JEN,deep
5313,09/17/2023 07:44:45,10.68,100,10.69,21344222,JEN,deep
5314,09/17/2023 08:14:45,10.69,100,10.7,21344222,JEN,deep
5315,09/17/2023 08:44:45,10.69,100,10.7,21344222,JEN,deep
5316,09/17/2023 09:14:45,10.66,100,10.67,21344222,JEN,deep
5317,09/17/2023 09:44:45,10.68,100,10.69,21344222,JEN,deep
5318,09/17/2023 10:14:45,10.7,100,10.71,21344222,JEN,deep
5319,09/17/2023 10:44:45,10.67,100,10.68,21344222,JEN,deep
5320,09/17/2023 11:14:45,10.68,100,10.69,21344222,JEN,deep
5321,09/17/2023 11:44:45,10.7,100,10.71,21344222,JEN,deep
5322,09/17/2023 12:14:45,10.7,100,10.71,21344222,JEN,deep
5323,09/17/2023 12:44:45,10.7,100,10.71,21344222,JEN,deep
5324,09/17/2023 13:14:45,10.69,100,10.7,21344222,JEN,deep
5325,09/17/2023 13:44:45,10.7,100,10.71,21344222,JEN,deep
5326,09/17/2023 14:14:45,10.67,100,10.68,21344222,JEN,deep
5327,09/17/2023 14:44:45,10.72,100,10.73,21344222,JEN,deep
5328,09/17/2023 15:14:45,10.71,100,10.72,21344222,JEN,deep
5329,09/17/2023 15:44:45,10.7,100,10.71,21344222,JEN,deep
5330,09/17/2023 16:14:45,10.71,100,10.72,21344222,JEN,deep
5331,09/17/2023 16:44:45,10.68,100,10.69,21344222,JEN,deep
5332,09/17/2023 17:14:45,10.67,100,10.68,21344222,JEN,deep
5333,09/17/2023 17:44:45,10.69,100,10.7,21344222,JEN,deep
5334,09/17/2023 18:14:45,10.7,100,10.71,21344222,JEN,deep
5335,09/17/2023 18:44:45,10.67,100,10.68,21344222,JEN,deep
5336,09/17/2023 19:14:45,10.68,100,10.69,21344222,JEN,deep
5337,09/17/2023 19:44:45,10.68,100,10.69,21344222,JEN,deep
5338,09/17/2023 20:14:45,10.68,100,10.69,21344222,JEN,deep
5339,09/17/2023 20:44:45,10.7,100,10.71,21344222,JEN,deep
5340,09/17/2023 21:14:45,10.69,100,10.7,21344222,JEN,deep
5341,09/17/2023 21:44:45,10.69,100,10.7,21344222,JEN,deep
5342,09/17/2023 22:14:45,10.68,100,10.69,21344222,JEN,deep
5343,09/17/2023 22:44:45,10.69,100,10.7,21344222,JEN,deep
5344,09/17/2023 23:14:45,10.69,100,10.7,21344222,JEN,deep
5345,09/17/2023 23:44:45,10.71,100,10.72,21344222,JEN,deep
5346,09/18/2023 00:14:45,10.7,100,10.71,21344222,JEN,deep
5347,09/18/2023 00:44:45,10.71,100,10.72,21344222,JEN,deep
5348,09/18/2023 01:14:45,10.69,100,10.7,21344222,JEN,deep
5349,09/18/2023 01:44:45,10.69,100,10.7,21344222,JEN,deep
5350,09/18/2023 02:14:45,10.7,100,10.71,21344222,JEN,deep
5351,09/18/2023 02:44:45,10.71,100,10.72,21344222,JEN,deep
5352,09/18/2023 03:14:45,10.68,100,10.69,21344222,JEN,deep
5353,09/18/2023 03:44:45,10.7,100,10.71,21344222,JEN,deep
5354,09/18/2023 04:14:45,10.69,100,10.7,21344222,JEN,deep
5355,09/18/2023 04:44:45,10.66,100,10.67,21344222,JEN,deep
5356,09/18/2023 05:14:45,10.71,100,10.72,21344222,JEN,deep
5357,09/18/2023 05:44:45,10.73,100,10.74,21344222,JEN,deep
5358,09/18/2023 06:14:45,10.7,100,10.71,21344222,JEN,deep
5359,09/18/2023 06:44:45,10.7,100,10.71,21344222,JEN,deep
5360,09/18/2023 07:14:45,10.72,100,10.73,21344222,JEN,deep
5361,09/18/2023 07:44:45,10.68,100,10.69,21344222,JEN,deep
5362,09/18/2023 08:14:45,10.68,100,10.69,21344222,JEN,deep
5363,09/18/2023 08:44:45,10.66,100,10.67,21344222,JEN,deep
5364,09/18/2023 09:14:45,10.66,100,10.67,21344222,JEN,deep
5365,09/18/2023 09:44:45,10.69,100,10.7,21344222,JEN,deep
5366,09/18/2023 10:14:45,10.67,100,10.68,21344222,JEN,deep
5367,09/18/2023 10:44:45,10.68,100,10.69,21344222,JEN,deep
5368,09/18/2023 11:14:45,10.69,100,10.7,21344222,JEN,deep
5369,09/18/2023 11:44:45,10.69,100,10.7,21344222,JEN,deep
5370,09/18/2023 12:14:45,10.66,100,10.67,21344222,JEN,deep
5371,09/18/2023 12:44:45,10.65,100,10.66,21344222,JEN,deep
5372,09/18/2023 13:14:45,10.69,100,10.7,21344222,JEN,deep
5373,09/18/2023 13:44:45,10.67,100,10.68,21344222,JEN,deep
5374,09/18/2023 14:14:45,10.68,100,10.69,21344222,JEN,deep
5375,09/18/2023 14:44:45,10.67,100,10.68,21344222,JEN,deep
5376,09/18/2023 15:14:45,10.67,100,10.68,21344222,JEN,deep
5377,09/18/2023 15:44:45,10.69,100,10.7,21344222,JEN,deep
5378,09/18/2023 16:14:45,10.69,100,10.7,21344222,JEN,deep
5379,09/18/2023 16:44:45,10.67,100,10.68,21344222,JEN,deep
5380,09/18/2023 17:14:45,10.69,100,10.7,21344222,JEN,deep
5381,09/18/2023 17:44:45,10.69,100,10.7,21344222,JEN,deep
5382,09/18/2023 18:14:45,10.67,100,10.68,21344222,JEN,deep
5383,09/18/2023 18:44:45,10.7,100,10.71,21344222,JEN,deep
5384,09/18/2023 19:14:45,10.67,100,10.68,21344222,JEN,deep
5385,09/18/2023 19:44:45,10.67,100,10.68,21344222,JEN,deep
5386,09/18/2023 20:14:45,10.68,100,10.69,21344222,JEN,deep
5387,09/18/2023 20:44:45,10.68,100,10.69,21344222,JEN,deep
5388,09/18/2023 21:14:45,10.68,100,10.69,21344222,JEN,deep
5389,09/18/2023 21:44:45,10.67,100,10.68,21344222,JEN,deep
5390,09/18/2023 22:14:45,10.68,100,10.69,21344222,JEN,deep
5391,09/18/2023 22:44:45,10.69,100,10.7,21344222,JEN,deep
5392,09/18/2023 23:14:45,10.66,100,10.67,21344222,JEN,deep
5393,09/18/2023 23:44:45,10.65,100,10.66,21344222,JEN,deep
5394,09/19/2023 00:14:45,10.66,100,10.67,21344222,JEN,deep
5395,09/19/2023 00:44:45,10.68,100,10.69,21344222,JEN,deep
5396,09/19/2023 01:14:45,10.66,100,10.67,21344222,JEN,deep
5397,09/19/2023 01:44:45,10.68,100,10.69,21344222,JEN,deep
5398,09/19/2023 02:14:45,10.67,100,10.68,21344222,JEN,deep
5399,09/19/2023 02:44:45,10.67,100,10.68,21344222,JEN,deep
5400,09/19/2023 03:14:45,10.65,100,10.66,21344222,JEN,deep
5401,09/19/2023 03:44:45,10.68,100,10.69,21344222,JEN,deep
5402,09/19/2023 04:14:45,10.66,100,10.67,21344222,JEN,deep
5403,09/19/2023 04:44:45,10.67,100,10.68,21344222,JEN,deep
5404,09/19/2023 05:14:45,10.67,100,10.68,21344222,JEN,deep
5405,09/19/2023 05:44:45,10.69,100,10.7,21344222,JEN,deep
5406,09/19/2023 06:14:45,10.66,100,10.67,21344222,JEN,deep
5407,09/19/2023 06:44:45,10.68,100,10.69,21344222,JEN,deep
5408,09/19/2023 07:14:45,10.67,100,10.68,21344222,JEN,deep
5409,09/19/2023 07:44:45,10.66,100,10.67,21344222,JEN,deep
5410,09/19/2023 08:14:45,10.66,100,10.67,21344222,JEN,deep
5411,09/19/2023 08:44:45,10.67,100,10.68,21344222,JEN,deep
5412,09/19/2023 09:14:45,10.68,100,10.69,21344222,JEN,deep
5413,09/19/2023 09:44:45,10.66,100,10.67,21344222,JEN,deep
5414,09/19/2023 10:14:45,10.66,100,10.67,21344222,JEN,deep
5415,09/19/2023 10:44:45,10.67,100,10.68,21344222,JEN,deep
5416,09/19/2023 11:14:45,10.66,100,10.67,21344222,JEN,deep
5417,09/19/2023 11:44:45,10.86,100,10.87,21344222,JEN,deep
5418,09/19/2023 11:46:17,10.92,100,10.93,21344222,JEN,deep
5419,09/19/2023 12:46:17,10.67,100,10.68,21344222,JEN,deep
5420,09/19/2023 13:46:17,10.66,100,10.67,21344222,JEN,deep
5421,09/19/2023 14:46:17,10.68,100,10.69,21344222,JEN,deep
5422,09/19/2023 15:46:17,10.68,100,10.69,21344222,JEN,deep
5423,09/19/2023 16:46:17,10.67,100,10.68,21344222,JEN,deep
5424,09/19/2023 17:46:17,10.65,100,10.66,21344222,JEN,deep
5425,09/19/2023 18:46:17,10.69,100,10.7,21344222,JEN,deep
5426,09/19/2023 19:46:17,10.65,100,10.66,21344222,JEN,deep
5427,09/19/2023 20:46:17,10.69,100,10.7,21344222,JEN,deep
5428,09/19/2023 21:46:17,10.68,100,10.69,21344222,JEN,deep
5429,09/19/2023 22:46:17,10.68,100,10.69,21344222,JEN,deep
5430,09/19/2023 23:46:17,10.67,100,10.68,21344222,JEN,deep
5431,09/20/2023 00:46:17,10.68,100,10.69,21344222,JEN,deep
5432,09/20/2023 01:46:17,10.66,100,10.67,21344222,JEN,deep
5433,09/20/2023 02:46:17,10.64,100,10.65,21344222,JEN,deep
5434,09/20/2023 03:46:17,10.68,100,10.69,21344222,JEN,deep
5435,09/20/2023 04:46:17,10.65,100,10.66,21344222,JEN,deep
5436,09/20/2023 05:46:17,10.67,100,10.68,21344222,JEN,deep
5437,09/20/2023 06:46:17,10.65,100,10.66,21344222,JEN,deep
5438,09/20/2023 07:46:17,10.66,100,10.67,21344222,JEN,deep
5439,09/20/2023 08:46:17,10.65,100,10.66,21344222,JEN,deep
5440,09/20/2023 09:46:17,10.65,100,10.66,21344222,JEN,deep
5441,09/20/2023 10:46:17,10.64,100,10.65,21344222,JEN,deep
5442,09/20/2023 11:46:17,10.69,100,10.7,21344222,JEN,deep
5443,09/20/2023 12:46:17,10.65,100,10.66,21344222,JEN,deep
5444,09/20/2023 13:46:17,10.64,100,10.65,21344222,JEN,deep
5445,09/20/2023 14:46:17,10.64,100,10.65,21344222,JEN,deep
5446,09/20/2023 15:46:17,10.66,100,10.67,21344222,JEN,deep
5447,09/20/2023 16:46:17,10.63,100,10.64,21344222,JEN,deep
5448,09/20/2023 17:46:17,10.65,100,10.66,21344222,JEN,deep
5449,09/20/2023 18:46:17,10.66,100,10.67,21344222,JEN,deep
5450,09/20/2023 19:46:17,10.65,100,10.66,21344222,JEN,deep
5451,09/20/2023 20:46:17,10.65,100,10.66,21344222,JEN,deep
5452,09/20/2023 21:46:17,10.65,100,10.66,21344222,JEN,deep
5453,09/20/2023 22:46:17,10.66,100,10.67,21344222,JEN,deep
5454,09/20/2023 23:46:17,10.67,100,10.68,21344222,JEN,deep
5455,09/21/2023 00:46:17,10.64,100,10.65,21344222,JEN,deep
5456,09/21/2023 01:46:17,10.67,100,10.68,21344222,JEN,deep
5457,09/21/2023 02:46:17,10.65,100,10.66,21344222,JEN,deep
5458,09/21/2023 03:46:17,10.62,100,10.63,21344222,JEN,deep
5459,09/21/2023 04:46:17,10.67,100,10.68,21344222,JEN,deep
5460,09/21/2023 05:46:17,10.66,100,10.67,21344222,JEN,deep
5461,09/21/2023 06:46:17,10.67,100,10.68,21344222,JEN,deep
5462,09/21/2023 07:46:17,10.67,100,10.68,21344222,JEN,deep
5463,09/21/2023 08:46:17,10.68,100,10.69,21344222,JEN,deep
5464,09/21/2023 09:46:17,10.67,100,10.68,21344222,JEN,deep
5465,09/21/2023 10:46:17,10.68,100,10.69,21344222,JEN,deep
5466,09/21/2023 11:46:17,10.67,100,10.68,21344222,JEN,deep
5467,09/21/2023 12:46:17,10.66,100,10.67,21344222,JEN,deep
5468,09/21/2023 13:46:17,10.66,100,10.67,21344222,JEN,deep
5469,09/21/2023 14:46:17,10.68,100,10.69,21344222,JEN,deep
5470,09/21/2023 15:46:17,10.65,100,10.66,21344222,JEN,deep
5471,09/21/2023 16:46:17,10.68,100,10.69,21344222,JEN,deep
5472,09/21/2023 17:46:17,10.67,100,10.68,21344222,JEN,deep
5473,09/21/2023 18:46:17,10.71,100,10.72,21344222,JEN,deep
5474,09/21/2023 19:46:17,10.67,100,10.68,21344222,JEN,deep
5475,09/21/2023 20:46:17,10.67,100,10.68,21344222,JEN,deep
5476,09/21/2023 21:46:17,10.68,100,10.69,21344222,JEN,deep
5477,09/21/2023 22:46:17,10.66,100,10.67,21344222,JEN,deep
5478,09/21/2023 23:46:17,10.72,100,10.73,21344222,JEN,deep
5479,09/22/2023 00:46:17,10.68,100,10.69,21344222,JEN,deep
5480,09/22/2023 01:46:17,10.67,100,10.68,21344222,JEN,deep
5481,09/22/2023 02:46:17,10.68,100,10.69,21344222,JEN,deep
5482,09/22/2023 03:46:17,10.73,100,10.74,21344222,JEN,deep
5483,09/22/2023 04:46:17,10.7,100,10.71,21344222,JEN,deep
5484,09/22/2023 05:46:17,10.69,100,10.7,21344222,JEN,deep
5485,09/22/2023 06:46:17,10.7,100,10.71,21344222,JEN,deep
5486,09/22/2023 07:46:17,10.69,100,10.7,21344222,JEN,deep
5487,09/22/2023 08:46:17,10.71,100,10.72,21344222,JEN,deep
5488,09/22/2023 09:46:17,10.7,100,10.71,21344222,JEN,deep
5489,09/22/2023 10:46:17,10.72,100,10.73,21344222,JEN,deep
5490,09/22/2023 11:46:17,10.69,100,10.7,21344222,JEN,deep
5491,09/22/2023 12:46:17,10.68,100,10.69,21344222,JEN,deep
5492,09/22/2023 13:46:17,10.67,100,10.68,21344222,JEN,deep
5493,09/22/2023 14:46:17,10.72,100,10.73,21344222,JEN,deep
5494,09/22/2023 15:46:17,10.71,100,10.72,21344222,JEN,deep
5495,09/22/2023 16:46:17,10.67,100,10.68,21344222,JEN,deep
5496,09/22/2023 17:46:17,10.72,100,10.73,21344222,JEN,deep
5497,09/22/2023 18:46:17,10.68,100,10.69,21344222,JEN,deep
5498,09/22/2023 19:46:17,10.66,100,10.67,21344222,JEN,deep
5499,09/22/2023 20:46:17,10.69,100,10.7,21344222,JEN,deep
5500,09/22/2023 21:46:17,10.67,100,10.68,21344222,JEN,deep
5501,09/22/2023 22:46:17,10.7,100,10.71,21344222,JEN,deep
5502,09/22/2023 23:46:17,10.67,100,10.68,21344222,JEN,deep
5503,09/23/2023 00:46:17,10.7,100,10.71,21344222,JEN,deep
5504,09/23/2023 01:46:17,10.72,100,10.73,21344222,JEN,deep
5505,09/23/2023 02:46:17,10.7,100,10.71,21344222,JEN,deep
5506,09/23/2023 03:46:17,10.69,100,10.7,21344222,JEN,deep
5507,09/23/2023 04:46:17,10.68,100,10.69,21344222,JEN,deep
5508,09/23/2023 05:46:17,10.71,100,10.72,21344222,JEN,deep
5509,09/23/2023 06:46:17,10.72,100,10.73,21344222,JEN,deep
5510,09/23/2023 07:46:17,10.71,100,10.72,21344222,JEN,deep
5511,09/23/2023 08:46:17,10.7,100,10.71,21344222,JEN,deep
5512,09/23/2023 09:46:17,10.67,100,10.68,21344222,JEN,deep
5513,09/23/2023 10:46:17,10.68,100,10.69,21344222,JEN,deep
5514,09/23/2023 11:46:17,10.69,100,10.7,21344222,JEN,deep
5515,09/23/2023 12:46:17,10.69,100,10.7,21344222,JEN,deep
5516,09/23/2023 13:46:17,10.69,100,10.7,21344222,JEN,deep
5517,09/23/2023 14:46:17,10.68,100,10.69,21344222,JEN,deep
5518,09/23/2023 15:46:17,10.72,100,10.73,21344222,JEN,deep
5519,09/23/2023 16:46:17,10.66,100,10.67,21344222,JEN,deep
5520,09/23/2023 17:46:17,10.69,100,10.7,21344222,JEN,deep
5521,09/23/2023 18:46:17,10.68,100,10.69,21344222,JEN,deep
5522,09/23/2023 19:46:17,10.67,100,10.68,21344222,JEN,deep
5523,09/23/2023 20:46:17,10.68,100,10.69,21344222,JEN,deep
5524,09/23/2023 21:46:17,10.69,100,10.7,21344222,JEN,deep
5525,09/23/2023 22:46:17,10.67,100,10.68,21344222,JEN,deep
5526,09/23/2023 23:46:17,10.67,100,10.68,21344222,JEN,deep
5527,09/24/2023 00:46:17,10.7,100,10.71,21344222,JEN,deep
5528,09/24/2023 01:46:17,10.67,100,10.68,21344222,JEN,deep
5529,09/24/2023 02:46:17,10.7,100,10.71,21344222,JEN,deep
5530,09/24/2023 03:46:17,10.68,100,10.69,21344222,JEN,deep
5531,09/24/2023 04:46:17,10.69,100,10.7,21344222,JEN,deep
5532,09/24/2023 05:46:17,10.72,100,10.73,21344222,JEN,deep
5533,09/24/2023 06:46:17,10.7,100,10.71,21344222,JEN,deep
5534,09/24/2023 07:46:17,10.73,100,10.74,21344222,JEN,deep
5535,09/24/2023 08:46:17,10.69,100,10.7,21344222,JEN,deep
5536,09/24/2023 09:46:17,10.7,100,10.71,21344222,JEN,deep
5537,09/24/2023 10:46:17,10.7,100,10.71,21344222,JEN,deep
5538,09/24/2023 11:46:17,10.67,100,10.68,21344222,JEN,deep
5539,09/24/2023 12:46:17,10.66,100,10.67,21344222,JEN,deep
5540,09/24/2023 13:46:17,10.69,100,10.7,21344222,JEN,deep
5541,09/24/2023 14:46:17,10.66,100,10.67,21344222,JEN,deep
5542,09/24/2023 15:46:17,10.67,100,10.68,21344222,JEN,deep
5543,09/24/2023 16:46:17,10.66,100,10.67,21344222,JEN,deep
5544,09/24/2023 17:46:17,10.67,100,10.68,21344222,JEN,deep
5545,09/24/2023 18:46:17,10.69,100,10.7,21344222,JEN,deep
5546,09/24/2023 19:46:17,10.66,100,10.67,21344222,JEN,deep
5547,09/24/2023 20:46:17,10.69,100,10.7,21344222,JEN,deep
5548,09/24/2023 21:46:17,10.69,100,10.7,21344222,JEN,deep
5549,09/24/2023 22:46:17,10.68,100,10.69,21344222,JEN,deep
5550,09/24/2023 23:46:17,10.67,100,10.68,21344222,JEN,deep
5551,09/25/2023 00:46:17,10.69,100,10.7,21344222,JEN,deep
5552,09/25/2023 01:46:17,10.69,100,10.7,21344222,JEN,deep
5553,09/25/2023 02:46:17,10.69,100,10.7,21344222,JEN,deep
5554,09/25/2023 03:46:17,10.67,100,10.68,21344222,JEN,deep
5555,09/25/2023 04:46:17,10.69,100,10.7,21344222,JEN,deep
5556,09/25/2023 05:46:17,10.7,100,10.71,21344222,JEN,deep
5557,09/25/2023 06:46:17,10.71,100,10.72,21344222,JEN,deep
5558,09/25/2023 07:46:17,10.68,100,10.69,21344222,JEN,deep
5559,09/25/2023 08:46:17,10.68,100,10.69,21344222,JEN,deep
5560,09/25/2023 09:46:17,10.66,100,10.67,21344222,JEN,deep
5561,09/25/2023 10:46:17,10.67,100,10.68,21344222,JEN,deep
5562,09/25/2023 11:46:17,10.68,100,10.69,21344222,JEN,deep
5563,09/25/2023 12:46:17,10.66,100,10.67,21344222,JEN,deep
5564,09/25/2023 13:46:17,10.64,100,10.65,21344222,JEN,deep
5565,09/25/2023 14:46:17,10.67,100,10.68,21344222,JEN,deep
5566,09/25/2023 15:46:17,10.64,100,10.65,21344222,JEN,deep
5567,09/25/2023 16:46:17,10.65,100,10.66,21344222,JEN,deep
5568,09/25/2023 17:46:17,10.62,100,10.63,21344222,JEN,deep
5569,09/25/2023 18:46:17,10.68,100,10.69,21344222,JEN,deep
5570,09/25/2023 19:46:17,10.65,100,10.66,21344222,JEN,deep
5571,09/25/2023 20:46:17,10.69,100,10.7,21344222,JEN,deep
5572,09/25/2023 21:46:17,10.64,100,10.65,21344222,JEN,deep
5573,09/25/2023 22:46:17,10.66,100,10.67,21344222,JEN,deep
5574,09/25/2023 23:46:17,10.67,100,10.68,21344222,JEN,deep
5575,09/26/2023 00:46:17,10.67,100,10.68,21344222,JEN,deep
5576,09/26/2023 01:46:17,10.67,100,10.68,21344222,JEN,deep
5577,09/26/2023 02:46:17,10.66,100,10.67,21344222,JEN,deep
5578,09/26/2023 03:46:17,10.65,100,10.66,21344222,JEN,deep
5579,09/26/2023 04:46:17,10.67,100,10.68,21344222,JEN,deep
5580,09/26/2023 05:46:17,10.68,100,10.69,21344222,JEN,deep
5581,09/26/2023 06:46:17,10.67,100,10.68,21344222,JEN,deep
5582,09/26/2023 07:46:17,10.68,100,10.69,21344222,JEN,deep
5583,09/26/2023 08:46:17,10.66,100,10.67,21344222,JEN,deep
5584,09/26/2023 09:46:17,10.67,100,10.68,21344222,JEN,deep
5585,09/26/2023 10:46:17,10.65,100,10.66,21344222,JEN,deep
5586,09/26/2023 11:46:17,10.67,100,10.68,21344222,JEN,deep
5587,09/26/2023 12:46:17,10.66,100,10.67,21344222,JEN,deep
5588,09/26/2023 13:46:17,10.65,100,10.66,21344222,JEN,deep
5589,09/26/2023 14:46:17,10.63,100,10.64,21344222,JEN,deep
5590,09/26/2023 15:46:17,10.64,100,10.65,21344222,JEN,deep
5591,09/26/2023 16:46:17,10.68,100,10.69,21344222,JEN,deep
5592,09/26/2023 17:46:17,10.66,100,10.67,21344222,JEN,deep
5593,09/26/2023 18:46:17,10.7,100,10.71,21344222,JEN,deep
5594,09/26/2023 19:46:17,10.65,100,10.66,21344222,JEN,deep
5595,09/26/2023 20:46:17,10.64,100,10.65,21344222,JEN,deep
5596,09/26/2023 21:46:17,10.64,100,10.65,21344222,JEN,deep
5597,09/26/2023 22:46:17,10.67,100,10.68,21344222,JEN,deep
5598,09/26/2023 23:46:17,10.64,100,10.65,21344222,JEN,deep
5599,09/27/2023 00:46:17,10.65,100,10.66,21344222,JEN,deep
5600,09/27/2023 01:46:17,10.63,100,10.64,21344222,JEN,deep
5601,09/27/2023 02:46:17,10.67,100,10.68,21344222,JEN,deep
5602,09/27/2023 03:46:17,10.64,100,10.65,21344222,JEN,deep
5603,09/27/2023 04:46:17,10.65,100,10.66,21344222,JEN,deep
5604,09/27/2023 05:46:17,10.66,100,10.67,21344222,JEN,deep
5605,09/27/2023 06:46:17,10.69,100,10.7,21344222,JEN,deep
5606,09/27/2023 07:46:17,10.68,100,10.69,21344222,JEN,deep
5607,09/27/2023 08:46:17,10.67,100,10.68,21344222,JEN,deep
5608,09/27/2023 09:46:17,10.63,100,10.64,21344222,JEN,deep
5609,09/27/2023 10:46:17,10.65,100,10.66,21344222,JEN,deep
5610,09/27/2023 11:46:17,10.64,100,10.65,21344222,JEN,deep
5611,09/27/2023 12:46:17,10.66,100,10.67,21344222,JEN,deep
5612,09/27/2023 13:46:17,10.67,100,10.68,21344222,JEN,deep
5613,09/27/2023 14:46:17,10.66,100,10.67,21344222,JEN,deep
5614,09/27/2023 15:46:17,10.64,100,10.65,21344222,JEN,deep
5615,09/27/2023 16:46:17,10.62,100,10.63,21344222,JEN,deep
5616,09/27/2023 17:46:17,10.65,100,10.66,21344222,JEN,deep
5617,09/27/2023 18:46:17,10.66,100,10.67,21344222,JEN,deep
5618,09/27/2023 19:46:17,10.63,100,10.64,21344222,JEN,deep
5619,09/27/2023 20:46:17,10.66,100,10.67,21344222,JEN,deep
5620,09/27/2023 21:46:17,10.66,100,10.67,21344222,JEN,deep
5621,09/27/2023 22:46:17,10.64,100,10.65,21344222,JEN,deep
5622,09/27/2023 23:46:17,10.62,100,10.63,21344222,JEN,deep
5623,09/28/2023 00:46:17,10.64,100,10.65,21344222,JEN,deep
5624,09/28/2023 01:46:17,10.63,100,10.64,21344222,JEN,deep
5625,09/28/2023 02:46:17,10.66,100,10.67,21344222,JEN,deep
5626,09/28/2023 03:46:17,10.65,100,10.66,21344222,JEN,deep
5627,09/28/2023 04:46:17,10.66,100,10.67,21344222,JEN,deep
5628,09/28/2023 05:46:17,10.62,100,10.63,21344222,JEN,deep
5629,09/28/2023 06:46:17,10.65,100,10.66,21344222,JEN,deep
5630,09/28/2023 07:46:17,10.66,100,10.67,21344222,JEN,deep
5631,09/28/2023 08:46:17,10.67,100,10.68,21344222,JEN,deep
5632,09/28/2023 09:46:17,10.66,100,10.67,21344222,JEN,deep
5633,09/28/2023 10:46:17,10.65,100,10.66,21344222,JEN,deep
5634,09/28/2023 11:46:17,10.65,100,10.66,21344222,JEN,deep
5635,09/28/2023 12:46:17,10.63,100,10.64,21344222,JEN,deep
5636,09/28/2023 13:46:17,10.64,100,10.65,21344222,JEN,deep
5637,09/28/2023 14:46:17,10.62,100,10.63,21344222,JEN,deep
5638,09/28/2023 15:46:17,10.65,100,10.66,21344222,JEN,deep
5639,09/28/2023 16:46:17,10.64,100,10.65,21344222,JEN,deep
5640,09/28/2023 17:46:17,10.62,100,10.63,21344222,JEN,deep
5641,09/28/2023 18:46:17,10.64,100,10.65,21344222,JEN,deep
5642,09/28/2023 19:46:17,10.64,100,10.65,21344222,JEN,deep
5643,09/28/2023 20:46:17,10.66,100,10.67,21344222,JEN,deep
5644,09/28/2023 21:46:17,10.64,100,10.65,21344222,JEN,deep
5645,09/28/2023 22:46:17,10.64,100,10.65,21344222,JEN,deep
5646,09/28/2023 23:46:17,10.64,100,10.65,21344222,JEN,deep
5647,09/29/2023 00:46:17,10.65,100,10.66,21344222,JEN,deep
5648,09/29/2023 01:46:17,10.64,100,10.65,21344222,JEN,deep
5649,09/29/2023 02:46:17,10.64,100,10.65,21344222,JEN,deep
5650,09/29/2023 03:46:17,10.64,100,10.65,21344222,JEN,deep
5651,09/29/2023 04:46:17,10.68,100,10.69,21344222,JEN,deep
5652,09/29/2023 05:46:17,10.64,100,10.65,21344222,JEN,deep
5653,09/29/2023 06:46:17,10.64,100,10.65,21344222,JEN,deep
5654,09/29/2023 07:46:17,10.65,100,10.66,21344222,JEN,deep
5655,09/29/2023 08:46:17,10.62,100,10.63,21344222,JEN,deep
5656,09/29/2023 09:46:17,10.65,100,10.66,21344222,JEN,deep
5657,09/29/2023 10:46:17,10.64,100,10.65,21344222,JEN,deep
5658,09/29/2023 11:46:17,10.66,100,10.67,21344222,JEN,deep
5659,09/29/2023 12:46:17,10.65,100,10.66,21344222,JEN,deep
5660,09/29/2023 13:46:17,10.63,100,10.64,21344222,JEN,deep
5661,09/29/2023 14:46:17,10.63,100,10.64,21344222,JEN,deep
5662,09/29/2023 15:46:17,10.62,100,10.63,21344222,JEN,deep
5663,09/29/2023 16:46:17,10.62,100,10.63,21344222,JEN,deep
5664,09/29/2023 17:46:17,10.62,100,10.63,21344222,JEN,deep
5665,09/29/2023 18:46:17,10.62,100,10.63,21344222,JEN,deep
5666,09/29/2023 19:46:17,10.64,100,10.65,21344222,JEN,deep
5667,09/29/2023 20:46:17,10.64,100,10.65,21344222,JEN,deep
5668,09/29/2023 21:46:17,10.64,100,10.65,21344222,JEN,deep
5669,09/29/2023 22:46:17,10.64,100,10.65,21344222,JEN,deep
5670,09/29/2023 23:46:17,10.64,100,10.65,21344222,JEN,deep
5671,09/30/2023 00:46:17,10.63,100,10.64,21344222,JEN,deep
5672,09/30/2023 01:46:17,10.68,100,10.69,21344222,JEN,deep
5673,09/30/2023 02:46:17,10.65,100,10.66,21344222,JEN,deep
5674,09/30/2023 03:46:17,10.64,100,10.65,21344222,JEN,deep
5675,09/30/2023 04:46:17,10.66,100,10.67,21344222,JEN,deep
5676,09/30/2023 05:46:17,10.67,100,10.68,21344222,JEN,deep
5677,09/30/2023 06:46:17,10.66,100,10.67,21344222,JEN,deep
5678,09/30/2023 07:46:17,10.66,100,10.67,21344222,JEN,deep
5679,09/30/2023 08:46:17,10.67,100,10.68,21344222,JEN,deep
5680,09/30/2023 09:46:17,10.64,100,10.65,21344222,JEN,deep
5681,09/30/2023 10:46:17,10.64,100,10.65,21344222,JEN,deep
5682,09/30/2023 11:46:17,10.6,100,10.62,21344222,JEN,deep
5683,09/30/2023 12:46:17,10.64,100,10.65,21344222,JEN,deep
5684,09/30/2023 13:46:17,10.62,100,10.63,21344222,JEN,deep
5685,09/30/2023 14:46:17,10.64,100,10.65,21344222,JEN,deep
5686,09/30/2023 15:46:17,10.63,100,10.64,21344222,JEN,deep
5687,09/30/2023 16:46:17,10.63,100,10.64,21344222,JEN,deep
5688,09/30/2023 17:46:17,10.63,100,10.64,21344222,JEN,deep
5689,09/30/2023 18:46:17,10.63,100,10.64,21344222,JEN,deep
5690,09/30/2023 19:46:17,10.63,100,10.64,21344222,JEN,deep
5691,09/30/2023 20:46:17,10.64,100,10.65,21344222,JEN,deep
5692,09/30/2023 21:46:17,10.62,100,10.63,21344222,JEN,deep
5693,09/30/2023 22:46:17,10.63,100,10.64,21344222,JEN,deep
5694,09/30/2023 23:46:17,10.65,100,10.66,21344222,JEN,deep
5695,10/1/2023 0:46,10.62,100,10.63,21344222,JEN,deep
5696,10/1/2023 1:46,10.63,100,10.64,21344222,JEN,deep
5697,10/1/2023 2:46,10.63,100,10.64,21344222,JEN,deep
5698,10/1/2023 3:46,10.6,100,10.62,21344222,JEN,deep
5699,10/1/2023 4:46,10.65,100,10.66,21344222,JEN,deep
5700,10/1/2023 5:46,10.65,100,10.66,21344222,JEN,deep
5701,10/1/2023 6:46,10.65,100,10.66,21344222,JEN,deep
5702,10/1/2023 7:46,10.63,100,10.64,21344222,JEN,deep
5703,10/1/2023 8:46,10.6,100,10.62,21344222,JEN,deep
5704,10/1/2023 9:46,10.63,100,10.64,21344222,JEN,deep
5705,10/1/2023 10:46,10.63,100,10.64,21344222,JEN,deep
5706,10/1/2023 11:46,10.63,100,10.64,21344222,JEN,deep
5707,10/1/2023 12:46,10.63,100,10.64,21344222,JEN,deep
5708,10/1/2023 13:46,10.62,100,10.63,21344222,JEN,deep
5709,10/1/2023 14:46,10.59,100,10.61,21344222,JEN,deep
5710,10/1/2023 15:46,10.59,100,10.61,21344222,JEN,deep
5711,10/1/2023 16:46,10.6,100,10.62,21344222,JEN,deep
5712,10/1/2023 17:46,10.62,100,10.63,21344222,JEN,deep
5713,10/1/2023 18:46,10.59,100,10.61,21344222,JEN,deep
5714,10/1/2023 19:46,10.63,100,10.64,21344222,JEN,deep
5715,10/1/2023 20:46,10.62,100,10.63,21344222,JEN,deep
5716,10/1/2023 21:46,10.62,100,10.63,21344222,JEN,deep
5717,10/1/2023 22:46,10.62,100,10.63,21344222,JEN,deep
5718,10/1/2023 23:46,10.63,100,10.64,21344222,JEN,deep
5719,10/2/2023 0:46,10.59,100,10.61,21344222,JEN,deep
5720,10/2/2023 1:46,10.6,100,10.62,21344222,JEN,deep
5721,10/2/2023 2:46,10.63,100,10.64,21344222,JEN,deep
5722,10/2/2023 3:46,10.64,100,10.65,21344222,JEN,deep
5723,10/2/2023 4:46,10.62,100,10.63,21344222,JEN,deep
5724,10/2/2023 5:46,10.65,100,10.66,21344222,JEN,deep
5725,10/2/2023 6:46,10.64,100,10.65,21344222,JEN,deep
5726,10/2/2023 7:46,10.64,100,10.65,21344222,JEN,deep
5727,10/2/2023 8:46,10.65,100,10.66,21344222,JEN,deep
5728,10/2/2023 9:46,10.62,100,10.63,21344222,JEN,deep
5729,10/2/2023 10:46,10.64,100,10.65,21344222,JEN,deep
5730,10/2/2023 11:46,10.63,100,10.64,21344222,JEN,deep
5731,10/2/2023 12:46,10.6,100,10.62,21344222,JEN,deep
5732,10/2/2023 13:46,10.59,100,10.61,21344222,JEN,deep
5733,10/2/2023 14:46,10.6,100,10.62,21344222,JEN,deep
5734,10/2/2023 15:46,10.6,100,10.62,21344222,JEN,deep
5735,10/2/2023 16:46,10.59,100,10.61,21344222,JEN,deep
5736,10/2/2023 17:46,10.6,100,10.62,21344222,JEN,deep
5737,10/2/2023 18:46,10.62,100,10.63,21344222,JEN,deep
5738,10/2/2023 19:46,10.62,100,10.63,21344222,JEN,deep
5739,10/2/2023 20:46,10.65,100,10.66,21344222,JEN,deep
5740,10/2/2023 21:46,10.6,100,10.62,21344222,JEN,deep
5741,10/2/2023 22:46,10.63,100,10.64,21344222,JEN,deep
5742,10/2/2023 23:46,10.59,100,10.61,21344222,JEN,deep
5743,10/3/2023 0:46,10.62,100,10.63,21344222,JEN,deep
5744,10/3/2023 1:46,10.62,100,10.63,21344222,JEN,deep
5745,10/3/2023 2:46,10.59,100,10.61,21344222,JEN,deep
5746,10/3/2023 3:46,10.59,100,10.61,21344222,JEN,deep
5747,10/3/2023 4:46,10.6,100,10.62,21344222,JEN,deep
5748,10/3/2023 5:46,10.62,100,10.63,21344222,JEN,deep
5749,10/3/2023 6:46,10.6,100,10.62,21344222,JEN,deep
5750,10/3/2023 7:46,10.59,100,10.61,21344222,JEN,deep
5751,10/3/2023 8:46,10.58,100,10.59,21344222,JEN,deep
5752,10/3/2023 9:46,10.62,100,10.63,21344222,JEN,deep
5753,10/3/2023 10:46,10.6,100,10.62,21344222,JEN,deep
5754,10/3/2023 11:46,10.62,100,10.63,21344222,JEN,deep
5755,10/3/2023 12:46,10.59,100,10.61,21344222,JEN,deep
5756,10/3/2023 13:46,10.58,100,10.59,21344222,JEN,deep
5757,10/3/2023 14:46,10.59,100,10.61,21344222,JEN,deep
5758,10/3/2023 15:46,10.59,100,10.61,21344222,JEN,deep
5759,10/3/2023 16:46,10.59,100,10.61,21344222,JEN,deep
5760,10/3/2023 17:46,10.57,100,10.58,21344222,JEN,deep
5761,10/3/2023 18:46,10.63,100,10.64,21344222,JEN,deep
5762,10/3/2023 19:46,10.6,100,10.62,21344222,JEN,deep
5763,10/3/2023 20:46,10.59,100,10.61,21344222,JEN,deep
5764,10/3/2023 21:46,10.59,100,10.61,21344222,JEN,deep
5765,10/3/2023 22:46,10.62,100,10.63,21344222,JEN,deep
5766,10/3/2023 23:46,10.64,100,10.65,21344222,JEN,deep
5767,10/4/2023 0:46,10.59,100,10.61,21344222,JEN,deep
5768,10/4/2023 1:46,10.63,100,10.64,21344222,JEN,deep
5769,10/4/2023 2:46,10.58,100,10.59,21344222,JEN,deep
5770,10/4/2023 3:46,10.6,100,10.62,21344222,JEN,deep
5771,10/4/2023 4:46,10.6,100,10.62,21344222,JEN,deep
5772,10/4/2023 5:46,10.59,100,10.61,21344222,JEN,deep
5773,10/4/2023 6:46,10.59,100,10.61,21344222,JEN,deep
5774,10/4/2023 7:46,10.58,100,10.59,21344222,JEN,deep
5775,10/4/2023 8:46,10.6,100,10.62,21344222,JEN,deep
5776,10/4/2023 9:46,10.59,100,10.61,21344222,JEN,deep
5777,10/4/2023 10:46,10.62,100,10.63,21344222,JEN,deep
5778,10/4/2023 11:46,10.62,100,10.63,21344222,JEN,deep
5779,10/4/2023 12:46,10.59,100,10.61,21344222,JEN,deep
5780,10/4/2023 13:46,10.6,100,10.62,21344222,JEN,deep
5781,10/4/2023 14:46,10.62,100,10.63,21344222,JEN,deep
5782,10/4/2023 15:46,10.65,100,10.66,21344222,JEN,deep
5783,10/4/2023 16:46,10.59,100,10.61,21344222,JEN,deep
5784,10/4/2023 17:46,10.63,100,10.64,21344222,JEN,deep
5785,10/4/2023 18:46,10.6,100,10.62,21344222,JEN,deep
5786,10/4/2023 19:46,10.62,100,10.63,21344222,JEN,deep
5787,10/4/2023 20:46,10.64,100,10.65,21344222,JEN,deep
5788,10/4/2023 21:46,10.63,100,10.64,21344222,JEN,deep
5789,10/4/2023 22:46,10.6,100,10.62,21344222,JEN,deep
5790,10/4/2023 23:46,10.68,100,10.69,21344222,JEN,deep
5791,10/5/2023 0:46,10.64,100,10.65,21344222,JEN,deep
5792,10/5/2023 1:46,10.64,100,10.65,21344222,JEN,deep
5793,10/5/2023 2:46,10.67,100,10.68,21344222,JEN,deep
5794,10/5/2023 3:46,10.64,100,10.65,21344222,JEN,deep
5795,10/5/2023 4:46,10.62,100,10.63,21344222,JEN,deep
5796,10/5/2023 5:46,10.66,100,10.67,21344222,JEN,deep
5797,10/5/2023 6:46,10.66,100,10.67,21344222,JEN,deep
5798,10/5/2023 7:46,10.66,100,10.67,21344222,JEN,deep
5799,10/5/2023 8:46,10.66,100,10.67,21344222,JEN,deep
5800,10/5/2023 9:46,10.64,100,10.65,21344222,JEN,deep
5801,10/5/2023 10:46,10.66,100,10.67,21344222,JEN,deep
5802,10/5/2023 11:46,10.64,100,10.65,21344222,JEN,deep
5803,10/5/2023 12:46,10.67,100,10.68,21344222,JEN,deep
5804,10/5/2023 13:46,10.66,100,10.67,21344222,JEN,deep
5805,10/5/2023 14:46,10.67,100,10.68,21344222,JEN,deep
5806,10/5/2023 15:46,10.65,100,10.66,21344222,JEN,deep
5807,10/5/2023 16:46,10.65,100,10.66,21344222,JEN,deep
5808,10/5/2023 17:46,10.64,100,10.65,21344222,JEN,deep
5809,10/5/2023 18:46,10.64,100,10.65,21344222,JEN,deep
5810,10/5/2023 19:46,10.67,100,10.68,21344222,JEN,deep
5811,10/5/2023 20:46,10.6,100,10.62,21344222,JEN,deep
5812,10/5/2023 21:46,10.66,100,10.67,21344222,JEN,deep
5813,10/5/2023 22:46,10.66,100,10.67,21344222,JEN,deep
5814,10/5/2023 23:46,10.62,100,10.63,21344222,JEN,deep
5815,10/6/2023 0:46,10.65,100,10.66,21344222,JEN,deep
5816,10/6/2023 1:46,10.64,100,10.65,21344222,JEN,deep
5817,10/6/2023 2:46,10.65,100,10.66,21344222,JEN,deep
5818,10/6/2023 3:46,10.67,100,10.68,21344222,JEN,deep
5819,10/6/2023 4:46,10.68,100,10.69,21344222,JEN,deep
5820,10/6/2023 5:46,10.65,100,10.66,21344222,JEN,deep
5821,10/6/2023 6:46,10.65,100,10.66,21344222,JEN,deep
5822,10/6/2023 7:46,10.65,100,10.66,21344222,JEN,deep
5823,10/6/2023 8:46,10.66,100,10.67,21344222,JEN,deep
5824,10/6/2023 9:46,10.64,100,10.65,21344222,JEN,deep
5825,10/6/2023 10:46,10.65,100,10.66,21344222,JEN,deep
5826,10/6/2023 11:46,10.64,100,10.65,21344222,JEN,deep
5827,10/6/2023 12:46,10.64,100,10.65,21344222,JEN,deep
5828,10/6/2023 13:46,10.65,100,10.66,21344222,JEN,deep
5829,10/6/2023 14:46,10.65,100,10.66,21344222,JEN,deep
5830,10/6/2023 15:46,10.62,100,10.63,21344222,JEN,deep
5831,10/6/2023 16:46,10.62,100,10.63,21344222,JEN,deep
5832,10/6/2023 17:46,10.64,100,10.65,21344222,JEN,deep
5833,10/6/2023 18:46,10.63,100,10.64,21344222,JEN,deep
5834,10/6/2023 19:46,10.64,100,10.65,21344222,JEN,deep
5835,10/6/2023 20:46,10.64,100,10.65,21344222,JEN,deep
5836,10/6/2023 21:46,10.67,100,10.68,21344222,JEN,deep
5837,10/6/2023 22:46,10.66,100,10.67,21344222,JEN,deep
5838,10/6/2023 23:46,10.66,100,10.67,21344222,JEN,deep
5839,10/7/2023 0:46,10.68,100,10.69,21344222,JEN,deep
5840,10/7/2023 1:46,10.67,100,10.68,21344222,JEN,deep
5841,10/7/2023 2:46,10.66,100,10.67,21344222,JEN,deep
5842,10/7/2023 3:46,10.66,100,10.67,21344222,JEN,deep
5843,10/7/2023 4:46,10.65,100,10.66,21344222,JEN,deep
5844,10/7/2023 5:46,10.66,100,10.67,21344222,JEN,deep
5845,10/7/2023 6:46,10.67,100,10.68,21344222,JEN,deep
5846,10/7/2023 7:46,10.64,100,10.65,21344222,JEN,deep
5847,10/7/2023 8:46,10.67,100,10.68,21344222,JEN,deep
5848,10/7/2023 9:46,10.64,100,10.65,21344222,JEN,deep
5849,10/7/2023 10:46,10.66,100,10.67,21344222,JEN,deep
5850,10/7/2023 11:46,10.64,100,10.65,21344222,JEN,deep
5851,10/7/2023 12:46,10.67,100,10.68,21344222,JEN,deep
5852,10/7/2023 13:46,10.64,100,10.65,21344222,JEN,deep
5853,10/7/2023 14:46,10.65,100,10.66,21344222,JEN,deep
5854,10/7/2023 15:46,10.64,100,10.65,21344222,JEN,deep
5855,10/7/2023 16:46,10.64,100,10.65,21344222,JEN,deep
5856,10/7/2023 17:46,10.63,100,10.64,21344222,JEN,deep
5857,10/7/2023 18:46,10.64,100,10.65,21344222,JEN,deep
5858,10/7/2023 19:46,10.64,100,10.65,21344222,JEN,deep
5859,10/7/2023 20:46,10.64,100,10.65,21344222,JEN,deep
5860,10/7/2023 21:46,10.64,100,10.65,21344222,JEN,deep
5861,10/7/2023 22:46,10.64,100,10.65,21344222,JEN,deep
5862,10/7/2023 23:46,10.67,100,10.68,21344222,JEN,deep
5863,10/8/2023 0:46,10.67,100,10.68,21344222,JEN,deep
5864,10/8/2023 1:46,10.67,100,10.68,21344222,JEN,deep
5865,10/8/2023 2:46,10.66,100,10.67,21344222,JEN,deep
5866,10/8/2023 3:46,10.63,100,10.64,21344222,JEN,deep
5867,10/8/2023 4:46,10.68,100,10.69,21344222,JEN,deep
5868,10/8/2023 5:46,10.67,100,10.68,21344222,JEN,deep
5869,10/8/2023 6:46,10.67,100,10.68,21344222,JEN,deep
5870,10/8/2023 7:46,10.66,100,10.67,21344222,JEN,deep
5871,10/8/2023 8:46,10.67,100,10.68,21344222,JEN,deep
5872,10/8/2023 9:46,10.66,100,10.67,21344222,JEN,deep
5873,10/8/2023 10:46,10.68,100,10.69,21344222,JEN,deep
5874,10/8/2023 11:46,10.66,100,10.67,21344222,JEN,deep
5875,10/8/2023 12:46,10.64,100,10.65,21344222,JEN,deep
5876,10/8/2023 13:46,10.63,100,10.64,21344222,JEN,deep
5877,10/8/2023 14:46,10.62,100,10.63,21344222,JEN,deep
5878,10/8/2023 15:46,10.64,100,10.65,21344222,JEN,deep
5879,10/8/2023 16:46,10.62,100,10.63,21344222,JEN,deep
5880,10/8/2023 17:46,10.6,100,10.62,21344222,JEN,deep
5881,10/8/2023 18:46,10.6,100,10.62,21344222,JEN,deep
5882,10/8/2023 19:46,10.66,100,10.67,21344222,JEN,deep
5883,10/8/2023 20:46,10.63,100,10.64,21344222,JEN,deep
5884,10/8/2023 21:46,10.65,100,10.66,21344222,JEN,deep
5885,10/8/2023 22:46,10.62,100,10.63,21344222,JEN,deep
5886,10/8/2023 23:46,10.65,100,10.66,21344222,JEN,deep
5887,10/9/2023 0:46,10.66,100,10.67,21344222,JEN,deep
5888,10/9/2023 1:46,10.67,100,10.68,21344222,JEN,deep
5889,10/9/2023 2:46,10.63,100,10.64,21344222,JEN,deep
5890,10/9/2023 3:46,10.67,100,10.68,21344222,JEN,deep
5891,10/9/2023 4:46,10.67,100,10.68,21344222,JEN,deep
5892,10/9/2023 5:46,10.67,100,10.68,21344222,JEN,deep
5893,10/9/2023 6:46,10.67,100,10.68,21344222,JEN,deep
5894,10/9/2023 7:46,10.65,100,10.66,21344222,JEN,deep
5895,10/9/2023 8:46,10.66,100,10.67,21344222,JEN,deep
5896,10/9/2023 9:46,10.65,100,10.66,21344222,JEN,deep
5897,10/9/2023 10:46,10.67,100,10.68,21344222,JEN,deep
5898,10/9/2023 11:46,10.65,100,10.66,21344222,JEN,deep
5899,10/9/2023 12:46,10.62,100,10.63,21344222,JEN,deep
5900,10/9/2023 13:46,10.66,100,10.67,21344222,JEN,deep
5901,10/9/2023 14:46,10.63,100,10.64,21344222,JEN,deep
5902,10/9/2023 15:46,10.62,100,10.63,21344222,JEN,deep
5903,10/9/2023 16:46,10.59,100,10.61,21344222,JEN,deep
5904,10/9/2023 17:46,10.62,100,10.63,21344222,JEN,deep
5905,10/9/2023 18:46,10.65,100,10.66,21344222,JEN,deep
5906,10/9/2023 19:46,10.64,100,10.65,21344222,JEN,deep
5907,10/9/2023 20:46,10.64,100,10.65,21344222,JEN,deep
5908,10/9/2023 21:46,10.64,100,10.65,21344222,JEN,deep
5909,10/9/2023 22:46,10.64,100,10.65,21344222,JEN,deep
5910,10/9/2023 23:46,10.66,100,10.67,21344222,JEN,deep
5911,10/10/2023 0:46,10.66,100,10.67,21344222,JEN,deep
5912,10/10/2023 1:46,10.66,100,10.67,21344222,JEN,deep
5913,10/10/2023 2:46,10.64,100,10.65,21344222,JEN,deep
5914,10/10/2023 3:46,10.66,100,10.67,21344222,JEN,deep
5915,10/10/2023 4:46,10.65,100,10.66,21344222,JEN,deep
5916,10/10/2023 5:46,10.65,100,10.66,21344222,JEN,deep
5917,10/10/2023 6:46,10.68,100,10.69,21344222,JEN,deep
5918,10/10/2023 7:46,10.63,100,10.64,21344222,JEN,deep
5919,10/10/2023 8:46,10.65,100,10.66,21344222,JEN,deep
5920,10/10/2023 9:46,10.64,100,10.65,21344222,JEN,deep
5921,10/10/2023 10:46,10.64,100,10.65,21344222,JEN,deep
5922,10/10/2023 11:46,10.63,100,10.64,21344222,JEN,deep
5923,10/10/2023 12:46,10.62,100,10.63,21344222,JEN,deep
5924,10/10/2023 13:46,10.6,100,10.62,21344222,JEN,deep
5925,10/10/2023 14:46,10.63,100,10.64,21344222,JEN,deep
5926,10/10/2023 15:46,10.64,100,10.65,21344222,JEN,deep
5927,10/10/2023 16:46,10.64,100,10.65,21344222,JEN,deep
5928,10/10/2023 17:46,10.64,100,10.65,21344222,JEN,deep
5929,10/10/2023 18:46,10.62,100,10.63,21344222,JEN,deep
5930,10/10/2023 19:46,10.63,100,10.64,21344222,JEN,deep
5931,10/10/2023 20:46,10.62,100,10.63,21344222,JEN,deep
5932,10/10/2023 21:46,10.67,100,10.68,21344222,JEN,deep
5933,10/10/2023 22:46,10.6,100,10.62,21344222,JEN,deep
5934,10/10/2023 23:46,10.66,100,10.67,21344222,JEN,deep
5935,10/11/2023 0:46,10.62,100,10.63,21344222,JEN,deep
5936,10/11/2023 1:46,10.62,100,10.63,21344222,JEN,deep
5937,10/11/2023 2:46,10.64,100,10.65,21344222,JEN,deep
5938,10/11/2023 3:46,10.64,100,10.65,21344222,JEN,deep
5939,10/11/2023 4:46,10.64,100,10.65,21344222,JEN,deep
5940,10/11/2023 5:46,10.66,100,10.67,21344222,JEN,deep
5941,10/11/2023 6:46,10.6,100,10.62,21344222,JEN,deep
5942,10/11/2023 7:46,10.63,100,10.64,21344222,JEN,deep
5943,10/11/2023 8:46,10.62,100,10.63,21344222,JEN,deep
5944,10/11/2023 9:46,10.6,100,10.62,21344222,JEN,deep
5945,10/11/2023 10:46,10.62,100,10.63,21344222,JEN,deep
5946,10/11/2023 11:46,10.58,100,10.59,21344222,JEN,deep
5947,10/11/2023 12:46,10.64,100,10.65,21344222,JEN,deep
5948,10/11/2023 13:46,10.64,100,10.65,21344222,JEN,deep
5949,10/11/2023 14:46,10.6,100,10.62,21344222,JEN,deep
5950,10/11/2023 15:46,10.59,100,10.61,21344222,JEN,deep
5951,10/11/2023 16:46,10.59,100,10.61,21344222,JEN,deep
5952,10/11/2023 17:46,10.62,100,10.63,21344222,JEN,deep
5953,10/11/2023 18:46,10.62,100,10.63,21344222,JEN,deep
5954,10/11/2023 19:46,10.59,100,10.61,21344222,JEN,deep
5955,10/11/2023 20:46,10.64,100,10.65,21344222,JEN,deep
5956,10/11/2023 21:46,10.59,100,10.61,21344222,JEN,deep
5957,10/11/2023 22:46,10.62,100,10.63,21344222,JEN,deep
5958,10/11/2023 23:46,10.6,100,10.62,21344222,JEN,deep
5959,10/12/2023 0:46,10.63,100,10.64,21344222,JEN,deep
5960,10/12/2023 1:46,10.6,100,10.62,21344222,JEN,deep
5961,10/12/2023 2:46,10.64,100,10.65,21344222,JEN,deep
5962,10/12/2023 3:46,10.62,100,10.63,21344222,JEN,deep
5963,10/12/2023 4:46,10.63,100,10.64,21344222,JEN,deep
5964,10/12/2023 5:46,10.64,100,10.65,21344222,JEN,deep
5965,10/12/2023 6:46,10.59,100,10.61,21344222,JEN,deep
5966,10/12/2023 7:46,10.59,100,10.61,21344222,JEN,deep
5967,10/12/2023 8:46,10.59,100,10.61,21344222,JEN,deep
5968,10/12/2023 9:46,10.58,100,10.59,21344222,JEN,deep
5969,10/12/2023 10:46,10.62,100,10.63,21344222,JEN,deep
5970,10/12/2023 11:46,10.6,100,10.62,21344222,JEN,deep
5971,10/12/2023 12:46,10.62,100,10.63,21344222,JEN,deep
5972,10/12/2023 13:46,10.57,100,10.58,21344222,JEN,deep
5973,10/12/2023 14:46,10.58,100,10.59,21344222,JEN,deep
5974,10/12/2023 15:46,10.6,100,10.62,21344222,JEN,deep
5975,10/12/2023 16:46,10.58,100,10.59,21344222,JEN,deep
5976,10/12/2023 17:46,10.59,100,10.61,21344222,JEN,deep
5977,10/12/2023 18:46,10.63,100,10.64,21344222,JEN,deep
5978,10/12/2023 19:46,10.62,100,10.63,21344222,JEN,deep
5979,10/12/2023 20:46,10.63,100,10.64,21344222,JEN,deep
5980,10/12/2023 21:46,10.6,100,10.62,21344222,JEN,deep
5981,10/12/2023 22:46,10.63,100,10.64,21344222,JEN,deep
5982,10/12/2023 23:46,10.64,100,10.65,21344222,JEN,deep
5983,10/13/2023 00:46:17,10.64,100,10.65,21344222,JEN,deep
5984,10/13/2023 01:46:17,10.64,100,10.65,21344222,JEN,deep
5985,10/13/2023 02:46:17,10.62,100,10.63,21344222,JEN,deep
5986,10/13/2023 03:46:17,10.62,100,10.63,21344222,JEN,deep
5987,10/13/2023 04:46:17,10.62,100,10.63,21344222,JEN,deep
5988,10/13/2023 05:46:17,10.65,100,10.66,21344222,JEN,deep
5989,10/13/2023 06:46:17,10.66,100,10.67,21344222,JEN,deep
5990,10/13/2023 07:46:17,10.6,100,10.62,21344222,JEN,deep
5991,10/13/2023 08:46:17,10.64,100,10.65,21344222,JEN,deep
5992,10/13/2023 09:46:17,10.64,100,10.65,21344222,JEN,deep
5993,10/13/2023 10:46:17,10.63,100,10.64,21344222,JEN,deep
5994,10/13/2023 11:46:17,10.64,100,10.65,21344222,JEN,deep
5995,10/13/2023 12:46:17,10.59,100,10.61,21344222,JEN,deep
5996,10/13/2023 13:46:17,10.59,100,10.61,21344222,JEN,deep
5997,10/13/2023 14:46:17,10.64,100,10.65,21344222,JEN,deep
5998,10/13/2023 15:46:17,10.62,100,10.63,21344222,JEN,deep
5999,10/13/2023 16:46:17,10.62,100,10.63,21344222,JEN,deep
6000,10/13/2023 17:46:17,10.62,100,10.63,21344222,JEN,deep
6001,10/13/2023 18:46:17,10.65,100,10.66,21344222,JEN,deep
6002,10/13/2023 19:46:17,10.65,100,10.66,21344222,JEN,deep
6003,10/13/2023 20:46:17,10.62,100,10.63,21344222,JEN,deep
6004,10/13/2023 21:46:17,10.62,100,10.63,21344222,JEN,deep
6005,10/13/2023 22:46:17,10.6,100,10.62,21344222,JEN,deep
6006,10/13/2023 23:46:17,10.64,100,10.65,21344222,JEN,deep
6007,10/14/2023 00:46:17,10.6,100,10.62,21344222,JEN,deep
6008,10/14/2023 01:46:17,10.62,100,10.63,21344222,JEN,deep
6009,10/14/2023 02:46:17,10.65,100,10.66,21344222,JEN,deep
6010,10/14/2023 03:46:17,10.63,100,10.64,21344222,JEN,deep
6011,10/14/2023 04:46:17,10.62,100,10.63,21344222,JEN,deep
6012,10/14/2023 05:46:17,10.62,100,10.63,21344222,JEN,deep
6013,10/14/2023 06:46:17,10.63,100,10.64,21344222,JEN,deep
6014,10/14/2023 07:46:17,10.62,100,10.63,21344222,JEN,deep
6015,10/14/2023 08:46:17,10.63,100,10.64,21344222,JEN,deep
6016,10/14/2023 09:46:17,10.62,100,10.63,21344222,JEN,deep
6017,10/14/2023 10:46:17,10.63,100,10.64,21344222,JEN,deep
6018,10/14/2023 11:46:17,10.6,100,10.62,21344222,JEN,deep
6019,10/14/2023 12:46:17,10.63,100,10.64,21344222,JEN,deep
6020,10/14/2023 13:46:17,10.6,100,10.62,21344222,JEN,deep
6021,10/14/2023 14:46:17,10.6,100,10.62,21344222,JEN,deep
6022,10/14/2023 15:46:17,10.62,100,10.63,21344222,JEN,deep
6023,10/14/2023 16:46:17,10.59,100,10.61,21344222,JEN,deep
6024,10/14/2023 17:46:17,10.62,100,10.63,21344222,JEN,deep
6025,10/14/2023 18:46:17,10.59,100,10.61,21344222,JEN,deep
6026,10/14/2023 19:46:17,10.63,100,10.64,21344222,JEN,deep
6027,10/14/2023 20:46:17,10.62,100,10.63,21344222,JEN,deep
6028,10/14/2023 21:46:17,10.62,100,10.63,21344222,JEN,deep
6029,10/14/2023 22:46:17,10.63,100,10.64,21344222,JEN,deep
6030,10/14/2023 23:46:17,10.6,100,10.62,21344222,JEN,deep
6031,10/15/2023 00:46:17,10.62,100,10.63,21344222,JEN,deep
6032,10/15/2023 01:46:17,10.59,100,10.61,21344222,JEN,deep
6033,10/15/2023 02:46:17,10.64,100,10.65,21344222,JEN,deep
6034,10/15/2023 03:46:17,10.64,100,10.65,21344222,JEN,deep
6035,10/15/2023 04:46:17,10.64,100,10.65,21344222,JEN,deep
6036,10/15/2023 05:46:17,10.62,100,10.63,21344222,JEN,deep
6037,10/15/2023 06:46:17,10.62,100,10.63,21344222,JEN,deep
6038,10/15/2023 07:46:17,10.63,100,10.64,21344222,JEN,deep
6039,10/15/2023 08:46:17,10.64,100,10.65,21344222,JEN,deep
6040,10/15/2023 09:46:17,10.59,100,10.61,21344222,JEN,deep
6041,10/15/2023 10:46:17,10.63,100,10.64,21344222,JEN,deep
6042,10/15/2023 11:46:17,10.62,100,10.63,21344222,JEN,deep
6043,10/15/2023 12:46:17,10.63,100,10.64,21344222,JEN,deep
6044,10/15/2023 13:46:17,10.57,100,10.58,21344222,JEN,deep
6045,10/15/2023 14:46:17,10.6,100,10.62,21344222,JEN,deep
6046,10/15/2023 15:46:17,10.6,100,10.62,21344222,JEN,deep
6047,10/15/2023 16:46:17,10.58,100,10.59,21344222,JEN,deep
6048,10/15/2023 17:46:17,10.6,100,10.62,21344222,JEN,deep
6049,10/15/2023 18:46:17,10.63,100,10.64,21344222,JEN,deep
6050,10/15/2023 19:46:17,10.59,100,10.61,21344222,JEN,deep
6051,10/15/2023 20:46:17,10.62,100,10.63,21344222,JEN,deep
6052,10/15/2023 21:46:17,10.58,100,10.59,21344222,JEN,deep
6053,10/15/2023 22:46:17,10.6,100,10.62,21344222,JEN,deep
6054,10/15/2023 23:46:17,10.62,100,10.63,21344222,JEN,deep
6055,10/16/2023 00:46:17,10.6,100,10.62,21344222,JEN,deep
6056,10/16/2023 01:46:17,10.59,100,10.61,21344222,JEN,deep
6057,10/16/2023 02:46:17,10.6,100,10.62,21344222,JEN,deep
6058,10/16/2023 03:46:17,10.63,100,10.64,21344222,JEN,deep
6059,10/16/2023 04:46:17,10.59,100,10.61,21344222,JEN,deep
6060,10/16/2023 05:46:17,10.59,100,10.61,21344222,JEN,deep
6061,10/16/2023 06:46:17,10.63,100,10.64,21344222,JEN,deep
6062,10/16/2023 07:46:17,10.64,100,10.65,21344222,JEN,deep
6063,10/16/2023 08:46:17,10.62,100,10.63,21344222,JEN,deep
6064,10/16/2023 09:46:17,10.59,100,10.61,21344222,JEN,deep
6065,10/16/2023 10:46:17,10.59,100,10.61,21344222,JEN,deep
6066,10/16/2023 11:46:17,10.62,100,10.63,21344222,JEN,deep
6067,10/16/2023 12:46:17,10.63,100,10.64,21344222,JEN,deep
6068,10/16/2023 13:46:17,10.63,100,10.64,21344222,JEN,deep
6069,10/16/2023 14:46:17,10.59,100,10.61,21344222,JEN,deep
6070,10/16/2023 15:46:17,10.62,100,10.63,21344222,JEN,deep
6071,10/16/2023 16:46:17,10.59,100,10.61,21344222,JEN,deep
6072,10/16/2023 17:46:17,10.62,100,10.63,21344222,JEN,deep
6073,10/16/2023 18:46:17,10.63,100,10.64,21344222,JEN,deep
6074,10/16/2023 19:46:17,10.6,100,10.62,21344222,JEN,deep
6075,10/16/2023 20:46:17,10.64,100,10.65,21344222,JEN,deep
6076,10/16/2023 21:46:17,10.65,100,10.66,21344222,JEN,deep
6077,10/16/2023 22:46:17,10.62,100,10.63,21344222,JEN,deep
6078,10/16/2023 23:46:17,10.64,100,10.65,21344222,JEN,deep
6079,10/17/2023 00:46:17,10.64,100,10.65,21344222,JEN,deep
6080,10/17/2023 01:46:17,10.63,100,10.64,21344222,JEN,deep
6081,10/17/2023 02:46:17,10.65,100,10.66,21344222,JEN,deep
6082,10/17/2023 03:46:17,10.63,100,10.64,21344222,JEN,deep
6083,10/17/2023 04:46:17,10.67,100,10.68,21344222,JEN,deep
6084,10/17/2023 05:46:17,10.65,100,10.66,21344222,JEN,deep
6085,10/17/2023 06:46:17,10.65,100,10.66,21344222,JEN,deep
6086,10/17/2023 07:46:17,10.64,100,10.65,21344222,JEN,deep
6087,10/17/2023 08:46:17,10.64,100,10.65,21344222,JEN,deep
6088,10/17/2023 09:46:17,10.66,100,10.67,21344222,JEN,deep
6089,10/17/2023 10:46:17,10.62,100,10.63,21344222,JEN,deep
6090,10/17/2023 11:46:17,10.65,100,10.66,21344222,JEN,deep
6091,10/17/2023 12:46:17,10.66,100,10.67,21344222,JEN,deep
6092,10/17/2023 13:46:17,10.65,100,10.66,21344222,JEN,deep
6093,10/17/2023 14:46:17,10.64,100,10.65,21344222,JEN,deep
6094,10/17/2023 15:46:17,10.64,100,10.65,21344222,JEN,deep
6095,10/17/2023 16:46:17,10.64,100,10.65,21344222,JEN,deep
6096,10/17/2023 17:46:17,10.62,100,10.63,21344222,JEN,deep
6097,10/17/2023 18:46:17,10.62,100,10.63,21344222,JEN,deep
6098,10/17/2023 19:46:17,10.64,100,10.65,21344222,JEN,deep
6099,10/17/2023 20:46:17,10.64,100,10.65,21344222,JEN,deep
6100,10/17/2023 21:46:17,10.63,100,10.64,21344222,JEN,deep
6101,10/17/2023 22:46:17,10.64,100,10.65,21344222,JEN,deep
6102,10/17/2023 23:46:17,10.64,100,10.65,21344222,JEN,deep
6103,10/18/2023 00:46:17,10.6,100,10.62,21344222,JEN,deep
6104,10/18/2023 01:46:17,10.64,100,10.65,21344222,JEN,deep
6105,10/18/2023 02:46:17,10.64,100,10.65,21344222,JEN,deep
6106,10/18/2023 03:46:17,10.63,100,10.64,21344222,JEN,deep
6107,10/18/2023 04:46:17,10.64,100,10.65,21344222,JEN,deep
6108,10/18/2023 05:46:17,10.64,100,10.65,21344222,JEN,deep
6109,10/18/2023 06:46:17,10.65,100,10.66,21344222,JEN,deep
6110,10/18/2023 07:46:17,10.64,100,10.65,21344222,JEN,deep
6111,10/18/2023 08:46:17,10.62,100,10.63,21344222,JEN,deep
6112,10/18/2023 09:46:17,10.65,100,10.66,21344222,JEN,deep
6113,10/18/2023 10:46:17,10.63,100,10.64,21344222,JEN,deep
6114,10/18/2023 11:46:17,10.64,100,10.65,21344222,JEN,deep
6115,10/18/2023 12:46:17,10.63,100,10.64,21344222,JEN,deep
6116,10/18/2023 13:46:17,10.62,100,10.63,21344222,JEN,deep
6117,10/18/2023 14:46:17,10.63,100,10.64,21344222,JEN,deep
6118,10/18/2023 15:46:17,10.62,100,10.63,21344222,JEN,deep
6119,10/18/2023 16:46:17,10.64,100,10.65,21344222,JEN,deep
6120,10/18/2023 17:46:17,10.64,100,10.65,21344222,JEN,deep
6121,10/18/2023 18:46:17,10.63,100,10.64,21344222,JEN,deep
6122,10/18/2023 19:46:17,10.63,100,10.64,21344222,JEN,deep
6123,10/18/2023 20:46:17,10.59,100,10.61,21344222,JEN,deep
6124,10/18/2023 21:46:17,10.64,100,10.65,21344222,JEN,deep
6125,10/18/2023 22:46:17,10.63,100,10.64,21344222,JEN,deep
6126,10/18/2023 23:46:17,10.64,100,10.65,21344222,JEN,deep
6127,10/19/2023 00:46:17,10.66,100,10.67,21344222,JEN,deep
6128,10/19/2023 01:46:17,10.63,100,10.64,21344222,JEN,deep
6129,10/19/2023 02:46:17,10.64,100,10.65,21344222,JEN,deep
6130,10/19/2023 03:46:17,10.64,100,10.65,21344222,JEN,deep
6131,10/19/2023 04:46:17,10.62,100,10.63,21344222,JEN,deep
6132,10/19/2023 05:46:17,10.64,100,10.65,21344222,JEN,deep
6133,10/19/2023 06:46:17,10.65,100,10.66,21344222,JEN,deep
6134,10/19/2023 07:46:17,10.64,100,10.65,21344222,JEN,deep
6135,10/19/2023 08:46:17,10.63,100,10.64,21344222,JEN,deep
6136,10/19/2023 09:46:17,10.64,100,10.65,21344222,JEN,deep
6137,10/19/2023 10:46:17,10.63,100,10.64,21344222,JEN,deep
6138,10/19/2023 11:46:17,10.6,100,10.62,21344222,JEN,deep
6139,10/19/2023 12:46:17,10.59,100,10.61,21344222,JEN,deep
6140,10/19/2023 13:46:17,10.62,100,10.63,21344222,JEN,deep
6141,10/19/2023 14:46:17,10.59,100,10.61,21344222,JEN,deep
6142,10/19/2023 15:46:17,10.59,100,10.61,21344222,JEN,deep
6143,10/19/2023 16:46:17,10.64,100,10.65,21344222,JEN,deep
6144,10/19/2023 17:46:17,10.62,100,10.63,21344222,JEN,deep
6145,10/19/2023 18:46:17,10.59,100,10.61,21344222,JEN,deep
6146,10/19/2023 19:46:17,10.6,100,10.62,21344222,JEN,deep
6147,10/19/2023 20:46:17,10.59,100,10.61,21344222,JEN,deep
6148,10/19/2023 21:46:17,10.59,100,10.61,21344222,JEN,deep
6149,10/19/2023 22:46:17,10.6,100,10.62,21344222,JEN,deep
6150,10/19/2023 23:46:17,10.62,100,10.63,21344222,JEN,deep
6151,10/20/2023 00:46:17,10.62,100,10.63,21344222,JEN,deep
6152,10/20/2023 01:46:17,10.6,100,10.62,21344222,JEN,deep
6153,10/20/2023 02:46:17,10.62,100,10.63,21344222,JEN,deep
6154,10/20/2023 03:46:17,10.64,100,10.65,21344222,JEN,deep
6155,10/20/2023 04:46:17,10.62,100,10.63,21344222,JEN,deep
6156,10/20/2023 05:46:17,10.64,100,10.65,21344222,JEN,deep
6157,10/20/2023 06:46:17,10.62,100,10.63,21344222,JEN,deep
6158,10/20/2023 07:46:17,10.6,100,10.62,21344222,JEN,deep
6159,10/20/2023 08:46:17,10.59,100,10.61,21344222,JEN,deep
6160,10/20/2023 09:46:17,10.6,100,10.62,21344222,JEN,deep
6161,10/20/2023 10:46:17,10.63,100,10.64,21344222,JEN,deep
6162,10/20/2023 11:46:17,10.59,100,10.61,21344222,JEN,deep
6163,10/20/2023 12:46:17,10.59,100,10.61,21344222,JEN,deep
6164,10/20/2023 13:46:17,10.63,100,10.64,21344222,JEN,deep
6165,10/20/2023 14:46:17,10.6,100,10.62,21344222,JEN,deep
6166,10/20/2023 15:46:17,10.63,100,10.64,21344222,JEN,deep
6167,10/20/2023 16:46:17,10.6,100,10.62,21344222,JEN,deep
6168,10/20/2023 17:46:17,10.57,100,10.58,21344222,JEN,deep
6169,10/20/2023 18:46:17,10.64,100,10.65,21344222,JEN,deep
6170,10/20/2023 19:46:17,10.58,100,10.59,21344222,JEN,deep
6171,10/20/2023 20:46:17,10.63,100,10.64,21344222,JEN,deep
6172,10/20/2023 21:46:17,10.64,100,10.65,21344222,JEN,deep
6173,10/20/2023 22:46:17,10.57,100,10.58,21344222,JEN,deep
6174,10/20/2023 23:46:17,10.62,100,10.63,21344222,JEN,deep
6175,10/21/2023 00:46:17,10.6,100,10.62,21344222,JEN,deep
6176,10/21/2023 01:46:17,10.56,100,10.57,21344222,JEN,deep
6177,10/21/2023 02:46:17,10.57,100,10.58,21344222,JEN,deep
6178,10/21/2023 03:46:17,10.62,100,10.63,21344222,JEN,deep
6179,10/21/2023 04:46:17,10.64,100,10.65,21344222,JEN,deep
6180,10/21/2023 05:46:17,10.57,100,10.58,21344222,JEN,deep
6181,10/21/2023 06:46:17,10.64,100,10.65,21344222,JEN,deep
6182,10/21/2023 07:46:17,10.64,100,10.65,21344222,JEN,deep
6183,10/21/2023 08:46:17,10.59,100,10.61,21344222,JEN,deep
6184,10/21/2023 09:46:17,10.58,100,10.59,21344222,JEN,deep
6185,10/21/2023 10:46:17,10.58,100,10.59,21344222,JEN,deep
6186,10/21/2023 11:46:17,10.58,100,10.59,21344222,JEN,deep
6187,10/21/2023 12:46:17,10.59,100,10.61,21344222,JEN,deep
6188,10/21/2023 13:46:17,10.56,100,10.57,21344222,JEN,deep
6189,10/21/2023 14:46:17,10.57,100,10.58,21344222,JEN,deep
6190,10/21/2023 15:46:17,10.57,100,10.58,21344222,JEN,deep
6191,10/21/2023 16:46:17,10.59,100,10.61,21344222,JEN,deep
6192,10/21/2023 17:46:17,10.57,100,10.58,21344222,JEN,deep
6193,10/21/2023 18:46:17,10.6,100,10.62,21344222,JEN,deep
6194,10/21/2023 19:46:17,10.58,100,10.59,21344222,JEN,deep
6195,10/21/2023 20:46:17,10.58,100,10.59,21344222,JEN,deep
6196,10/21/2023 21:46:17,10.62,100,10.63,21344222,JEN,deep
6197,10/21/2023 22:46:17,10.55,100,10.56,21344222,JEN,deep
6198,10/21/2023 23:46:17,10.57,100,10.58,21344222,JEN,deep
6199,10/22/2023 00:46:17,10.58,100,10.59,21344222,JEN,deep
6200,10/22/2023 01:46:17,10.6,100,10.62,21344222,JEN,deep
6201,10/22/2023 02:46:17,10.55,100,10.56,21344222,JEN,deep
6202,10/22/2023 03:46:17,10.58,100,10.59,21344222,JEN,deep
6203,10/22/2023 04:46:17,10.58,100,10.59,21344222,JEN,deep
6204,10/22/2023 05:46:17,10.59,100,10.61,21344222,JEN,deep
6205,10/22/2023 06:46:17,10.59,100,10.61,21344222,JEN,deep
6206,10/22/2023 07:46:17,10.59,100,10.61,21344222,JEN,deep
6207,10/22/2023 08:46:17,10.63,100,10.64,21344222,JEN,deep
6208,10/22/2023 09:46:17,10.59,100,10.61,21344222,JEN,deep
6209,10/22/2023 10:46:17,10.57,100,10.58,21344222,JEN,deep
6210,10/22/2023 11:46:17,10.59,100,10.61,21344222,JEN,deep
6211,10/22/2023 12:46:17,10.59,100,10.61,21344222,JEN,deep
6212,10/22/2023 13:46:17,10.6,100,10.62,21344222,JEN,deep
6213,10/22/2023 14:46:17,10.62,100,10.63,21344222,JEN,deep
6214,10/22/2023 15:46:17,10.59,100,10.61,21344222,JEN,deep
6215,10/22/2023 16:46:17,10.58,100,10.59,21344222,JEN,deep
6216,10/22/2023 17:46:17,10.59,100,10.61,21344222,JEN,deep
6217,10/22/2023 18:46:17,10.62,100,10.63,21344222,JEN,deep
6218,10/22/2023 19:46:17,10.59,100,10.61,21344222,JEN,deep
6219,10/22/2023 20:46:17,10.58,100,10.59,21344222,JEN,deep
6220,10/22/2023 21:46:17,10.64,100,10.65,21344222,JEN,deep
6221,10/22/2023 22:46:17,10.63,100,10.64,21344222,JEN,deep
6222,10/22/2023 23:46:17,10.59,100,10.61,21344222,JEN,deep
6223,10/23/2023 00:46:17,10.6,100,10.62,21344222,JEN,deep
6224,10/23/2023 01:46:17,10.6,100,10.62,21344222,JEN,deep
6225,10/23/2023 02:46:17,10.6,100,10.62,21344222,JEN,deep
6226,10/23/2023 03:46:17,10.59,100,10.61,21344222,JEN,deep
6227,10/23/2023 04:46:17,10.62,100,10.63,21344222,JEN,deep
6228,10/23/2023 05:46:17,10.6,100,10.62,21344222,JEN,deep
6229,10/23/2023 06:46:17,10.63,100,10.64,21344222,JEN,deep
6230,10/23/2023 07:46:17,10.59,100,10.61,21344222,JEN,deep
6231,10/23/2023 08:46:17,10.59,100,10.61,21344222,JEN,deep
6232,10/23/2023 09:46:17,10.59,100,10.61,21344222,JEN,deep
6233,10/23/2023 10:46:17,10.59,100,10.61,21344222,JEN,deep
6234,10/23/2023 11:46:17,10.62,100,10.63,21344222,JEN,deep
6235,10/23/2023 12:46:17,10.55,100,10.56,21344222,JEN,deep
6236,10/23/2023 13:46:17,10.59,100,10.61,21344222,JEN,deep
6237,10/23/2023 14:46:17,10.59,100,10.61,21344222,JEN,deep
6238,10/23/2023 15:46:17,10.58,100,10.59,21344222,JEN,deep
6239,10/23/2023 16:46:17,10.59,100,10.61,21344222,JEN,deep
6240,10/23/2023 17:46:17,10.56,100,10.57,21344222,JEN,deep
6241,10/23/2023 18:46:17,10.57,100,10.58,21344222,JEN,deep
6242,10/23/2023 19:46:17,10.57,100,10.58,21344222,JEN,deep
6243,10/23/2023 20:46:17,10.56,100,10.57,21344222,JEN,deep
6244,10/23/2023 21:46:17,10.6,100,10.62,21344222,JEN,deep
6245,10/23/2023 22:46:17,10.6,100,10.62,21344222,JEN,deep
6246,10/23/2023 23:46:17,10.59,100,10.61,21344222,JEN,deep
6247,10/24/2023 00:46:17,10.62,100,10.63,21344222,JEN,deep
6248,10/24/2023 01:46:17,10.59,100,10.61,21344222,JEN,deep
6249,10/24/2023 02:46:17,10.6,100,10.62,21344222,JEN,deep
6250,10/24/2023 03:46:17,10.62,100,10.63,21344222,JEN,deep
6251,10/24/2023 04:46:17,10.6,100,10.62,21344222,JEN,deep
6252,10/24/2023 05:46:17,10.63,100,10.64,21344222,JEN,deep
6253,10/24/2023 06:46:17,10.62,100,10.63,21344222,JEN,deep
6254,10/24/2023 07:46:17,10.62,100,10.63,21344222,JEN,deep
6255,10/24/2023 08:46:17,10.59,100,10.61,21344222,JEN,deep
6256,10/24/2023 09:46:17,10.58,100,10.59,21344222,JEN,deep
6257,10/24/2023 10:46:17,10.6,100,10.62,21344222,JEN,deep
6258,10/24/2023 11:46:17,10.59,100,10.61,21344222,JEN,deep
6259,10/24/2023 12:46:17,10.59,100,10.61,21344222,JEN,deep
6260,10/24/2023 13:46:17,10.59,100,10.61,21344222,JEN,deep
6261,10/24/2023 14:46:17,10.56,100,10.57,21344222,JEN,deep
6262,10/24/2023 15:46:17,10.6,100,10.62,21344222,JEN,deep
6263,10/24/2023 16:46:17,10.56,100,10.57,21344222,JEN,deep
6264,10/24/2023 17:46:17,10.59,100,10.61,21344222,JEN,deep
6265,10/24/2023 18:46:17,10.59,100,10.61,21344222,JEN,deep
6266,10/24/2023 19:46:17,10.59,100,10.61,21344222,JEN,deep
6267,10/24/2023 20:46:17,10.58,100,10.59,21344222,JEN,deep
6268,10/24/2023 21:46:17,10.57,100,10.58,21344222,JEN,deep
6269,10/24/2023 22:46:17,10.58,100,10.59,21344222,JEN,deep
6270,10/24/2023 23:46:17,10.59,100,10.61,21344222,JEN,deep
6271,10/25/2023 00:46:17,10.56,100,10.57,21344222,JEN,deep
6272,10/25/2023 01:46:17,10.56,100,10.57,21344222,JEN,deep
6273,10/25/2023 02:46:17,10.58,100,10.59,21344222,JEN,deep
6274,10/25/2023 03:46:17,10.58,100,10.59,21344222,JEN,deep
6275,10/25/2023 04:46:17,10.6,100,10.62,21344222,JEN,deep
6276,10/25/2023 05:46:17,10.58,100,10.59,21344222,JEN,deep
6277,10/25/2023 06:46:17,10.6,100,10.62,21344222,JEN,deep
6278,10/25/2023 07:46:17,10.6,100,10.62,21344222,JEN,deep
6279,10/25/2023 08:46:17,10.59,100,10.61,21344222,JEN,deep
6280,10/25/2023 09:46:17,10.57,100,10.58,21344222,JEN,deep
6281,10/25/2023 10:46:17,10.58,100,10.59,21344222,JEN,deep
6282,10/25/2023 11:46:17,10.57,100,10.58,21344222,JEN,deep
6283,10/25/2023 12:46:17,10.59,100,10.61,21344222,JEN,deep
6284,10/25/2023 13:46:17,10.59,100,10.61,21344222,JEN,deep
6285,10/25/2023 14:46:17,10.58,100,10.59,21344222,JEN,deep
6286,10/25/2023 15:46:17,10.56,100,10.57,21344222,JEN,deep
6287,10/25/2023 16:46:17,10.57,100,10.58,21344222,JEN,deep
6288,10/25/2023 17:46:17,10.57,100,10.58,21344222,JEN,deep
6289,10/25/2023 18:46:17,10.58,100,10.59,21344222,JEN,deep
6290,10/25/2023 19:46:17,10.62,100,10.63,21344222,JEN,deep
6291,10/25/2023 20:46:17,10.59,100,10.61,21344222,JEN,deep
6292,10/25/2023 21:46:17,10.59,100,10.61,21344222,JEN,deep
6293,10/25/2023 22:46:17,10.6,100,10.62,21344222,JEN,deep
6294,10/25/2023 23:46:17,10.6,100,10.62,21344222,JEN,deep
6295,10/26/2023 00:46:17,10.6,100,10.62,21344222,JEN,deep
6296,10/26/2023 01:46:17,10.6,100,10.62,21344222,JEN,deep
6297,10/26/2023 02:46:17,10.59,100,10.61,21344222,JEN,deep
6298,10/26/2023 03:46:17,10.63,100,10.64,21344222,JEN,deep
6299,10/26/2023 04:46:17,10.62,100,10.63,21344222,JEN,deep
6300,10/26/2023 05:46:17,10.6,100,10.62,21344222,JEN,deep
6301,10/26/2023 06:46:17,10.63,100,10.64,21344222,JEN,deep
6302,10/26/2023 07:46:17,10.63,100,10.64,21344222,JEN,deep
6303,10/26/2023 08:46:17,10.6,100,10.62,21344222,JEN,deep
6304,10/26/2023 09:46:17,10.59,100,10.61,21344222,JEN,deep
6305,10/26/2023 10:46:17,10.62,100,10.63,21344222,JEN,deep
6306,10/26/2023 11:46:17,10.63,100,10.64,21344222,JEN,deep
6307,10/26/2023 12:46:17,10.62,100,10.63,21344222,JEN,deep
6308,10/26/2023 13:46:17,10.62,100,10.63,21344222,JEN,deep
6309,10/26/2023 14:46:17,10.62,100,10.63,21344222,JEN,deep
6310,10/26/2023 15:46:17,10.62,100,10.63,21344222,JEN,deep
6311,10/26/2023 16:46:17,10.64,100,10.65,21344222,JEN,deep
6312,10/26/2023 17:46:17,10.59,100,10.61,21344222,JEN,deep
6313,10/26/2023 18:46:17,10.62,100,10.63,21344222,JEN,deep
6314,10/26/2023 19:46:17,10.6,100,10.62,21344222,JEN,deep
6315,10/26/2023 20:46:17,10.63,100,10.64,21344222,JEN,deep
6316,10/26/2023 21:46:17,10.63,100,10.64,21344222,JEN,deep
6317,10/26/2023 22:46:17,10.65,100,10.66,21344222,JEN,deep
6318,10/26/2023 23:46:17,10.62,100,10.63,21344222,JEN,deep
6319,10/27/2023 00:46:17,10.64,100,10.65,21344222,JEN,deep
6320,10/27/2023 01:46:17,10.64,100,10.65,21344222,JEN,deep
6321,10/27/2023 02:46:17,10.63,100,10.64,21344222,JEN,deep
6322,10/27/2023 03:46:17,10.63,100,10.64,21344222,JEN,deep
6323,10/27/2023 04:46:17,10.65,100,10.66,21344222,JEN,deep
6324,10/27/2023 05:46:17,10.64,100,10.65,21344222,JEN,deep
6325,10/27/2023 06:46:17,10.64,100,10.65,21344222,JEN,deep
6326,10/27/2023 07:46:17,10.63,100,10.64,21344222,JEN,deep
6327,10/27/2023 08:46:17,10.65,100,10.66,21344222,JEN,deep
6328,10/27/2023 09:46:17,10.64,100,10.65,21344222,JEN,deep
6329,10/27/2023 10:46:17,10.64,100,10.65,21344222,JEN,deep
6330,10/27/2023 11:46:17,10.65,100,10.66,21344222,JEN,deep
6331,10/27/2023 12:46:17,10.64,100,10.65,21344222,JEN,deep
6332,10/27/2023 13:46:17,10.63,100,10.64,21344222,JEN,deep
6333,10/27/2023 14:46:17,10.64,100,10.65,21344222,JEN,deep
6334,10/27/2023 15:46:17,10.62,100,10.63,21344222,JEN,deep
6335,10/27/2023 16:46:17,10.64,100,10.65,21344222,JEN,deep
6336,10/27/2023 17:46:17,10.67,100,10.68,21344222,JEN,deep
6337,10/27/2023 18:46:17,10.62,100,10.63,21344222,JEN,deep
6338,10/27/2023 19:46:17,10.63,100,10.64,21344222,JEN,deep
6339,10/27/2023 20:46:17,10.65,100,10.66,21344222,JEN,deep
6340,10/27/2023 21:46:17,10.64,100,10.65,21344222,JEN,deep
6341,10/27/2023 22:46:17,10.66,100,10.67,21344222,JEN,deep
6342,10/27/2023 23:46:17,10.62,100,10.63,21344222,JEN,deep
6343,10/28/2023 00:46:17,10.64,100,10.65,21344222,JEN,deep
6344,10/28/2023 01:46:17,10.64,100,10.65,21344222,JEN,deep
6345,10/28/2023 02:46:17,10.6,100,10.62,21344222,JEN,deep
6346,10/28/2023 03:46:17,10.68,100,10.69,21344222,JEN,deep
6347,10/28/2023 04:46:17,10.62,100,10.63,21344222,JEN,deep
6348,10/28/2023 05:46:17,10.66,100,10.67,21344222,JEN,deep
6349,10/28/2023 06:46:17,10.68,100,10.69,21344222,JEN,deep
6350,10/28/2023 07:46:17,10.65,100,10.66,21344222,JEN,deep
6351,10/28/2023 08:46:17,10.64,100,10.65,21344222,JEN,deep
6352,10/28/2023 09:46:17,10.63,100,10.64,21344222,JEN,deep
6353,10/28/2023 10:46:17,10.63,100,10.64,21344222,JEN,deep
6354,10/28/2023 11:46:17,10.6,100,10.62,21344222,JEN,deep
6355,10/28/2023 12:46:17,10.65,100,10.66,21344222,JEN,deep
6356,10/28/2023 13:46:17,10.63,100,10.64,21344222,JEN,deep
6357,10/28/2023 14:46:17,10.62,100,10.63,21344222,JEN,deep
6358,10/28/2023 15:46:17,10.66,100,10.67,21344222,JEN,deep
6359,10/28/2023 16:46:17,10.6,100,10.62,21344222,JEN,deep
6360,10/28/2023 17:46:17,10.6,100,10.62,21344222,JEN,deep
6361,10/28/2023 18:46:17,10.63,100,10.64,21344222,JEN,deep
6362,10/28/2023 19:46:17,10.64,100,10.65,21344222,JEN,deep
6363,10/28/2023 20:46:17,10.63,100,10.64,21344222,JEN,deep
6364,10/28/2023 21:46:17,10.64,100,10.65,21344222,JEN,deep
6365,10/28/2023 22:46:17,10.58,100,10.59,21344222,JEN,deep
6366,10/28/2023 23:46:17,10.65,100,10.66,21344222,JEN,deep
6367,10/29/2023 00:46:17,10.65,100,10.66,21344222,JEN,deep
6368,10/29/2023 01:46:17,10.64,100,10.65,21344222,JEN,deep
6369,10/29/2023 02:46:17,10.63,100,10.64,21344222,JEN,deep
6370,10/29/2023 03:46:17,10.64,100,10.65,21344222,JEN,deep
6371,10/29/2023 04:46:17,10.64,100,10.65,21344222,JEN,deep
6372,10/29/2023 05:46:17,10.64,100,10.65,21344222,JEN,deep
6373,10/29/2023 06:46:17,10.64,100,10.65,21344222,JEN,deep
6374,10/29/2023 07:46:17,10.63,100,10.64,21344222,JEN,deep
6375,10/29/2023 08:46:17,10.65,100,10.66,21344222,JEN,deep
6376,10/29/2023 09:46:17,10.65,100,10.66,21344222,JEN,deep
6377,10/29/2023 10:46:17,10.6,100,10.62,21344222,JEN,deep
6378,10/29/2023 11:46:17,10.64,100,10.65,21344222,JEN,deep
6379,10/29/2023 12:46:17,10.62,100,10.63,21344222,JEN,deep
6380,10/29/2023 13:46:17,10.62,100,10.63,21344222,JEN,deep
6381,10/29/2023 14:46:17,10.62,100,10.63,21344222,JEN,deep
6382,10/29/2023 15:46:17,10.58,100,10.59,21344222,JEN,deep
6383,10/29/2023 16:46:17,10.63,100,10.64,21344222,JEN,deep
6384,10/29/2023 17:46:17,10.59,100,10.61,21344222,JEN,deep
6385,10/29/2023 18:46:17,10.63,100,10.64,21344222,JEN,deep
6386,10/29/2023 19:46:17,10.59,100,10.61,21344222,JEN,deep
6387,10/29/2023 20:46:17,10.63,100,10.64,21344222,JEN,deep
6388,10/29/2023 21:46:17,10.62,100,10.63,21344222,JEN,deep
6389,10/29/2023 22:46:17,10.6,100,10.62,21344222,JEN,deep
6390,10/29/2023 23:46:17,10.58,100,10.59,21344222,JEN,deep
6391,10/30/2023 00:46:17,10.6,100,10.62,21344222,JEN,deep
6392,10/30/2023 01:46:17,10.6,100,10.62,21344222,JEN,deep
6393,10/30/2023 02:46:17,10.6,100,10.62,21344222,JEN,deep
6394,10/30/2023 03:46:17,10.64,100,10.65,21344222,JEN,deep
6395,10/30/2023 04:46:17,10.58,100,10.59,21344222,JEN,deep
6396,10/30/2023 05:46:17,10.65,100,10.66,21344222,JEN,deep
6397,10/30/2023 06:46:17,10.63,100,10.64,21344222,JEN,deep
6398,10/30/2023 07:46:17,10.6,100,10.62,21344222,JEN,deep
6399,10/30/2023 08:46:17,10.59,100,10.61,21344222,JEN,deep
6400,10/30/2023 09:46:17,10.57,100,10.58,21344222,JEN,deep
6401,10/30/2023 10:46:17,10.59,100,10.61,21344222,JEN,deep
6402,10/30/2023 11:46:17,10.58,100,10.59,21344222,JEN,deep
6403,10/30/2023 12:46:17,10.59,100,10.61,21344222,JEN,deep
6404,10/30/2023 13:46:17,10.57,100,10.58,21344222,JEN,deep
6405,10/30/2023 14:46:17,10.57,100,10.58,21344222,JEN,deep
6406,10/30/2023 15:46:17,10.57,100,10.58,21344222,JEN,deep
6407,10/30/2023 16:46:17,10.59,100,10.61,21344222,JEN,deep
6408,10/30/2023 17:46:17,10.58,100,10.59,21344222,JEN,deep
6409,10/30/2023 18:46:17,10.58,100,10.59,21344222,JEN,deep
6410,10/30/2023 19:46:17,10.56,100,10.57,21344222,JEN,deep
6411,10/30/2023 20:46:17,10.58,100,10.59,21344222,JEN,deep
6412,10/30/2023 21:46:17,10.58,100,10.59,21344222,JEN,deep
6413,10/30/2023 22:46:17,10.6,100,10.62,21344222,JEN,deep
6414,10/30/2023 23:46:17,10.6,100,10.62,21344222,JEN,deep
6415,10/31/2023 00:46:17,10.6,100,10.62,21344222,JEN,deep
6416,10/31/2023 01:46:17,10.56,100,10.57,21344222,JEN,deep
6417,10/31/2023 02:46:17,10.58,100,10.59,21344222,JEN,deep
6418,10/31/2023 03:46:17,10.59,100,10.61,21344222,JEN,deep
6419,10/31/2023 04:46:17,10.59,100,10.61,21344222,JEN,deep
6420,10/31/2023 05:46:17,10.58,100,10.59,21344222,JEN,deep
6421,10/31/2023 06:46:17,10.59,100,10.61,21344222,JEN,deep
6422,10/31/2023 07:46:17,10.58,100,10.59,21344222,JEN,deep
6423,10/31/2023 08:46:17,10.59,100,10.61,21344222,JEN,deep
6424,10/31/2023 09:46:17,10.58,100,10.59,21344222,JEN,deep
6425,10/31/2023 10:46:17,10.57,100,10.58,21344222,JEN,deep
6426,10/31/2023 11:46:17,10.59,100,10.61,21344222,JEN,deep
6427,10/31/2023 12:46:17,10.59,100,10.61,21344222,JEN,deep
6428,10/31/2023 13:46:17,10.58,100,10.59,21344222,JEN,deep
6429,10/31/2023 14:46:17,10.58,100,10.59,21344222,JEN,deep
6430,10/31/2023 15:46:17,10.58,100,10.59,21344222,JEN,deep
6431,10/31/2023 16:46:17,10.58,100,10.59,21344222,JEN,deep
6432,10/31/2023 17:46:17,10.59,100,10.61,21344222,JEN,deep
6433,10/31/2023 18:46:17,10.6,100,10.62,21344222,JEN,deep
6434,10/31/2023 19:46:17,10.62,100,10.63,21344222,JEN,deep
6435,10/31/2023 20:46:17,10.62,100,10.63,21344222,JEN,deep
6436,10/31/2023 21:46:17,10.6,100,10.62,21344222,JEN,deep
6437,10/31/2023 22:46:17,10.63,100,10.64,21344222,JEN,deep
6438,10/31/2023 23:46:17,10.64,100,10.65,21344222,JEN,deep
6439,11/1/2023 0:46,10.59,100,10.61,21344222,JEN,deep
6440,11/1/2023 1:46,10.59,100,10.61,21344222,JEN,deep
6441,11/1/2023 2:46,10.63,100,10.64,21344222,JEN,deep
6442,11/1/2023 3:46,10.62,100,10.63,21344222,JEN,deep
6443,11/1/2023 4:46,10.59,100,10.61,21344222,JEN,deep
6444,11/1/2023 5:46,10.6,100,10.62,21344222,JEN,deep
6445,11/1/2023 6:46,10.64,100,10.65,21344222,JEN,deep
6446,11/1/2023 7:46,10.62,100,10.63,21344222,JEN,deep
6447,11/1/2023 8:46,10.59,100,10.61,21344222,JEN,deep
6448,11/1/2023 9:46,10.6,100,10.62,21344222,JEN,deep
6449,11/1/2023 10:46,10.59,100,10.61,21344222,JEN,deep
6450,11/1/2023 11:46,10.59,100,10.61,21344222,JEN,deep
6451,11/1/2023 12:46,10.6,100,10.62,21344222,JEN,deep
6452,11/1/2023 13:46,10.6,100,10.62,21344222,JEN,deep
6453,11/1/2023 14:46,10.58,100,10.59,21344222,JEN,deep
6454,11/1/2023 15:46,10.62,100,10.63,21344222,JEN,deep
6455,11/1/2023 16:46,10.6,100,10.62,21344222,JEN,deep
6456,11/1/2023 17:46,10.59,100,10.61,21344222,JEN,deep
6457,11/1/2023 18:46,10.57,100,10.58,21344222,JEN,deep
6458,11/1/2023 19:46,10.58,100,10.59,21344222,JEN,deep
6459,11/1/2023 20:46,10.56,100,10.57,21344222,JEN,deep
6460,11/1/2023 21:46,10.62,100,10.63,21344222,JEN,deep
6461,11/1/2023 22:46,10.62,100,10.63,21344222,JEN,deep
6462,11/1/2023 23:46,10.58,100,10.59,21344222,JEN,deep
6463,11/2/2023 0:46,10.59,100,10.61,21344222,JEN,deep
6464,11/2/2023 1:46,10.62,100,10.63,21344222,JEN,deep
6465,11/2/2023 2:46,10.6,100,10.62,21344222,JEN,deep
6466,11/2/2023 3:46,10.59,100,10.61,21344222,JEN,deep
6467,11/2/2023 4:46,10.63,100,10.64,21344222,JEN,deep
6468,11/2/2023 5:46,10.6,100,10.62,21344222,JEN,deep
6469,11/2/2023 6:46,10.59,100,10.61,21344222,JEN,deep
6470,11/2/2023 7:46,10.59,100,10.61,21344222,JEN,deep
6471,11/2/2023 8:46,10.59,100,10.61,21344222,JEN,deep
6472,11/2/2023 9:46,10.63,100,10.64,21344222,JEN,deep
6473,11/2/2023 10:46,10.56,100,10.57,21344222,JEN,deep
6474,11/2/2023 11:46,10.59,100,10.61,21344222,JEN,deep
6475,11/2/2023 12:46,10.58,100,10.59,21344222,JEN,deep
6476,11/2/2023 13:46,10.57,100,10.58,21344222,JEN,deep
6477,11/2/2023 14:46,10.59,100,10.61,21344222,JEN,deep
6478,11/2/2023 15:46,10.59,100,10.61,21344222,JEN,deep
6479,11/2/2023 16:46,10.58,100,10.59,21344222,JEN,deep
6480,11/2/2023 17:46,10.59,100,10.61,21344222,JEN,deep
6481,11/2/2023 18:46,10.6,100,10.62,21344222,JEN,deep
6482,11/2/2023 19:46,10.59,100,10.61,21344222,JEN,deep
6483,11/2/2023 20:46,10.6,100,10.62,21344222,JEN,deep
6484,11/2/2023 21:46,10.6,100,10.62,21344222,JEN,deep
6485,11/2/2023 22:46,10.58,100,10.59,21344222,JEN,deep
6486,11/2/2023 23:46,10.57,100,10.58,21344222,JEN,deep
6487,11/3/2023 0:46,10.58,100,10.59,21344222,JEN,deep
6488,11/3/2023 1:46,10.56,100,10.57,21344222,JEN,deep
6489,11/3/2023 2:46,10.59,100,10.61,21344222,JEN,deep
6490,11/3/2023 3:46,10.58,100,10.59,21344222,JEN,deep
6491,11/3/2023 4:46,10.64,100,10.65,21344222,JEN,deep
6492,11/3/2023 5:46,10.58,100,10.59,21344222,JEN,deep
6493,11/3/2023 6:46,10.59,100,10.61,21344222,JEN,deep
6494,11/3/2023 7:46,10.58,100,10.59,21344222,JEN,deep
6495,11/3/2023 8:46,10.56,100,10.57,21344222,JEN,deep
6496,11/3/2023 9:46,10.59,100,10.61,21344222,JEN,deep
6497,11/3/2023 10:46,10.58,100,10.59,21344222,JEN,deep
6498,11/3/2023 11:46,10.59,100,10.61,21344222,JEN,deep
6499,11/3/2023 12:46,10.57,100,10.58,21344222,JEN,deep
6500,11/3/2023 13:46,10.57,100,10.58,21344222,JEN,deep
6501,11/3/2023 14:46,10.58,100,10.59,21344222,JEN,deep
6502,11/3/2023 15:46,10.59,100,10.61,21344222,JEN,deep
6503,11/3/2023 16:46,10.58,100,10.59,21344222,JEN,deep
6504,11/3/2023 17:46,10.57,100,10.58,21344222,JEN,deep
6505,11/3/2023 18:46,10.59,100,10.61,21344222,JEN,deep
6506,11/3/2023 19:46,10.55,100,10.56,21344222,JEN,deep
6507,11/3/2023 20:46,10.59,100,10.61,21344222,JEN,deep
6508,11/3/2023 21:46,10.59,100,10.61,21344222,JEN,deep
6509,11/3/2023 22:46,10.56,100,10.57,21344222,JEN,deep
6510,11/3/2023 23:46,10.58,100,10.59,21344222,JEN,deep
6511,11/4/2023 0:46,10.58,100,10.59,21344222,JEN,deep
6512,11/4/2023 1:46,10.58,100,10.59,21344222,JEN,deep
6513,11/4/2023 2:46,10.58,100,10.59,21344222,JEN,deep
6514,11/4/2023 3:46,10.58,100,10.59,21344222,JEN,deep
6515,11/4/2023 4:46,10.56,100,10.57,21344222,JEN,deep
6516,11/4/2023 5:46,10.59,100,10.61,21344222,JEN,deep
6517,11/4/2023 6:46,10.57,100,10.58,21344222,JEN,deep
6518,11/4/2023 7:46,10.56,100,10.57,21344222,JEN,deep
6519,11/4/2023 8:46,10.6,100,10.62,21344222,JEN,deep
6520,11/4/2023 9:46,10.57,100,10.58,21344222,JEN,deep
6521,11/4/2023 10:46,10.56,100,10.57,21344222,JEN,deep
6522,11/4/2023 11:46,10.58,100,10.59,21344222,JEN,deep
6523,11/4/2023 12:46,10.59,100,10.61,21344222,JEN,deep
6524,11/4/2023 13:46,10.58,100,10.59,21344222,JEN,deep
6525,11/4/2023 14:46,10.57,100,10.58,21344222,JEN,deep
6526,11/4/2023 15:46,10.56,100,10.57,21344222,JEN,deep
6527,11/4/2023 16:46,10.55,100,10.56,21344222,JEN,deep
6528,11/4/2023 17:46,10.58,100,10.59,21344222,JEN,deep
6529,11/4/2023 18:46,10.58,100,10.59,21344222,JEN,deep
6530,11/4/2023 19:46,10.59,100,10.61,21344222,JEN,deep
6531,11/4/2023 20:46,10.56,100,10.57,21344222,JEN,deep
6532,11/4/2023 21:46,10.59,100,10.61,21344222,JEN,deep
6533,11/4/2023 22:46,10.59,100,10.61,21344222,JEN,deep
6534,11/4/2023 23:46,10.59,100,10.61,21344222,JEN,deep
6535,11/5/2023 0:46,10.58,100,10.59,21344222,JEN,deep
6536,11/5/2023 1:46,10.62,100,10.63,21344222,JEN,deep
6537,11/5/2023 2:46,10.62,100,10.63,21344222,JEN,deep
6538,11/5/2023 3:46,10.59,100,10.61,21344222,JEN,deep
6539,11/5/2023 4:46,10.59,100,10.61,21344222,JEN,deep
6540,11/5/2023 5:46,10.59,100,10.61,21344222,JEN,deep
6541,11/5/2023 6:46,10.58,100,10.59,21344222,JEN,deep
6542,11/5/2023 7:46,10.6,100,10.62,21344222,JEN,deep
6543,11/5/2023 8:46,10.57,100,10.58,21344222,JEN,deep
6544,11/5/2023 9:46,10.63,100,10.64,21344222,JEN,deep
6545,11/5/2023 10:46,10.56,100,10.57,21344222,JEN,deep
6546,11/5/2023 11:46,10.59,100,10.61,21344222,JEN,deep
6547,11/5/2023 12:46,10.59,100,10.61,21344222,JEN,deep
6548,11/5/2023 13:46,10.59,100,10.61,21344222,JEN,deep
6549,11/5/2023 14:46,10.59,100,10.61,21344222,JEN,deep
6550,11/5/2023 15:46,10.58,100,10.59,21344222,JEN,deep
6551,11/5/2023 16:46,10.57,100,10.58,21344222,JEN,deep
6552,11/5/2023 17:46,10.58,100,10.59,21344222,JEN,deep
6553,11/5/2023 18:46,10.62,100,10.63,21344222,JEN,deep
6554,11/5/2023 19:46,10.6,100,10.62,21344222,JEN,deep
6555,11/5/2023 20:46,10.59,100,10.61,21344222,JEN,deep
6556,11/5/2023 21:46,10.58,100,10.59,21344222,JEN,deep
6557,11/5/2023 22:46,10.59,100,10.61,21344222,JEN,deep
6558,11/5/2023 23:46,10.59,100,10.61,21344222,JEN,deep
6559,11/6/2023 0:46,10.58,100,10.59,21344222,JEN,deep
6560,11/6/2023 1:46,10.58,100,10.59,21344222,JEN,deep
6561,11/6/2023 2:46,10.58,100,10.59,21344222,JEN,deep
6562,11/6/2023 3:46,10.58,100,10.59,21344222,JEN,deep
6563,11/6/2023 4:46,10.59,100,10.61,21344222,JEN,deep
6564,11/6/2023 5:46,10.59,100,10.61,21344222,JEN,deep
6565,11/6/2023 6:46,10.62,100,10.63,21344222,JEN,deep
6566,11/6/2023 7:46,10.64,100,10.65,21344222,JEN,deep
6567,11/6/2023 8:46,10.6,100,10.62,21344222,JEN,deep
6568,11/6/2023 9:46,10.6,100,10.62,21344222,JEN,deep
6569,11/6/2023 10:46,10.59,100,10.61,21344222,JEN,deep
6570,11/6/2023 11:46,10.59,100,10.61,21344222,JEN,deep
6571,11/6/2023 12:46,10.58,100,10.59,21344222,JEN,deep
6572,11/6/2023 13:46,10.57,100,10.58,21344222,JEN,deep
6573,11/6/2023 14:46,10.62,100,10.63,21344222,JEN,deep
6574,11/6/2023 15:46,10.57,100,10.58,21344222,JEN,deep
6575,11/6/2023 16:46,10.57,100,10.58,21344222,JEN,deep
6576,11/6/2023 17:46,10.56,100,10.57,21344222,JEN,deep
6577,11/6/2023 18:46,10.58,100,10.59,21344222,JEN,deep
6578,11/6/2023 19:46,10.56,100,10.57,21344222,JEN,deep
6579,11/6/2023 20:46,10.57,100,10.58,21344222,JEN,deep
6580,11/6/2023 21:46,10.59,100,10.61,21344222,JEN,deep
6581,11/6/2023 22:46,10.57,100,10.58,21344222,JEN,deep
6582,11/6/2023 23:46,10.59,100,10.61,21344222,JEN,deep
6583,11/7/2023 0:46,10.58,100,10.59,21344222,JEN,deep
6584,11/7/2023 1:46,10.56,100,10.57,21344222,JEN,deep
6585,11/7/2023 2:46,10.58,100,10.59,21344222,JEN,deep
6586,11/7/2023 3:46,10.56,100,10.57,21344222,JEN,deep
6587,11/7/2023 4:46,10.59,100,10.61,21344222,JEN,deep
6588,11/7/2023 5:46,10.57,100,10.58,21344222,JEN,deep
6589,11/7/2023 6:46,10.6,100,10.62,21344222,JEN,deep
6590,11/7/2023 7:46,10.59,100,10.61,21344222,JEN,deep
6591,11/7/2023 8:46,10.6,100,10.62,21344222,JEN,deep
6592,11/7/2023 9:46,10.56,100,10.57,21344222,JEN,deep
6593,11/7/2023 10:46,10.59,100,10.61,21344222,JEN,deep
6594,11/7/2023 11:46,10.56,100,10.57,21344222,JEN,deep
6595,11/7/2023 12:46,10.55,100,10.56,21344222,JEN,deep
6596,11/7/2023 13:46,10.56,100,10.57,21344222,JEN,deep
6597,11/7/2023 14:46,10.56,100,10.57,21344222,JEN,deep
6598,11/7/2023 15:46,10.58,100,10.59,21344222,JEN,deep
6599,11/7/2023 16:46,10.56,100,10.57,21344222,JEN,deep
6600,11/7/2023 17:46,10.58,100,10.59,21344222,JEN,deep
6601,11/7/2023 18:46,10.58,100,10.59,21344222,JEN,deep
6602,11/7/2023 19:46,10.58,100,10.59,21344222,JEN,deep
6603,11/7/2023 20:46,10.56,100,10.57,21344222,JEN,deep
6604,11/7/2023 21:46,10.56,100,10.57,21344222,JEN,deep
6605,11/7/2023 22:46,10.58,100,10.59,21344222,JEN,deep
6606,11/7/2023 23:46,10.6,100,10.62,21344222,JEN,deep
6607,11/8/2023 0:46,10.55,100,10.56,21344222,JEN,deep
6608,11/8/2023 1:46,10.57,100,10.58,21344222,JEN,deep
6609,11/8/2023 2:46,10.57,100,10.58,21344222,JEN,deep
6610,11/8/2023 3:46,10.56,100,10.57,21344222,JEN,deep
6611,11/8/2023 4:46,10.59,100,10.61,21344222,JEN,deep
6612,11/8/2023 5:46,10.57,100,10.58,21344222,JEN,deep
6613,11/8/2023 6:46,10.59,100,10.61,21344222,JEN,deep
6614,11/8/2023 7:46,10.58,100,10.59,21344222,JEN,deep
6615,11/8/2023 8:46,10.57,100,10.58,21344222,JEN,deep
6616,11/8/2023 9:46,10.56,100,10.57,21344222,JEN,deep
6617,11/8/2023 10:46,10.59,100,10.61,21344222,JEN,deep
6618,11/8/2023 11:46,10.57,100,10.58,21344222,JEN,deep
6619,11/8/2023 12:46,10.56,100,10.57,21344222,JEN,deep
6620,11/8/2023 13:46,10.57,100,10.58,21344222,JEN,deep
6621,11/8/2023 14:46,10.56,100,10.57,21344222,JEN,deep
6622,11/8/2023 15:46,10.56,100,10.57,21344222,JEN,deep
6623,11/8/2023 16:46,10.57,100,10.58,21344222,JEN,deep
6624,11/8/2023 17:46,10.57,100,10.58,21344222,JEN,deep
6625,11/8/2023 18:46,10.57,100,10.58,21344222,JEN,deep
6626,11/8/2023 19:46,10.58,100,10.59,21344222,JEN,deep
6627,11/8/2023 20:46,10.57,100,10.58,21344222,JEN,deep
6628,11/8/2023 21:46,10.56,100,10.57,21344222,JEN,deep
6629,11/8/2023 22:46,10.58,100,10.59,21344222,JEN,deep
6630,11/8/2023 23:46,10.56,100,10.57,21344222,JEN,deep
6631,11/9/2023 0:46,10.59,100,10.61,21344222,JEN,deep
6632,11/9/2023 1:46,10.56,100,10.57,21344222,JEN,deep
6633,11/9/2023 2:46,10.57,100,10.58,21344222,JEN,deep
6634,11/9/2023 3:46,10.59,100,10.61,21344222,JEN,deep
6635,11/9/2023 4:46,10.55,100,10.56,21344222,JEN,deep
6636,11/9/2023 5:46,10.58,100,10.59,21344222,JEN,deep
6637,11/9/2023 6:46,10.59,100,10.61,21344222,JEN,deep
6638,11/9/2023 7:46,10.55,100,10.56,21344222,JEN,deep
6639,11/9/2023 8:46,10.58,100,10.59,21344222,JEN,deep
6640,11/9/2023 9:46,10.58,100,10.59,21344222,JEN,deep
6641,11/9/2023 10:46,10.56,100,10.57,21344222,JEN,deep
6642,11/9/2023 11:46,10.56,100,10.57,21344222,JEN,deep
6643,11/9/2023 12:46,10.58,100,10.59,21344222,JEN,deep
6644,11/9/2023 13:46,10.58,100,10.59,21344222,JEN,deep
6645,11/9/2023 14:46,10.56,100,10.57,21344222,JEN,deep
6646,11/9/2023 15:46,10.54,100,10.55,21344222,JEN,deep
6647,11/9/2023 16:46,10.55,100,10.56,21344222,JEN,deep
6648,11/9/2023 17:46,10.57,100,10.58,21344222,JEN,deep
6649,11/9/2023 18:46,10.56,100,10.57,21344222,JEN,deep
6650,11/9/2023 19:46,10.56,100,10.57,21344222,JEN,deep
6651,11/9/2023 20:46,10.59,100,10.61,21344222,JEN,deep
6652,11/9/2023 21:46,10.58,100,10.59,21344222,JEN,deep
6653,11/9/2023 22:46,10.55,100,10.56,21344222,JEN,deep
6654,11/9/2023 23:46,10.55,100,10.56,21344222,JEN,deep
6655,11/10/2023 0:46,10.56,100,10.57,21344222,JEN,deep
6656,11/10/2023 1:46,10.57,100,10.58,21344222,JEN,deep
6657,11/10/2023 2:46,10.59,100,10.61,21344222,JEN,deep
6658,11/10/2023 3:46,10.55,100,10.56,21344222,JEN,deep
6659,11/10/2023 4:46,10.55,100,10.56,21344222,JEN,deep
6660,11/10/2023 5:46,10.56,100,10.57,21344222,JEN,deep
6661,11/10/2023 6:46,10.55,100,10.56,21344222,JEN,deep
6662,11/10/2023 7:46,10.59,100,10.61,21344222,JEN,deep
6663,11/10/2023 8:46,10.56,100,10.57,21344222,JEN,deep
6664,11/10/2023 9:46,10.55,100,10.56,21344222,JEN,deep
6665,11/10/2023 10:46,10.57,100,10.58,21344222,JEN,deep
6666,11/10/2023 11:46,10.55,100,10.56,21344222,JEN,deep
6667,11/10/2023 12:46,10.55,100,10.56,21344222,JEN,deep
6668,11/10/2023 13:46,10.55,100,10.56,21344222,JEN,deep
6669,11/10/2023 14:46,10.57,100,10.58,21344222,JEN,deep
6670,11/10/2023 15:46,10.55,100,10.56,21344222,JEN,deep
6671,11/10/2023 16:46,10.53,100,10.54,21344222,JEN,deep
6672,11/10/2023 17:46,10.57,100,10.58,21344222,JEN,deep
6673,11/10/2023 18:46,10.55,100,10.56,21344222,JEN,deep
6674,11/10/2023 19:46,10.58,100,10.59,21344222,JEN,deep
6675,11/10/2023 20:46,10.59,100,10.61,21344222,JEN,deep
6676,11/10/2023 21:46,10.58,100,10.59,21344222,JEN,deep
6677,11/10/2023 22:46,10.54,100,10.55,21344222,JEN,deep
6678,11/10/2023 23:46,10.55,100,10.56,21344222,JEN,deep
6679,11/11/2023 0:46,10.56,100,10.57,21344222,JEN,deep
6680,11/11/2023 1:46,10.55,100,10.56,21344222,JEN,deep
6681,11/11/2023 2:46,10.56,100,10.57,21344222,JEN,deep
6682,11/11/2023 3:46,10.58,100,10.59,21344222,JEN,deep
6683,11/11/2023 4:46,10.59,100,10.61,21344222,JEN,deep
6684,11/11/2023 5:46,10.55,100,10.56,21344222,JEN,deep
6685,11/11/2023 6:46,10.53,100,10.54,21344222,JEN,deep
6686,11/11/2023 7:46,10.57,100,10.58,21344222,JEN,deep
6687,11/11/2023 8:46,10.57,100,10.58,21344222,JEN,deep
6688,11/11/2023 9:46,10.55,100,10.56,21344222,JEN,deep
6689,11/11/2023 10:46,10.56,100,10.57,21344222,JEN,deep
6690,11/11/2023 11:46,10.55,100,10.56,21344222,JEN,deep
6691,11/11/2023 12:46,10.53,100,10.54,21344222,JEN,deep
6692,11/11/2023 13:46,10.57,100,10.58,21344222,JEN,deep
6693,11/11/2023 14:46,10.52,100,10.53,21344222,JEN,deep
6694,11/11/2023 15:46,10.53,100,10.54,21344222,JEN,deep
6695,11/11/2023 16:46,10.56,100,10.57,21344222,JEN,deep
6696,11/11/2023 17:46,10.55,100,10.56,21344222,JEN,deep
6697,11/11/2023 18:46,10.56,100,10.57,21344222,JEN,deep
6698,11/11/2023 19:46,10.55,100,10.56,21344222,JEN,deep
6699,11/11/2023 20:46,10.53,100,10.54,21344222,JEN,deep
6700,11/11/2023 21:46,10.54,100,10.55,21344222,JEN,deep
6701,11/11/2023 22:46,10.53,100,10.54,21344222,JEN,deep
6702,11/11/2023 23:46,10.56,100,10.57,21344222,JEN,deep
6703,11/12/2023 0:46,10.53,100,10.54,21344222,JEN,deep
6704,11/12/2023 1:46,10.55,100,10.56,21344222,JEN,deep
6705,11/12/2023 2:46,10.55,100,10.56,21344222,JEN,deep
6706,11/12/2023 3:46,10.51,100,10.52,21344222,JEN,deep
6707,11/12/2023 4:46,10.54,100,10.55,21344222,JEN,deep
6708,11/12/2023 5:46,10.54,100,10.55,21344222,JEN,deep
6709,11/12/2023 6:46,10.58,100,10.59,21344222,JEN,deep
6710,11/12/2023 7:46,10.56,100,10.57,21344222,JEN,deep
6711,11/12/2023 8:46,10.55,100,10.56,21344222,JEN,deep
6712,11/12/2023 9:46,10.55,100,10.56,21344222,JEN,deep
6713,11/12/2023 10:46,10.55,100,10.56,21344222,JEN,deep
6714,11/12/2023 11:46,10.52,100,10.53,21344222,JEN,deep
6715,11/12/2023 12:46,10.55,100,10.56,21344222,JEN,deep
6716,11/12/2023 13:46,10.52,100,10.53,21344222,JEN,deep
6717,11/12/2023 14:46,10.5,100,10.51,21344222,JEN,deep
6718,11/12/2023 15:46,10.55,100,10.56,21344222,JEN,deep
6719,11/12/2023 16:46,10.55,100,10.56,21344222,JEN,deep
6720,11/12/2023 17:46,10.54,100,10.55,21344222,JEN,deep
6721,11/12/2023 18:46,10.53,100,10.54,21344222,JEN,deep
6722,11/12/2023 19:46,10.54,100,10.55,21344222,JEN,deep
6723,11/12/2023 20:46,10.55,100,10.56,21344222,JEN,deep
6724,11/12/2023 21:46,10.55,100,10.56,21344222,JEN,deep
6725,11/12/2023 22:46,10.55,100,10.56,21344222,JEN,deep
6726,11/12/2023 23:46,10.56,100,10.57,21344222,JEN,deep
6727,11/13/2023 00:46:17,10.55,100,10.56,21344222,JEN,deep
6728,11/13/2023 01:46:17,10.57,100,10.58,21344222,JEN,deep
6729,11/13/2023 02:46:17,10.56,100,10.57,21344222,JEN,deep
6730,11/13/2023 03:46:17,10.56,100,10.57,21344222,JEN,deep
6731,11/13/2023 04:46:17,10.56,100,10.57,21344222,JEN,deep
6732,11/13/2023 05:46:17,10.57,100,10.58,21344222,JEN,deep
6733,11/13/2023 06:46:17,10.55,100,10.56,21344222,JEN,deep
6734,11/13/2023 07:46:17,10.55,100,10.56,21344222,JEN,deep
6735,11/13/2023 08:46:17,10.56,100,10.57,21344222,JEN,deep
6736,11/13/2023 09:46:17,10.56,100,10.57,21344222,JEN,deep
6737,11/13/2023 10:46:17,10.56,100,10.57,21344222,JEN,deep
6738,11/13/2023 11:46:17,10.52,100,10.53,21344222,JEN,deep
6739,11/13/2023 12:46:17,10.55,100,10.56,21344222,JEN,deep
6740,11/13/2023 13:46:17,10.56,100,10.57,21344222,JEN,deep
6741,11/13/2023 14:46:17,10.54,100,10.55,21344222,JEN,deep
6742,11/13/2023 15:46:17,10.55,100,10.56,21344222,JEN,deep
6743,11/13/2023 16:46:17,10.55,100,10.56,21344222,JEN,deep
6744,11/13/2023 17:46:17,10.57,100,10.58,21344222,JEN,deep
6745,11/13/2023 18:46:17,10.54,100,10.55,21344222,JEN,deep
6746,11/13/2023 19:46:17,10.57,100,10.58,21344222,JEN,deep
6747,11/13/2023 20:46:17,10.55,100,10.56,21344222,JEN,deep
6748,11/13/2023 21:46:17,10.55,100,10.56,21344222,JEN,deep
6749,11/13/2023 22:46:17,10.55,100,10.56,21344222,JEN,deep
6750,11/13/2023 23:46:17,10.55,100,10.56,21344222,JEN,deep
6751,11/14/2023 00:46:17,10.56,100,10.57,21344222,JEN,deep
6752,11/14/2023 01:46:17,10.55,100,10.56,21344222,JEN,deep
6753,11/14/2023 02:46:17,10.56,100,10.57,21344222,JEN,deep
6754,11/14/2023 03:46:17,10.56,100,10.57,21344222,JEN,deep
6755,11/14/2023 04:46:17,10.55,100,10.56,21344222,JEN,deep
6756,11/14/2023 05:46:17,10.57,100,10.58,21344222,JEN,deep
6757,11/14/2023 06:46:17,10.55,100,10.56,21344222,JEN,deep
6758,11/14/2023 07:46:17,10.54,100,10.55,21344222,JEN,deep
6759,11/14/2023 08:46:17,10.56,100,10.57,21344222,JEN,deep
6760,11/14/2023 09:46:17,10.55,100,10.56,21344222,JEN,deep
6761,11/14/2023 10:46:17,10.53,100,10.54,21344222,JEN,deep
6762,11/14/2023 11:46:17,10.56,100,10.57,21344222,JEN,deep
6763,11/14/2023 12:46:17,10.55,100,10.56,21344222,JEN,deep
6764,11/14/2023 13:46:17,10.53,100,10.54,21344222,JEN,deep
6765,11/14/2023 14:46:17,10.52,100,10.53,21344222,JEN,deep
6766,11/14/2023 15:46:17,10.55,100,10.56,21344222,JEN,deep
6767,11/14/2023 16:46:17,10.56,100,10.57,21344222,JEN,deep
6768,11/14/2023 17:46:17,10.53,100,10.54,21344222,JEN,deep
6769,11/14/2023 18:46:17,10.56,100,10.57,21344222,JEN,deep
6770,11/14/2023 19:46:17,10.55,100,10.56,21344222,JEN,deep
6771,11/14/2023 20:46:17,10.55,100,10.56,21344222,JEN,deep
6772,11/14/2023 21:46:17,10.56,100,10.57,21344222,JEN,deep
6773,11/14/2023 22:46:17,10.53,100,10.54,21344222,JEN,deep
6774,11/14/2023 23:46:17,10.55,100,10.56,21344222,JEN,deep
6775,11/15/2023 00:46:17,10.56,100,10.57,21344222,JEN,deep
6776,11/15/2023 01:46:17,10.54,100,10.55,21344222,JEN,deep
6777,11/15/2023 02:46:17,10.55,100,10.56,21344222,JEN,deep
6778,11/15/2023 03:46:17,10.53,100,10.54,21344222,JEN,deep
6779,11/15/2023 04:46:17,10.56,100,10.57,21344222,JEN,deep
6780,11/15/2023 05:46:17,10.55,100,10.56,21344222,JEN,deep
6781,11/15/2023 06:46:17,10.54,100,10.55,21344222,JEN,deep
6782,11/15/2023 07:46:17,10.57,100,10.58,21344222,JEN,deep
6783,11/15/2023 08:46:17,10.53,100,10.54,21344222,JEN,deep
6784,11/15/2023 09:46:17,10.57,100,10.58,21344222,JEN,deep
6785,11/15/2023 10:46:17,10.58,100,10.59,21344222,JEN,deep
6786,11/15/2023 11:46:17,10.54,100,10.55,21344222,JEN,deep
6787,11/15/2023 12:46:17,10.54,100,10.55,21344222,JEN,deep
6788,11/15/2023 13:46:17,10.55,100,10.56,21344222,JEN,deep
6789,11/15/2023 14:46:17,10.52,100,10.53,21344222,JEN,deep
6790,11/15/2023 15:46:17,10.55,100,10.56,21344222,JEN,deep
6791,11/15/2023 16:46:17,10.53,100,10.54,21344222,JEN,deep
6792,11/15/2023 17:46:17,10.55,100,10.56,21344222,JEN,deep
6793,11/15/2023 18:46:17,10.54,100,10.55,21344222,JEN,deep
6794,11/15/2023 19:46:17,10.51,100,10.52,21344222,JEN,deep
6795,11/15/2023 20:46:17,10.54,100,10.55,21344222,JEN,deep
6796,11/15/2023 21:46:17,10.55,100,10.56,21344222,JEN,deep
6797,11/15/2023 22:46:17,10.54,100,10.55,21344222,JEN,deep
6798,11/15/2023 23:46:17,10.55,100,10.56,21344222,JEN,deep
6799,11/16/2023 00:46:17,10.53,100,10.54,21344222,JEN,deep
6800,11/16/2023 01:46:17,10.54,100,10.55,21344222,JEN,deep
6801,11/16/2023 02:46:17,10.55,100,10.56,21344222,JEN,deep
6802,11/16/2023 03:46:17,10.57,100,10.58,21344222,JEN,deep
6803,11/16/2023 04:46:17,10.57,100,10.58,21344222,JEN,deep
6804,11/16/2023 05:46:17,10.55,100,10.56,21344222,JEN,deep
6805,11/16/2023 06:46:17,10.54,100,10.55,21344222,JEN,deep
6806,11/16/2023 07:46:17,10.54,100,10.55,21344222,JEN,deep
6807,11/16/2023 08:46:17,10.55,100,10.56,21344222,JEN,deep
6808,11/16/2023 09:46:17,10.53,100,10.54,21344222,JEN,deep
6809,11/16/2023 10:46:17,10.54,100,10.55,21344222,JEN,deep
6810,11/16/2023 11:46:17,10.54,100,10.55,21344222,JEN,deep
6811,11/16/2023 12:46:17,10.51,100,10.52,21344222,JEN,deep
6812,11/16/2023 13:46:17,10.53,100,10.54,21344222,JEN,deep
6813,11/16/2023 14:46:17,10.55,100,10.56,21344222,JEN,deep
6814,11/16/2023 15:46:17,10.54,100,10.55,21344222,JEN,deep
6815,11/16/2023 16:46:17,10.54,100,10.55,21344222,JEN,deep
6816,11/16/2023 17:46:17,10.55,100,10.56,21344222,JEN,deep
6817,11/16/2023 18:46:17,10.54,100,10.55,21344222,JEN,deep
6818,11/16/2023 19:46:17,10.55,100,10.56,21344222,JEN,deep
6819,11/16/2023 20:46:17,10.55,100,10.56,21344222,JEN,deep
6820,11/16/2023 21:46:17,10.54,100,10.55,21344222,JEN,deep
6821,11/16/2023 22:46:17,10.55,100,10.56,21344222,JEN,deep
6822,11/16/2023 23:46:17,10.55,100,10.56,21344222,JEN,deep
6823,11/17/2023 00:46:17,10.55,100,10.56,21344222,JEN,deep
6824,11/17/2023 01:46:17,10.56,100,10.57,21344222,JEN,deep
6825,11/17/2023 02:46:17,10.56,100,10.57,21344222,JEN,deep
6826,11/17/2023 03:46:17,10.57,100,10.58,21344222,JEN,deep
6827,11/17/2023 04:46:17,10.54,100,10.55,21344222,JEN,deep
6828,11/17/2023 05:46:17,10.58,100,10.59,21344222,JEN,deep
6829,11/17/2023 06:46:17,10.55,100,10.56,21344222,JEN,deep
6830,11/17/2023 07:46:17,10.56,100,10.57,21344222,JEN,deep
6831,11/17/2023 08:46:17,10.55,100,10.56,21344222,JEN,deep
6832,11/17/2023 09:46:17,10.57,100,10.58,21344222,JEN,deep
6833,11/17/2023 10:46:17,10.53,100,10.54,21344222,JEN,deep
6834,11/17/2023 11:46:17,10.58,100,10.59,21344222,JEN,deep
6835,11/17/2023 12:46:17,10.56,100,10.57,21344222,JEN,deep
6836,11/17/2023 13:46:17,10.59,100,10.61,21344222,JEN,deep
6837,11/17/2023 14:46:17,10.57,100,10.58,21344222,JEN,deep
6838,11/17/2023 15:46:17,10.56,100,10.57,21344222,JEN,deep
6839,11/17/2023 16:46:17,10.55,100,10.56,21344222,JEN,deep
6840,11/17/2023 17:46:17,10.56,100,10.57,21344222,JEN,deep
6841,11/17/2023 18:46:17,10.55,100,10.56,21344222,JEN,deep
6842,11/17/2023 19:46:17,10.57,100,10.58,21344222,JEN,deep
6843,11/17/2023 20:46:17,10.55,100,10.56,21344222,JEN,deep
6844,11/17/2023 21:46:17,10.56,100,10.57,21344222,JEN,deep
6845,11/17/2023 22:46:17,10.55,100,10.56,21344222,JEN,deep
6846,11/17/2023 23:46:17,10.56,100,10.57,21344222,JEN,deep
6847,11/18/2023 00:46:17,10.58,100,10.59,21344222,JEN,deep
6848,11/18/2023 01:46:17,10.55,100,10.56,21344222,JEN,deep
6849,11/18/2023 02:46:17,10.55,100,10.56,21344222,JEN,deep
6850,11/18/2023 03:46:17,10.56,100,10.57,21344222,JEN,deep
6851,11/18/2023 04:46:17,10.57,100,10.58,21344222,JEN,deep
6852,11/18/2023 05:46:17,10.55,100,10.56,21344222,JEN,deep
6853,11/18/2023 06:46:17,10.55,100,10.56,21344222,JEN,deep
6854,11/18/2023 07:46:17,10.57,100,10.58,21344222,JEN,deep
6855,11/18/2023 08:46:17,10.55,100,10.56,21344222,JEN,deep
6856,11/18/2023 09:46:17,10.55,100,10.56,21344222,JEN,deep
6857,11/18/2023 10:46:17,10.58,100,10.59,21344222,JEN,deep
6858,11/18/2023 11:46:17,10.55,100,10.56,21344222,JEN,deep
6859,11/18/2023 12:46:17,10.54,100,10.55,21344222,JEN,deep
6860,11/18/2023 13:46:17,10.54,100,10.55,21344222,JEN,deep
6861,11/18/2023 14:46:17,10.54,100,10.55,21344222,JEN,deep
6862,11/18/2023 15:46:17,10.57,100,10.58,21344222,JEN,deep
6863,11/18/2023 16:46:17,10.53,100,10.54,21344222,JEN,deep
6864,11/18/2023 17:46:17,10.54,100,10.55,21344222,JEN,deep
6865,11/18/2023 18:46:17,10.56,100,10.57,21344222,JEN,deep
6866,11/18/2023 19:46:17,10.55,100,10.56,21344222,JEN,deep
6867,11/18/2023 20:46:17,10.55,100,10.56,21344222,JEN,deep
6868,11/18/2023 21:46:17,10.54,100,10.55,21344222,JEN,deep
6869,11/18/2023 22:46:17,10.55,100,10.56,21344222,JEN,deep
6870,11/18/2023 23:46:17,10.56,100,10.57,21344222,JEN,deep
6871,11/19/2023 00:46:17,10.54,100,10.55,21344222,JEN,deep
6872,11/19/2023 01:46:17,10.59,100,10.61,21344222,JEN,deep
6873,11/19/2023 02:46:17,10.53,100,10.54,21344222,JEN,deep
6874,11/19/2023 03:46:17,10.54,100,10.55,21344222,JEN,deep
6875,11/19/2023 04:46:17,10.56,100,10.57,21344222,JEN,deep
6876,11/19/2023 05:46:17,10.57,100,10.58,21344222,JEN,deep
6877,11/19/2023 06:46:17,10.56,100,10.57,21344222,JEN,deep
6878,11/19/2023 07:46:17,10.55,100,10.56,21344222,JEN,deep
6879,11/19/2023 08:46:17,10.55,100,10.56,21344222,JEN,deep
6880,11/19/2023 09:46:17,10.55,100,10.56,21344222,JEN,deep
6881,11/19/2023 10:46:17,10.54,100,10.55,21344222,JEN,deep
6882,11/19/2023 11:46:17,10.55,100,10.56,21344222,JEN,deep
6883,11/19/2023 12:46:17,10.53,100,10.54,21344222,JEN,deep
6884,11/19/2023 13:46:17,10.55,100,10.56,21344222,JEN,deep
6885,11/19/2023 14:46:17,10.53,100,10.54,21344222,JEN,deep
6886,11/19/2023 15:46:17,10.51,100,10.52,21344222,JEN,deep
6887,11/19/2023 16:46:17,10.52,100,10.53,21344222,JEN,deep
6888,11/19/2023 17:46:17,10.55,100,10.56,21344222,JEN,deep
6889,11/19/2023 18:46:17,10.54,100,10.55,21344222,JEN,deep
6890,11/19/2023 19:46:17,10.53,100,10.54,21344222,JEN,deep
6891,11/19/2023 20:46:17,10.57,100,10.58,21344222,JEN,deep
6892,11/19/2023 21:46:17,10.54,100,10.55,21344222,JEN,deep
6893,11/19/2023 22:46:17,10.54,100,10.55,21344222,JEN,deep
6894,11/19/2023 23:46:17,10.54,100,10.55,21344222,JEN,deep
6895,11/20/2023 00:46:17,10.54,100,10.55,21344222,JEN,deep
6896,11/20/2023 01:46:17,10.55,100,10.56,21344222,JEN,deep
6897,11/20/2023 02:46:17,10.56,100,10.57,21344222,JEN,deep
6898,11/20/2023 03:46:17,10.52,100,10.53,21344222,JEN,deep
6899,11/20/2023 04:46:17,10.56,100,10.57,21344222,JEN,deep
6900,11/20/2023 05:46:17,10.58,100,10.59,21344222,JEN,deep
6901,11/20/2023 06:46:17,10.55,100,10.56,21344222,JEN,deep
6902,11/20/2023 07:46:17,10.54,100,10.55,21344222,JEN,deep
6903,11/20/2023 08:46:17,10.54,100,10.55,21344222,JEN,deep
6904,11/20/2023 09:46:17,10.54,100,10.55,21344222,JEN,deep
6905,11/20/2023 10:46:17,10.54,100,10.55,21344222,JEN,deep
6906,11/20/2023 11:46:17,10.54,100,10.55,21344222,JEN,deep
6907,11/20/2023 12:46:17,10.55,100,10.56,21344222,JEN,deep
6908,11/20/2023 13:46:17,10.54,100,10.55,21344222,JEN,deep
6909,11/20/2023 14:46:17,10.54,100,10.55,21344222,JEN,deep
6910,11/20/2023 15:46:17,10.55,100,10.56,21344222,JEN,deep
6911,11/20/2023 16:46:17,10.55,100,10.56,21344222,JEN,deep
6912,11/20/2023 17:46:17,10.53,100,10.54,21344222,JEN,deep
6913,11/20/2023 18:46:17,10.52,100,10.53,21344222,JEN,deep
6914,11/20/2023 19:46:17,10.55,100,10.56,21344222,JEN,deep
6915,11/20/2023 20:46:17,10.54,100,10.55,21344222,JEN,deep
6916,11/20/2023 21:46:17,10.55,100,10.56,21344222,JEN,deep
6917,11/20/2023 22:46:17,10.54,100,10.55,21344222,JEN,deep
6918,11/20/2023 23:46:17,10.55,100,10.56,21344222,JEN,deep
6919,11/21/2023 00:46:17,10.52,100,10.53,21344222,JEN,deep
6920,11/21/2023 01:46:17,10.53,100,10.54,21344222,JEN,deep
6921,11/21/2023 02:46:17,10.55,100,10.56,21344222,JEN,deep
6922,11/21/2023 03:46:17,10.54,100,10.55,21344222,JEN,deep
6923,11/21/2023 04:46:17,10.56,100,10.57,21344222,JEN,deep
6924,11/21/2023 05:46:17,10.55,100,10.56,21344222,JEN,deep
6925,11/21/2023 06:46:17,10.54,100,10.55,21344222,JEN,deep
6926,11/21/2023 07:46:17,10.57,100,10.58,21344222,JEN,deep
6927,11/21/2023 08:46:17,10.55,100,10.56,21344222,JEN,deep
6928,11/21/2023 09:46:17,10.53,100,10.54,21344222,JEN,deep
6929,11/21/2023 10:46:17,10.55,100,10.56,21344222,JEN,deep
6930,11/21/2023 11:46:17,10.52,100,10.53,21344222,JEN,deep
6931,11/21/2023 12:46:17,10.53,100,10.54,21344222,JEN,deep
6932,11/21/2023 13:46:17,10.51,100,10.52,21344222,JEN,deep
6933,11/21/2023 14:46:17,10.55,100,10.56,21344222,JEN,deep
6934,11/21/2023 15:46:17,10.55,100,10.56,21344222,JEN,deep
6935,11/21/2023 16:46:17,10.52,100,10.53,21344222,JEN,deep
6936,11/21/2023 17:46:17,10.53,100,10.54,21344222,JEN,deep
6937,11/21/2023 18:46:17,10.53,100,10.54,21344222,JEN,deep
6938,11/21/2023 19:46:17,10.57,100,10.58,21344222,JEN,deep
6939,11/21/2023 20:46:17,10.56,100,10.57,21344222,JEN,deep
6940,11/21/2023 21:46:17,10.53,100,10.54,21344222,JEN,deep
6941,11/21/2023 22:46:17,10.56,100,10.57,21344222,JEN,deep
6942,11/21/2023 23:46:17,10.52,100,10.53,21344222,JEN,deep
6943,11/22/2023 00:46:17,10.52,100,10.53,21344222,JEN,deep
6944,11/22/2023 01:46:17,10.55,100,10.56,21344222,JEN,deep
6945,11/22/2023 02:46:17,10.55,100,10.56,21344222,JEN,deep
6946,11/22/2023 03:46:17,10.55,100,10.56,21344222,JEN,deep
6947,11/22/2023 04:46:17,10.55,100,10.56,21344222,JEN,deep
6948,11/22/2023 05:46:17,10.54,100,10.55,21344222,JEN,deep
6949,11/22/2023 06:46:17,10.59,100,10.61,21344222,JEN,deep
6950,11/22/2023 07:46:17,10.54,100,10.55,21344222,JEN,deep
6951,11/22/2023 08:46:17,10.55,100,10.56,21344222,JEN,deep
6952,11/22/2023 09:46:17,10.54,100,10.55,21344222,JEN,deep
6953,11/22/2023 10:46:17,10.56,100,10.57,21344222,JEN,deep
6954,11/22/2023 11:46:17,10.55,100,10.56,21344222,JEN,deep
6955,11/22/2023 12:46:17,10.54,100,10.55,21344222,JEN,deep
6956,11/22/2023 13:46:17,10.51,100,10.52,21344222,JEN,deep
6957,11/22/2023 14:46:17,10.54,100,10.55,21344222,JEN,deep
6958,11/22/2023 15:46:17,10.55,100,10.56,21344222,JEN,deep
6959,11/22/2023 16:46:17,10.56,100,10.57,21344222,JEN,deep
6960,11/22/2023 17:46:17,10.55,100,10.56,21344222,JEN,deep
6961,11/22/2023 18:46:17,10.55,100,10.56,21344222,JEN,deep
6962,11/22/2023 19:46:17,10.51,100,10.52,21344222,JEN,deep
6963,11/22/2023 20:46:17,10.53,100,10.54,21344222,JEN,deep
6964,11/22/2023 21:46:17,10.55,100,10.56,21344222,JEN,deep
6965,11/22/2023 22:46:17,10.56,100,10.57,21344222,JEN,deep
6966,11/22/2023 23:46:17,10.55,100,10.56,21344222,JEN,deep
6967,11/23/2023 00:46:17,10.52,100,10.53,21344222,JEN,deep
6968,11/23/2023 01:46:17,10.55,100,10.56,21344222,JEN,deep
6969,11/23/2023 02:46:17,10.55,100,10.56,21344222,JEN,deep
6970,11/23/2023 03:46:17,10.56,100,10.57,21344222,JEN,deep
6971,11/23/2023 04:46:17,10.53,100,10.54,21344222,JEN,deep
6972,11/23/2023 05:46:17,10.56,100,10.57,21344222,JEN,deep
6973,11/23/2023 06:46:17,10.54,100,10.55,21344222,JEN,deep
6974,11/23/2023 07:46:17,10.52,100,10.53,21344222,JEN,deep
6975,11/23/2023 08:46:17,10.54,100,10.55,21344222,JEN,deep
6976,11/23/2023 09:46:17,10.54,100,10.55,21344222,JEN,deep
6977,11/23/2023 10:46:17,10.55,100,10.56,21344222,JEN,deep
6978,11/23/2023 11:46:17,10.52,100,10.53,21344222,JEN,deep
6979,11/23/2023 12:46:17,10.53,100,10.54,21344222,JEN,deep
6980,11/23/2023 13:46:17,10.57,100,10.58,21344222,JEN,deep
6981,11/23/2023 14:46:17,10.55,100,10.56,21344222,JEN,deep
6982,11/23/2023 15:46:17,10.56,100,10.57,21344222,JEN,deep
6983,11/23/2023 16:46:17,10.51,100,10.52,21344222,JEN,deep
6984,11/23/2023 17:46:17,10.55,100,10.56,21344222,JEN,deep
6985,11/23/2023 18:46:17,10.55,100,10.56,21344222,JEN,deep
6986,11/23/2023 19:46:17,10.55,100,10.56,21344222,JEN,deep
6987,11/23/2023 20:46:17,10.53,100,10.54,21344222,JEN,deep
6988,11/23/2023 21:46:17,10.55,100,10.56,21344222,JEN,deep
6989,11/23/2023 22:46:17,10.55,100,10.56,21344222,JEN,deep
6990,11/23/2023 23:46:17,10.51,100,10.52,21344222,JEN,deep
6991,11/24/2023 00:46:17,10.55,100,10.56,21344222,JEN,deep
6992,11/24/2023 01:46:17,10.55,100,10.56,21344222,JEN,deep
6993,11/24/2023 02:46:17,10.53,100,10.54,21344222,JEN,deep
6994,11/24/2023 03:46:17,10.56,100,10.57,21344222,JEN,deep
6995,11/24/2023 04:46:17,10.55,100,10.56,21344222,JEN,deep
6996,11/24/2023 05:46:17,10.55,100,10.56,21344222,JEN,deep
6997,11/24/2023 06:46:17,10.55,100,10.56,21344222,JEN,deep
6998,11/24/2023 07:46:17,10.55,100,10.56,21344222,JEN,deep
6999,11/24/2023 08:46:17,10.57,100,10.58,21344222,JEN,deep
7000,11/24/2023 09:46:17,10.53,100,10.54,21344222,JEN,deep
7001,11/24/2023 10:46:17,10.55,100,10.56,21344222,JEN,deep
7002,11/24/2023 11:46:17,10.54,100,10.55,21344222,JEN,deep
7003,11/24/2023 12:46:17,10.54,100,10.55,21344222,JEN,deep
7004,11/24/2023 13:46:17,10.54,100,10.55,21344222,JEN,deep
7005,11/24/2023 14:46:17,10.53,100,10.54,21344222,JEN,deep
7006,11/24/2023 15:46:17,10.55,100,10.56,21344222,JEN,deep
7007,11/24/2023 16:46:17,10.54,100,10.55,21344222,JEN,deep
7008,11/24/2023 17:46:17,10.55,100,10.56,21344222,JEN,deep
7009,11/24/2023 18:46:17,10.55,100,10.56,21344222,JEN,deep
7010,11/24/2023 19:46:17,10.52,100,10.53,21344222,JEN,deep
7011,11/24/2023 20:46:17,10.55,100,10.56,21344222,JEN,deep
7012,11/24/2023 21:46:17,10.55,100,10.56,21344222,JEN,deep
7013,11/24/2023 22:46:17,10.54,100,10.55,21344222,JEN,deep
7014,11/24/2023 23:46:17,10.53,100,10.54,21344222,JEN,deep
7015,11/25/2023 00:46:17,10.54,100,10.55,21344222,JEN,deep
7016,11/25/2023 01:46:17,10.56,100,10.57,21344222,JEN,deep
7017,11/25/2023 02:46:17,10.54,100,10.55,21344222,JEN,deep
7018,11/25/2023 03:46:17,10.55,100,10.56,21344222,JEN,deep
7019,11/25/2023 04:46:17,10.52,100,10.53,21344222,JEN,deep
7020,11/25/2023 05:46:17,10.55,100,10.56,21344222,JEN,deep
7021,11/25/2023 06:46:17,10.5,100,10.51,21344222,JEN,deep
7022,11/25/2023 07:46:17,10.55,100,10.56,21344222,JEN,deep
7023,11/25/2023 08:46:17,10.55,100,10.56,21344222,JEN,deep
7024,11/25/2023 09:46:17,10.52,100,10.53,21344222,JEN,deep
7025,11/25/2023 10:46:17,10.51,100,10.52,21344222,JEN,deep
7026,11/25/2023 11:46:17,10.53,100,10.54,21344222,JEN,deep
7027,11/25/2023 12:46:17,10.52,100,10.53,21344222,JEN,deep
7028,11/25/2023 13:46:17,10.53,100,10.54,21344222,JEN,deep
7029,11/25/2023 14:46:17,10.54,100,10.55,21344222,JEN,deep
7030,11/25/2023 15:46:17,10.53,100,10.54,21344222,JEN,deep
7031,11/25/2023 16:46:17,10.54,100,10.55,21344222,JEN,deep
7032,11/25/2023 17:46:17,10.54,100,10.55,21344222,JEN,deep
7033,11/25/2023 18:46:17,10.55,100,10.56,21344222,JEN,deep
7034,11/25/2023 19:46:17,10.55,100,10.56,21344222,JEN,deep
7035,11/25/2023 20:46:17,10.52,100,10.53,21344222,JEN,deep
7036,11/25/2023 21:46:17,10.53,100,10.54,21344222,JEN,deep
7037,11/25/2023 22:46:17,10.54,100,10.55,21344222,JEN,deep
7038,11/25/2023 23:46:17,10.55,100,10.56,21344222,JEN,deep
7039,11/26/2023 00:46:17,10.55,100,10.56,21344222,JEN,deep
7040,11/26/2023 01:46:17,10.53,100,10.54,21344222,JEN,deep
7041,11/26/2023 02:46:17,10.55,100,10.56,21344222,JEN,deep
7042,11/26/2023 03:46:17,10.54,100,10.55,21344222,JEN,deep
7043,11/26/2023 04:46:17,10.57,100,10.58,21344222,JEN,deep
7044,11/26/2023 05:46:17,10.56,100,10.57,21344222,JEN,deep
7045,11/26/2023 06:46:17,10.54,100,10.55,21344222,JEN,deep
7046,11/26/2023 07:46:17,10.55,100,10.56,21344222,JEN,deep
7047,11/26/2023 08:46:17,10.53,100,10.54,21344222,JEN,deep
7048,11/26/2023 09:46:17,10.53,100,10.54,21344222,JEN,deep
7049,11/26/2023 10:46:17,10.54,100,10.55,21344222,JEN,deep
7050,11/26/2023 11:46:17,10.53,100,10.54,21344222,JEN,deep
7051,11/26/2023 12:46:17,10.54,100,10.55,21344222,JEN,deep
7052,11/26/2023 13:46:17,10.54,100,10.55,21344222,JEN,deep
7053,11/26/2023 14:46:17,10.52,100,10.53,21344222,JEN,deep
7054,11/26/2023 15:46:17,10.53,100,10.54,21344222,JEN,deep
7055,11/26/2023 16:46:17,10.55,100,10.56,21344222,JEN,deep
7056,11/26/2023 17:46:17,10.55,100,10.56,21344222,JEN,deep
7057,11/26/2023 18:46:17,10.54,100,10.55,21344222,JEN,deep
7058,11/26/2023 19:46:17,10.53,100,10.54,21344222,JEN,deep
7059,11/26/2023 20:46:17,10.53,100,10.54,21344222,JEN,deep
7060,11/26/2023 21:46:17,10.55,100,10.56,21344222,JEN,deep
7061,11/26/2023 22:46:17,10.54,100,10.55,21344222,JEN,deep
7062,11/26/2023 23:46:17,10.53,100,10.54,21344222,JEN,deep
7063,11/27/2023 00:46:17,10.5,100,10.51,21344222,JEN,deep
7064,11/27/2023 01:46:17,10.54,100,10.55,21344222,JEN,deep
7065,11/27/2023 02:46:17,10.55,100,10.56,21344222,JEN,deep
7066,11/27/2023 03:46:17,10.53,100,10.54,21344222,JEN,deep
7067,11/27/2023 04:46:17,10.56,100,10.57,21344222,JEN,deep
7068,11/27/2023 05:46:17,10.56,100,10.57,21344222,JEN,deep
7069,11/27/2023 06:46:17,10.54,100,10.55,21344222,JEN,deep
7070,11/27/2023 07:46:17,10.55,100,10.56,21344222,JEN,deep
7071,11/27/2023 08:46:17,10.55,100,10.56,21344222,JEN,deep
7072,11/27/2023 09:46:17,10.54,100,10.55,21344222,JEN,deep
7073,11/27/2023 10:46:17,10.55,100,10.56,21344222,JEN,deep
7074,11/27/2023 11:46:17,10.54,100,10.55,21344222,JEN,deep
7075,11/27/2023 12:46:17,10.54,100,10.55,21344222,JEN,deep
7076,11/27/2023 13:46:17,10.53,100,10.54,21344222,JEN,deep
7077,11/27/2023 14:46:17,10.52,100,10.53,21344222,JEN,deep
7078,11/27/2023 15:46:17,10.51,100,10.52,21344222,JEN,deep
7079,11/27/2023 16:46:17,10.53,100,10.54,21344222,JEN,deep
7080,11/27/2023 17:46:17,10.51,100,10.52,21344222,JEN,deep
7081,11/27/2023 18:46:17,10.52,100,10.53,21344222,JEN,deep
7082,11/27/2023 19:46:17,10.54,100,10.55,21344222,JEN,deep
7083,11/27/2023 20:46:17,10.52,100,10.53,21344222,JEN,deep
7084,11/27/2023 21:46:17,10.54,100,10.55,21344222,JEN,deep
7085,11/27/2023 22:46:17,10.51,100,10.52,21344222,JEN,deep
7086,11/27/2023 23:46:17,10.53,100,10.54,21344222,JEN,deep
7087,11/28/2023 00:46:17,10.55,100,10.56,21344222,JEN,deep
7088,11/28/2023 01:46:17,10.54,100,10.55,21344222,JEN,deep
7089,11/28/2023 02:46:17,10.52,100,10.53,21344222,JEN,deep
7090,11/28/2023 03:46:17,10.53,100,10.54,21344222,JEN,deep
7091,11/28/2023 04:46:17,10.55,100,10.56,21344222,JEN,deep
7092,11/28/2023 05:46:17,10.54,100,10.55,21344222,JEN,deep
7093,11/28/2023 06:46:17,10.55,100,10.56,21344222,JEN,deep
7094,11/28/2023 07:46:17,10.51,100,10.52,21344222,JEN,deep
7095,11/28/2023 08:46:17,10.51,100,10.52,21344222,JEN,deep
7096,11/28/2023 09:46:17,10.52,100,10.53,21344222,JEN,deep
7097,11/28/2023 10:46:17,10.52,100,10.53,21344222,JEN,deep
7098,11/28/2023 11:46:17,10.55,100,10.56,21344222,JEN,deep
7099,11/28/2023 12:46:17,10.53,100,10.54,21344222,JEN,deep
7100,11/28/2023 13:46:17,10.56,100,10.57,21344222,JEN,deep
7101,11/28/2023 14:46:17,10.52,100,10.53,21344222,JEN,deep
7102,11/28/2023 15:46:17,10.54,100,10.55,21344222,JEN,deep
7103,11/28/2023 16:46:17,10.52,100,10.53,21344222,JEN,deep
7104,11/28/2023 17:46:17,10.53,100,10.54,21344222,JEN,deep
7105,11/28/2023 18:46:17,10.54,100,10.55,21344222,JEN,deep
7106,11/28/2023 19:46:17,10.54,100,10.55,21344222,JEN,deep
7107,11/28/2023 20:46:17,10.52,100,10.53,21344222,JEN,deep
7108,11/28/2023 21:46:17,10.53,100,10.54,21344222,JEN,deep
7109,11/28/2023 22:46:17,10.53,100,10.54,21344222,JEN,deep
7110,11/28/2023 23:46:17,10.52,100,10.53,21344222,JEN,deep
7111,11/29/2023 00:46:17,10.53,100,10.54,21344222,JEN,deep
7112,11/29/2023 01:46:17,10.52,100,10.53,21344222,JEN,deep
7113,11/29/2023 02:46:17,10.51,100,10.52,21344222,JEN,deep
7114,11/29/2023 03:46:17,10.52,100,10.53,21344222,JEN,deep
7115,11/29/2023 04:46:17,10.53,100,10.54,21344222,JEN,deep
7116,11/29/2023 05:46:17,10.54,100,10.55,21344222,JEN,deep
7117,11/29/2023 06:46:17,10.54,100,10.55,21344222,JEN,deep
7118,11/29/2023 07:46:17,10.53,100,10.54,21344222,JEN,deep
7119,11/29/2023 08:46:17,10.52,100,10.53,21344222,JEN,deep
7120,11/29/2023 09:46:17,10.54,100,10.55,21344222,JEN,deep
7121,11/29/2023 10:46:17,10.51,100,10.52,21344222,JEN,deep
7122,11/29/2023 11:46:17,10.5,100,10.51,21344222,JEN,deep
7123,11/29/2023 12:46:17,10.55,100,10.56,21344222,JEN,deep
7124,11/29/2023 13:46:17,10.52,100,10.53,21344222,JEN,deep
7125,11/29/2023 14:46:17,10.53,100,10.54,21344222,JEN,deep
7126,11/29/2023 15:46:17,10.53,100,10.54,21344222,JEN,deep
7127,11/29/2023 16:46:17,10.53,100,10.54,21344222,JEN,deep
7128,11/29/2023 17:46:17,10.52,100,10.53,21344222,JEN,deep
7129,11/29/2023 18:46:17,10.54,100,10.55,21344222,JEN,deep
7130,11/29/2023 19:46:17,10.56,100,10.57,21344222,JEN,deep
7131,11/29/2023 20:46:17,10.56,100,10.57,21344222,JEN,deep
7132,11/29/2023 21:46:17,10.52,100,10.53,21344222,JEN,deep
7133,11/29/2023 22:46:17,10.52,100,10.53,21344222,JEN,deep
7134,11/29/2023 23:46:17,10.55,100,10.56,21344222,JEN,deep
7135,11/30/2023 00:46:17,10.53,100,10.54,21344222,JEN,deep
7136,11/30/2023 01:46:17,10.55,100,10.56,21344222,JEN,deep
7137,11/30/2023 02:46:17,10.53,100,10.54,21344222,JEN,deep
7138,11/30/2023 03:46:17,10.54,100,10.55,21344222,JEN,deep
7139,11/30/2023 04:46:17,10.55,100,10.56,21344222,JEN,deep
7140,11/30/2023 05:46:17,10.56,100,10.57,21344222,JEN,deep
7141,11/30/2023 06:46:17,10.54,100,10.55,21344222,JEN,deep
7142,11/30/2023 07:46:17,10.53,100,10.54,21344222,JEN,deep
7143,11/30/2023 08:46:17,10.54,100,10.55,21344222,JEN,deep
7144,11/30/2023 09:46:17,10.53,100,10.54,21344222,JEN,deep
7145,11/30/2023 10:46:17,10.53,100,10.54,21344222,JEN,deep
7146,11/30/2023 11:46:17,10.53,100,10.54,21344222,JEN,deep
7147,11/30/2023 12:46:17,10.53,100,10.54,21344222,JEN,deep
7148,11/30/2023 13:46:17,10.52,100,10.53,21344222,JEN,deep
7149,11/30/2023 14:46:17,10.53,100,10.54,21344222,JEN,deep
7150,11/30/2023 15:46:17,10.56,100,10.57,21344222,JEN,deep
7151,11/30/2023 16:46:17,10.54,100,10.55,21344222,JEN,deep
7152,11/30/2023 17:46:17,10.53,100,10.54,21344222,JEN,deep
7153,11/30/2023 18:46:17,10.55,100,10.56,21344222,JEN,deep
7154,11/30/2023 19:46:17,10.52,100,10.53,21344222,JEN,deep
7155,11/30/2023 20:46:17,10.52,100,10.53,21344222,JEN,deep
7156,11/30/2023 21:46:17,10.56,100,10.57,21344222,JEN,deep
7157,11/30/2023 22:46:17,10.54,100,10.55,21344222,JEN,deep
7158,11/30/2023 23:46:17,10.52,100,10.53,21344222,JEN,deep
7159,12/1/2023 0:46,10.52,100,10.53,21344222,JEN,deep
7160,12/1/2023 1:46,10.54,100,10.55,21344222,JEN,deep
7161,12/1/2023 2:46,10.56,100,10.57,21344222,JEN,deep
7162,12/1/2023 3:46,10.52,100,10.53,21344222,JEN,deep
7163,12/1/2023 4:46,10.53,100,10.54,21344222,JEN,deep
7164,12/1/2023 5:46,10.54,100,10.55,21344222,JEN,deep
7165,12/1/2023 6:46,10.52,100,10.53,21344222,JEN,deep
7166,12/1/2023 7:46,10.52,100,10.53,21344222,JEN,deep
7167,12/1/2023 8:46,10.55,100,10.56,21344222,JEN,deep
7168,12/1/2023 9:46,10.55,100,10.56,21344222,JEN,deep
7169,12/1/2023 10:46,10.53,100,10.54,21344222,JEN,deep
7170,12/1/2023 11:46,10.54,100,10.55,21344222,JEN,deep
7171,12/1/2023 12:46,10.54,100,10.55,21344222,JEN,deep
7172,12/1/2023 13:46,10.54,100,10.55,21344222,JEN,deep
7173,12/1/2023 14:46,10.54,100,10.55,21344222,JEN,deep
7174,12/1/2023 15:46,10.53,100,10.54,21344222,JEN,deep
7175,12/1/2023 16:46,10.54,100,10.55,21344222,JEN,deep
7176,12/1/2023 17:46,10.54,100,10.55,21344222,JEN,deep
7177,12/1/2023 18:46,10.52,100,10.53,21344222,JEN,deep
7178,12/1/2023 19:46,10.53,100,10.54,21344222,JEN,deep
7179,12/1/2023 20:46,10.49,100,10.5,21344222,JEN,deep
7180,12/1/2023 21:46,10.55,100,10.56,21344222,JEN,deep
7181,12/1/2023 22:46,10.54,100,10.55,21344222,JEN,deep
7182,12/1/2023 23:46,10.52,100,10.53,21344222,JEN,deep
7183,12/2/2023 0:46,10.52,100,10.53,21344222,JEN,deep
7184,12/2/2023 1:46,10.54,100,10.55,21344222,JEN,deep
7185,12/2/2023 2:46,10.55,100,10.56,21344222,JEN,deep
7186,12/2/2023 3:46,10.55,100,10.56,21344222,JEN,deep
7187,12/2/2023 4:46,10.53,100,10.54,21344222,JEN,deep
7188,12/2/2023 5:46,10.54,100,10.55,21344222,JEN,deep
7189,12/2/2023 6:46,10.54,100,10.55,21344222,JEN,deep
7190,12/2/2023 7:46,10.53,100,10.54,21344222,JEN,deep
7191,12/2/2023 8:46,10.53,100,10.54,21344222,JEN,deep
7192,12/2/2023 9:46,10.54,100,10.55,21344222,JEN,deep
7193,12/2/2023 10:46,10.55,100,10.56,21344222,JEN,deep
7194,12/2/2023 11:46,10.51,100,10.52,21344222,JEN,deep
7195,12/2/2023 12:46,10.54,100,10.55,21344222,JEN,deep
7196,12/2/2023 13:46,10.52,100,10.53,21344222,JEN,deep
7197,12/2/2023 14:46,10.51,100,10.52,21344222,JEN,deep
7198,12/2/2023 15:46,10.51,100,10.52,21344222,JEN,deep
7199,12/2/2023 16:46,10.51,100,10.52,21344222,JEN,deep
7200,12/2/2023 17:46,10.55,100,10.56,21344222,JEN,deep
7201,12/2/2023 18:46,10.52,100,10.53,21344222,JEN,deep
7202,12/2/2023 19:46,10.58,100,10.59,21344222,JEN,deep
7203,12/2/2023 20:46,10.53,100,10.54,21344222,JEN,deep
7204,12/2/2023 21:46,10.53,100,10.54,21344222,JEN,deep
7205,12/2/2023 22:46,10.53,100,10.54,21344222,JEN,deep
7206,12/2/2023 23:46,10.53,100,10.54,21344222,JEN,deep
7207,12/3/2023 0:46,10.52,100,10.53,21344222,JEN,deep
7208,12/3/2023 1:46,10.53,100,10.54,21344222,JEN,deep
7209,12/3/2023 2:46,10.52,100,10.53,21344222,JEN,deep
7210,12/3/2023 3:46,10.53,100,10.54,21344222,JEN,deep
7211,12/3/2023 4:46,10.53,100,10.54,21344222,JEN,deep
7212,12/3/2023 5:46,10.55,100,10.56,21344222,JEN,deep
7213,12/3/2023 6:46,10.52,100,10.53,21344222,JEN,deep
7214,12/3/2023 7:46,10.52,100,10.53,21344222,JEN,deep
7215,12/3/2023 8:46,10.53,100,10.54,21344222,JEN,deep
7216,12/3/2023 9:46,10.54,100,10.55,21344222,JEN,deep
7217,12/3/2023 10:46,10.55,100,10.56,21344222,JEN,deep
7218,12/3/2023 11:46,10.5,100,10.51,21344222,JEN,deep
7219,12/3/2023 12:46,10.53,100,10.54,21344222,JEN,deep
7220,12/3/2023 13:46,10.54,100,10.55,21344222,JEN,deep
7221,12/3/2023 14:46,10.55,100,10.56,21344222,JEN,deep
7222,12/3/2023 15:46,10.52,100,10.53,21344222,JEN,deep
7223,12/3/2023 16:46,10.54,100,10.55,21344222,JEN,deep
7224,12/3/2023 17:46,10.52,100,10.53,21344222,JEN,deep
7225,12/3/2023 18:46,10.55,100,10.56,21344222,JEN,deep
7226,12/3/2023 19:46,10.51,100,10.52,21344222,JEN,deep
7227,12/3/2023 20:46,10.55,100,10.56,21344222,JEN,deep
7228,12/3/2023 21:46,10.5,100,10.51,21344222,JEN,deep
7229,12/3/2023 22:46,10.55,100,10.56,21344222,JEN,deep
7230,12/3/2023 23:46,10.54,100,10.55,21344222,JEN,deep
7231,12/4/2023 0:46,10.52,100,10.53,21344222,JEN,deep
7232,12/4/2023 1:46,10.54,100,10.55,21344222,JEN,deep
7233,12/4/2023 2:46,10.53,100,10.54,21344222,JEN,deep
7234,12/4/2023 3:46,10.52,100,10.53,21344222,JEN,deep
7235,12/4/2023 4:46,10.52,100,10.53,21344222,JEN,deep
7236,12/4/2023 5:46,10.53,100,10.54,21344222,JEN,deep
7237,12/4/2023 6:46,10.51,100,10.52,21344222,JEN,deep
7238,12/4/2023 7:46,10.55,100,10.56,21344222,JEN,deep
7239,12/4/2023 8:46,10.55,100,10.56,21344222,JEN,deep
7240,12/4/2023 9:46,10.56,100,10.57,21344222,JEN,deep
7241,12/4/2023 10:46,10.52,100,10.53,21344222,JEN,deep
7242,12/4/2023 11:46,10.51,100,10.52,21344222,JEN,deep
7243,12/4/2023 12:46,10.49,100,10.5,21344222,JEN,deep
7244,12/4/2023 13:46,10.55,100,10.56,21344222,JEN,deep
7245,12/4/2023 14:46,10.52,100,10.53,21344222,JEN,deep
7246,12/4/2023 15:46,10.53,100,10.54,21344222,JEN,deep
7247,12/4/2023 16:46,10.53,100,10.54,21344222,JEN,deep
7248,12/4/2023 17:46,10.54,100,10.55,21344222,JEN,deep
7249,12/4/2023 18:46,10.55,100,10.56,21344222,JEN,deep
7250,12/4/2023 19:46,10.53,100,10.54,21344222,JEN,deep
7251,12/4/2023 20:46,10.51,100,10.52,21344222,JEN,deep
7252,12/4/2023 21:46,10.55,100,10.56,21344222,JEN,deep
7253,12/4/2023 22:46,10.53,100,10.54,21344222,JEN,deep
7254,12/4/2023 23:46,10.54,100,10.55,21344222,JEN,deep
7255,12/5/2023 0:46,10.51,100,10.52,21344222,JEN,deep
7256,12/5/2023 1:46,10.52,100,10.53,21344222,JEN,deep
7257,12/5/2023 2:46,10.56,100,10.57,21344222,JEN,deep
7258,12/5/2023 3:46,10.54,100,10.55,21344222,JEN,deep
7259,12/5/2023 4:46,10.53,100,10.54,21344222,JEN,deep
7260,12/5/2023 5:46,10.56,100,10.57,21344222,JEN,deep
7261,12/5/2023 6:46,10.53,100,10.54,21344222,JEN,deep
7262,12/5/2023 7:46,10.54,100,10.55,21344222,JEN,deep
7263,12/5/2023 8:46,10.53,100,10.54,21344222,JEN,deep
7264,12/5/2023 9:46,10.52,100,10.53,21344222,JEN,deep
7265,12/5/2023 10:46,10.54,100,10.55,21344222,JEN,deep
7266,12/5/2023 11:46,10.51,100,10.52,21344222,JEN,deep
7267,12/5/2023 12:46,10.51,100,10.52,21344222,JEN,deep
7268,12/5/2023 13:46,10.53,100,10.54,21344222,JEN,deep
7269,12/5/2023 14:46,10.51,100,10.52,21344222,JEN,deep
7270,12/5/2023 15:46,10.51,100,10.52,21344222,JEN,deep
7271,12/5/2023 16:46,10.52,100,10.53,21344222,JEN,deep
7272,12/5/2023 17:46,10.48,100,10.49,21344222,JEN,deep
7273,12/5/2023 18:46,10.51,100,10.52,21344222,JEN,deep
7274,12/5/2023 19:46,10.51,100,10.52,21344222,JEN,deep
7275,12/5/2023 20:46,10.52,100,10.53,21344222,JEN,deep
7276,12/5/2023 21:46,10.51,100,10.52,21344222,JEN,deep
7277,12/5/2023 22:46,10.55,100,10.56,21344222,JEN,deep
7278,12/5/2023 23:46,10.51,100,10.52,21344222,JEN,deep
7279,12/6/2023 0:46,10.52,100,10.53,21344222,JEN,deep
7280,12/6/2023 1:46,10.52,100,10.53,21344222,JEN,deep
7281,12/6/2023 2:46,10.51,100,10.52,21344222,JEN,deep
7282,12/6/2023 3:46,10.53,100,10.54,21344222,JEN,deep
7283,12/6/2023 4:46,10.54,100,10.55,21344222,JEN,deep
7284,12/6/2023 5:46,10.54,100,10.55,21344222,JEN,deep
7285,12/6/2023 6:46,10.53,100,10.54,21344222,JEN,deep
7286,12/6/2023 7:46,10.53,100,10.54,21344222,JEN,deep
7287,12/6/2023 8:46,10.52,100,10.53,21344222,JEN,deep
7288,12/6/2023 9:46,10.52,100,10.53,21344222,JEN,deep
7289,12/6/2023 10:46,10.52,100,10.53,21344222,JEN,deep
7290,12/6/2023 11:46,10.51,100,10.52,21344222,JEN,deep
7291,12/6/2023 12:46,10.46,100,10.48,21344222,JEN,deep
7292,12/6/2023 13:46,10.5,100,10.51,21344222,JEN,deep
7293,12/6/2023 14:46,10.49,100,10.5,21344222,JEN,deep
7294,12/6/2023 15:46,10.5,100,10.51,21344222,JEN,deep
7295,12/6/2023 16:46,10.52,100,10.53,21344222,JEN,deep
7296,12/6/2023 17:46,10.53,100,10.54,21344222,JEN,deep
7297,12/6/2023 18:46,10.51,100,10.52,21344222,JEN,deep
7298,12/6/2023 19:46,10.51,100,10.52,21344222,JEN,deep
7299,12/6/2023 20:46,10.52,100,10.53,21344222,JEN,deep
7300,12/6/2023 21:46,10.51,100,10.52,21344222,JEN,deep
7301,12/6/2023 22:46,10.5,100,10.51,21344222,JEN,deep
7302,12/6/2023 23:46,10.53,100,10.54,21344222,JEN,deep
7303,12/7/2023 0:46,10.5,100,10.51,21344222,JEN,deep
7304,12/7/2023 1:46,10.54,100,10.55,21344222,JEN,deep
7305,12/7/2023 2:46,10.52,100,10.53,21344222,JEN,deep
7306,12/7/2023 3:46,10.51,100,10.52,21344222,JEN,deep
7307,12/7/2023 4:46,10.52,100,10.53,21344222,JEN,deep
7308,12/7/2023 5:46,10.52,100,10.53,21344222,JEN,deep
7309,12/7/2023 6:46,10.53,100,10.54,21344222,JEN,deep
7310,12/7/2023 7:46,10.54,100,10.55,21344222,JEN,deep
7311,12/7/2023 8:46,10.49,100,10.5,21344222,JEN,deep
7312,12/7/2023 9:46,10.51,100,10.52,21344222,JEN,deep
7313,12/7/2023 10:46,10.5,100,10.51,21344222,JEN,deep
7314,12/7/2023 11:46,10.52,100,10.53,21344222,JEN,deep
7315,12/7/2023 12:46,10.5,100,10.51,21344222,JEN,deep
7316,12/7/2023 13:46,10.52,100,10.53,21344222,JEN,deep
7317,12/7/2023 14:46,10.53,100,10.54,21344222,JEN,deep
7318,12/7/2023 15:46,10.5,100,10.51,21344222,JEN,deep
7319,12/7/2023 16:46,10.5,100,10.51,21344222,JEN,deep
7320,12/7/2023 17:46,10.53,100,10.54,21344222,JEN,deep
7321,12/7/2023 18:46,10.51,100,10.52,21344222,JEN,deep
7322,12/7/2023 19:46,10.51,100,10.52,21344222,JEN,deep
7323,12/7/2023 20:46,10.5,100,10.51,21344222,JEN,deep
7324,12/7/2023 21:46,10.52,100,10.53,21344222,JEN,deep
7325,12/7/2023 22:46,10.51,100,10.52,21344222,JEN,deep
7326,12/7/2023 23:46,10.51,100,10.52,21344222,JEN,deep
7327,12/8/2023 0:46,10.53,100,10.54,21344222,JEN,deep
7328,12/8/2023 1:46,10.54,100,10.55,21344222,JEN,deep
7329,12/8/2023 2:46,10.54,100,10.55,21344222,JEN,deep
7330,12/8/2023 3:46,10.52,100,10.53,21344222,JEN,deep
7331,12/8/2023 4:46,10.52,100,10.53,21344222,JEN,deep
7332,12/8/2023 5:46,10.52,100,10.53,21344222,JEN,deep
7333,12/8/2023 6:46,10.54,100,10.55,21344222,JEN,deep
7334,12/8/2023 7:46,10.52,100,10.53,21344222,JEN,deep
7335,12/8/2023 8:46,10.54,100,10.55,21344222,JEN,deep
7336,12/8/2023 9:46,10.52,100,10.53,21344222,JEN,deep
7337,12/8/2023 10:46,10.49,100,10.5,21344222,JEN,deep
7338,12/8/2023 11:46,10.51,100,10.52,21344222,JEN,deep
7339,12/8/2023 12:46,10.51,100,10.52,21344222,JEN,deep
7340,12/8/2023 13:46,10.49,100,10.5,21344222,JEN,deep
7341,12/8/2023 14:46,10.51,100,10.52,21344222,JEN,deep
7342,12/8/2023 15:46,10.5,100,10.51,21344222,JEN,deep
7343,12/8/2023 16:46,10.5,100,10.51,21344222,JEN,deep
7344,12/8/2023 17:46,10.54,100,10.55,21344222,JEN,deep
7345,12/8/2023 18:46,10.48,100,10.49,21344222,JEN,deep
7346,12/8/2023 19:46,10.51,100,10.52,21344222,JEN,deep
7347,12/8/2023 20:46,10.51,100,10.52,21344222,JEN,deep
7348,12/8/2023 21:46,10.53,100,10.54,21344222,JEN,deep
7349,12/8/2023 22:46,10.52,100,10.53,21344222,JEN,deep
7350,12/8/2023 23:46,10.52,100,10.53,21344222,JEN,deep
7351,12/9/2023 0:46,10.5,100,10.51,21344222,JEN,deep
7352,12/9/2023 1:46,10.52,100,10.53,21344222,JEN,deep
7353,12/9/2023 2:46,10.53,100,10.54,21344222,JEN,deep
7354,12/9/2023 3:46,10.51,100,10.52,21344222,JEN,deep
7355,12/9/2023 4:46,10.53,100,10.54,21344222,JEN,deep
7356,12/9/2023 5:46,10.52,100,10.53,21344222,JEN,deep
7357,12/9/2023 6:46,10.51,100,10.52,21344222,JEN,deep
7358,12/9/2023 7:46,10.5,100,10.51,21344222,JEN,deep
7359,12/9/2023 8:46,10.5,100,10.51,21344222,JEN,deep
7360,12/9/2023 9:46,10.5,100,10.51,21344222,JEN,deep
7361,12/9/2023 10:46,10.5,100,10.51,21344222,JEN,deep
7362,12/9/2023 11:46,10.49,100,10.5,21344222,JEN,deep
7363,12/9/2023 12:46,10.49,100,10.5,21344222,JEN,deep
7364,12/9/2023 13:46,10.51,100,10.52,21344222,JEN,deep
7365,12/9/2023 14:46,10.46,100,10.48,21344222,JEN,deep
7366,12/9/2023 15:46,10.48,100,10.49,21344222,JEN,deep
7367,12/9/2023 16:46,10.45,100,10.47,21344222,JEN,deep
7368,12/9/2023 17:46,10.5,100,10.51,21344222,JEN,deep
7369,12/9/2023 18:46,10.48,100,10.49,21344222,JEN,deep
7370,12/9/2023 19:46,10.5,100,10.51,21344222,JEN,deep
7371,12/9/2023 20:46,10.51,100,10.52,21344222,JEN,deep
7372,12/9/2023 21:46,10.52,100,10.53,21344222,JEN,deep
7373,12/9/2023 22:46,10.5,100,10.51,21344222,JEN,deep
7374,12/9/2023 23:46,10.54,100,10.55,21344222,JEN,deep
7375,12/10/2023 0:46,10.52,100,10.53,21344222,JEN,deep
7376,12/10/2023 1:46,10.53,100,10.54,21344222,JEN,deep
7377,12/10/2023 2:46,10.51,100,10.52,21344222,JEN,deep
7378,12/10/2023 3:46,10.5,100,10.51,21344222,JEN,deep
7379,12/10/2023 4:46,10.52,100,10.53,21344222,JEN,deep
7380,12/10/2023 5:46,10.52,100,10.53,21344222,JEN,deep
7381,12/10/2023 6:46,10.51,100,10.52,21344222,JEN,deep
7382,12/10/2023 7:46,10.49,100,10.5,21344222,JEN,deep
7383,12/10/2023 8:46,10.51,100,10.52,21344222,JEN,deep
7384,12/10/2023 9:46,10.53,100,10.54,21344222,JEN,deep
7385,12/10/2023 10:46,10.51,100,10.52,21344222,JEN,deep
7386,12/10/2023 11:46,10.52,100,10.53,21344222,JEN,deep
7387,12/10/2023 12:46,10.53,100,10.54,21344222,JEN,deep
7388,12/10/2023 13:46,10.5,100,10.51,21344222,JEN,deep
7389,12/10/2023 14:46,10.53,100,10.54,21344222,JEN,deep
7390,12/10/2023 15:46,10.51,100,10.52,21344222,JEN,deep
7391,12/10/2023 16:46,10.5,100,10.51,21344222,JEN,deep
7392,12/10/2023 17:46,10.5,100,10.51,21344222,JEN,deep
7393,12/10/2023 18:46,10.53,100,10.54,21344222,JEN,deep
7394,12/10/2023 19:46,10.52,100,10.53,21344222,JEN,deep
7395,12/10/2023 20:46,10.52,100,10.53,21344222,JEN,deep
7396,12/10/2023 21:46,10.52,100,10.53,21344222,JEN,deep
7397,12/10/2023 22:46,10.53,100,10.54,21344222,JEN,deep
7398,12/10/2023 23:46,10.51,100,10.52,21344222,JEN,deep
7399,12/11/2023 0:46,10.52,100,10.53,21344222,JEN,deep
7400,12/11/2023 1:46,10.52,100,10.53,21344222,JEN,deep
7401,12/11/2023 2:46,10.51,100,10.52,21344222,JEN,deep
7402,12/11/2023 3:46,10.52,100,10.53,21344222,JEN,deep
7403,12/11/2023 4:46,10.55,100,10.56,21344222,JEN,deep
7404,12/11/2023 5:46,10.5,100,10.51,21344222,JEN,deep
7405,12/11/2023 6:46,10.52,100,10.53,21344222,JEN,deep
7406,12/11/2023 7:46,10.52,100,10.53,21344222,JEN,deep
7407,12/11/2023 8:46,10.53,100,10.54,21344222,JEN,deep
7408,12/11/2023 9:46,10.51,100,10.52,21344222,JEN,deep
7409,12/11/2023 10:46,10.5,100,10.51,21344222,JEN,deep
7410,12/11/2023 11:46,10.53,100,10.54,21344222,JEN,deep
7411,12/11/2023 12:46,10.51,100,10.52,21344222,JEN,deep
7412,12/11/2023 13:46,10.5,100,10.51,21344222,JEN,deep
7413,12/11/2023 14:46,10.5,100,10.51,21344222,JEN,deep
7414,12/11/2023 15:46,10.52,100,10.53,21344222,JEN,deep
7415,12/11/2023 16:46,10.5,100,10.51,21344222,JEN,deep
7416,12/11/2023 17:46,10.54,100,10.55,21344222,JEN,deep
7417,12/11/2023 18:46,10.45,100,10.47,21344222,JEN,deep
7418,12/11/2023 19:46,10.5,100,10.51,21344222,JEN,deep
7419,12/11/2023 20:46,10.54,100,10.55,21344222,JEN,deep
7420,12/11/2023 21:46,10.53,100,10.54,21344222,JEN,deep
7421,12/11/2023 22:46,10.53,100,10.54,21344222,JEN,deep
7422,12/11/2023 23:46,10.52,100,10.53,21344222,JEN,deep
7423,12/12/2023 0:46,10.53,100,10.54,21344222,JEN,deep
7424,12/12/2023 1:46,10.55,100,10.56,21344222,JEN,deep
7425,12/12/2023 2:46,10.52,100,10.53,21344222,JEN,deep
7426,12/12/2023 3:46,10.52,100,10.53,21344222,JEN,deep
7427,12/12/2023 4:46,10.53,100,10.54,21344222,JEN,deep
7428,12/12/2023 5:46,10.51,100,10.52,21344222,JEN,deep
7429,12/12/2023 6:46,10.49,100,10.5,21344222,JEN,deep
7430,12/12/2023 7:46,10.46,100,10.48,21344222,JEN,deep
7431,12/12/2023 8:46,10.54,100,10.55,21344222,JEN,deep
7432,12/12/2023 9:46,10.51,100,10.52,21344222,JEN,deep
7433,12/12/2023 10:46,10.52,100,10.53,21344222,JEN,deep
7434,12/12/2023 11:46,10.54,100,10.55,21344222,JEN,deep
7435,12/12/2023 12:46,10.51,100,10.52,21344222,JEN,deep
7436,12/12/2023 13:46,10.49,100,10.5,21344222,JEN,deep
7437,12/12/2023 14:46,10.53,100,10.54,21344222,JEN,deep
7438,12/12/2023 15:46,10.52,100,10.53,21344222,JEN,deep
7439,12/12/2023 16:46,10.52,100,10.53,21344222,JEN,deep
7440,12/12/2023 17:46,10.51,100,10.52,21344222,JEN,deep
7441,12/12/2023 18:46,10.52,100,10.53,21344222,JEN,deep
7442,12/12/2023 19:46,10.54,100,10.55,21344222,JEN,deep
7443,12/12/2023 20:46,10.51,100,10.52,21344222,JEN,deep
7444,12/12/2023 21:46,10.51,100,10.52,21344222,JEN,deep
7445,12/12/2023 22:46,10.54,100,10.55,21344222,JEN,deep
7446,12/12/2023 23:46,10.52,100,10.53,21344222,JEN,deep
7447,12/13/2023 00:46:17,10.51,100,10.52,21344222,JEN,deep
7448,12/13/2023 01:46:17,10.53,100,10.54,21344222,JEN,deep
7449,12/13/2023 02:46:17,10.51,100,10.52,21344222,JEN,deep
7450,12/13/2023 03:46:17,10.5,100,10.51,21344222,JEN,deep
7451,12/13/2023 04:46:17,10.54,100,10.55,21344222,JEN,deep
7452,12/13/2023 05:46:17,10.55,100,10.56,21344222,JEN,deep
7453,12/13/2023 06:46:17,10.52,100,10.53,21344222,JEN,deep
7454,12/13/2023 07:46:17,10.52,100,10.53,21344222,JEN,deep
7455,12/13/2023 08:46:17,10.53,100,10.54,21344222,JEN,deep
7456,12/13/2023 09:46:17,10.52,100,10.53,21344222,JEN,deep
7457,12/13/2023 10:46:17,10.53,100,10.54,21344222,JEN,deep
7458,12/13/2023 11:46:17,10.48,100,10.49,21344222,JEN,deep
7459,12/13/2023 12:46:17,10.53,100,10.54,21344222,JEN,deep
7460,12/13/2023 13:46:17,10.5,100,10.51,21344222,JEN,deep
7461,12/13/2023 14:46:17,10.52,100,10.53,21344222,JEN,deep
7462,12/13/2023 15:46:17,10.48,100,10.49,21344222,JEN,deep
7463,12/13/2023 16:46:17,10.5,100,10.51,21344222,JEN,deep
7464,12/13/2023 17:46:17,10.5,100,10.51,21344222,JEN,deep
7465,12/13/2023 18:46:17,10.48,100,10.49,21344222,JEN,deep
7466,12/13/2023 19:46:17,10.53,100,10.54,21344222,JEN,deep
7467,12/13/2023 20:46:17,10.49,100,10.5,21344222,JEN,deep
7468,12/13/2023 21:46:17,10.54,100,10.55,21344222,JEN,deep
7469,12/13/2023 22:46:17,10.51,100,10.52,21344222,JEN,deep
7470,12/13/2023 23:46:17,10.51,100,10.52,21344222,JEN,deep
7471,12/14/2023 00:46:17,10.51,100,10.52,21344222,JEN,deep
7472,12/14/2023 01:46:17,10.52,100,10.53,21344222,JEN,deep
7473,12/14/2023 02:46:17,10.55,100,10.56,21344222,JEN,deep
7474,12/14/2023 03:46:17,10.51,100,10.52,21344222,JEN,deep
7475,12/14/2023 04:46:17,10.53,100,10.54,21344222,JEN,deep
7476,12/14/2023 05:46:17,10.49,100,10.5,21344222,JEN,deep
7477,12/14/2023 06:46:17,10.51,100,10.52,21344222,JEN,deep
7478,12/14/2023 07:46:17,10.5,100,10.51,21344222,JEN,deep
7479,12/14/2023 08:46:17,10.5,100,10.51,21344222,JEN,deep
7480,12/14/2023 09:46:17,10.53,100,10.54,21344222,JEN,deep
7481,12/14/2023 10:46:17,10.5,100,10.51,21344222,JEN,deep
7482,12/14/2023 11:46:17,10.5,100,10.51,21344222,JEN,deep
7483,12/14/2023 12:46:17,10.5,100,10.51,21344222,JEN,deep
7484,12/14/2023 13:46:17,10.49,100,10.5,21344222,JEN,deep
7485,12/14/2023 14:46:17,10.52,100,10.53,21344222,JEN,deep
7486,12/14/2023 15:46:17,10.5,100,10.51,21344222,JEN,deep
7487,12/14/2023 16:46:17,10.5,100,10.51,21344222,JEN,deep
7488,12/14/2023 17:46:17,10.5,100,10.51,21344222,JEN,deep
7489,12/14/2023 18:46:17,10.51,100,10.52,21344222,JEN,deep
7490,12/14/2023 19:46:17,10.5,100,10.51,21344222,JEN,deep
7491,12/14/2023 20:46:17,10.53,100,10.54,21344222,JEN,deep
7492,12/14/2023 21:46:17,10.51,100,10.52,21344222,JEN,deep
7493,12/14/2023 22:46:17,10.51,100,10.52,21344222,JEN,deep
7494,12/14/2023 23:46:17,10.55,100,10.56,21344222,JEN,deep
7495,12/15/2023 00:46:17,10.53,100,10.54,21344222,JEN,deep
7496,12/15/2023 01:46:17,10.52,100,10.53,21344222,JEN,deep
7497,12/15/2023 02:46:17,10.55,100,10.56,21344222,JEN,deep
7498,12/15/2023 03:46:17,10.51,100,10.52,21344222,JEN,deep
7499,12/15/2023 04:46:17,10.5,100,10.51,21344222,JEN,deep
7500,12/15/2023 05:46:17,10.51,100,10.52,21344222,JEN,deep
7501,12/15/2023 06:46:17,10.56,100,10.57,21344222,JEN,deep
7502,12/15/2023 07:46:17,10.52,100,10.53,21344222,JEN,deep
7503,12/15/2023 08:46:17,10.53,100,10.54,21344222,JEN,deep
7504,12/15/2023 09:46:17,10.51,100,10.52,21344222,JEN,deep
7505,12/15/2023 10:46:17,10.51,100,10.52,21344222,JEN,deep
7506,12/15/2023 11:46:17,10.51,100,10.52,21344222,JEN,deep
7507,12/15/2023 12:46:17,10.51,100,10.52,21344222,JEN,deep
7508,12/15/2023 13:46:17,10.53,100,10.54,21344222,JEN,deep
7509,12/15/2023 14:46:17,10.51,100,10.52,21344222,JEN,deep
7510,12/15/2023 15:46:17,10.5,100,10.51,21344222,JEN,deep
7511,12/15/2023 16:46:17,10.51,100,10.52,21344222,JEN,deep
7512,12/15/2023 17:46:17,10.51,100,10.52,21344222,JEN,deep
7513,12/15/2023 18:46:17,10.48,100,10.49,21344222,JEN,deep
7514,12/15/2023 19:46:17,10.53,100,10.54,21344222,JEN,deep
7515,12/15/2023 20:46:17,10.51,100,10.52,21344222,JEN,deep
7516,12/15/2023 21:46:17,10.55,100,10.56,21344222,JEN,deep
7517,12/15/2023 22:46:17,10.51,100,10.52,21344222,JEN,deep
7518,12/15/2023 23:46:17,10.52,100,10.53,21344222,JEN,deep
7519,12/16/2023 00:46:17,10.53,100,10.54,21344222,JEN,deep
7520,12/16/2023 01:46:17,10.52,100,10.53,21344222,JEN,deep
7521,12/16/2023 02:46:17,10.51,100,10.52,21344222,JEN,deep
7522,12/16/2023 03:46:17,10.53,100,10.54,21344222,JEN,deep
7523,12/16/2023 04:46:17,10.53,100,10.54,21344222,JEN,deep
7524,12/16/2023 05:46:17,10.52,100,10.53,21344222,JEN,deep
7525,12/16/2023 06:46:17,10.52,100,10.53,21344222,JEN,deep
7526,12/16/2023 07:46:17,10.52,100,10.53,21344222,JEN,deep
7527,12/16/2023 08:46:17,10.51,100,10.52,21344222,JEN,deep
7528,12/16/2023 09:46:17,10.51,100,10.52,21344222,JEN,deep
7529,12/16/2023 10:46:17,10.53,100,10.54,21344222,JEN,deep
7530,12/16/2023 11:46:17,10.52,100,10.53,21344222,JEN,deep
7531,12/16/2023 12:46:17,10.52,100,10.53,21344222,JEN,deep
7532,12/16/2023 13:46:17,10.49,100,10.5,21344222,JEN,deep
7533,12/16/2023 14:46:17,10.52,100,10.53,21344222,JEN,deep
7534,12/16/2023 15:46:17,10.5,100,10.51,21344222,JEN,deep
7535,12/16/2023 16:46:17,10.51,100,10.52,21344222,JEN,deep
7536,12/16/2023 17:46:17,10.52,100,10.53,21344222,JEN,deep
7537,12/16/2023 18:46:17,10.54,100,10.55,21344222,JEN,deep
7538,12/16/2023 19:46:17,10.52,100,10.53,21344222,JEN,deep
7539,12/16/2023 20:46:17,10.51,100,10.52,21344222,JEN,deep
7540,12/16/2023 21:46:17,10.51,100,10.52,21344222,JEN,deep
7541,12/16/2023 22:46:17,10.51,100,10.52,21344222,JEN,deep
7542,12/16/2023 23:46:17,10.53,100,10.54,21344222,JEN,deep
7543,12/17/2023 00:46:17,10.51,100,10.52,21344222,JEN,deep
7544,12/17/2023 01:46:17,10.51,100,10.52,21344222,JEN,deep
7545,12/17/2023 02:46:17,10.51,100,10.52,21344222,JEN,deep
7546,12/17/2023 03:46:17,10.52,100,10.53,21344222,JEN,deep
7547,12/17/2023 04:46:17,10.55,100,10.56,21344222,JEN,deep
7548,12/17/2023 05:46:17,10.55,100,10.56,21344222,JEN,deep
7549,12/17/2023 06:46:17,10.53,100,10.54,21344222,JEN,deep
7550,12/17/2023 07:46:17,10.53,100,10.54,21344222,JEN,deep
7551,12/17/2023 08:46:17,10.51,100,10.52,21344222,JEN,deep
7552,12/17/2023 09:46:17,10.5,100,10.51,21344222,JEN,deep
7553,12/17/2023 10:46:17,10.54,100,10.55,21344222,JEN,deep
7554,12/17/2023 11:46:17,10.5,100,10.51,21344222,JEN,deep
7555,12/17/2023 12:46:17,10.53,100,10.54,21344222,JEN,deep
7556,12/17/2023 13:46:17,10.53,100,10.54,21344222,JEN,deep
7557,12/17/2023 14:46:17,10.51,100,10.52,21344222,JEN,deep
7558,12/17/2023 15:46:17,10.53,100,10.54,21344222,JEN,deep
7559,12/17/2023 16:46:17,10.53,100,10.54,21344222,JEN,deep
7560,12/17/2023 17:46:17,10.52,100,10.53,21344222,JEN,deep
7561,12/17/2023 18:46:17,10.49,100,10.5,21344222,JEN,deep
7562,12/17/2023 19:46:17,10.54,100,10.55,21344222,JEN,deep
7563,12/17/2023 20:46:17,10.52,100,10.53,21344222,JEN,deep
7564,12/17/2023 21:46:17,10.49,100,10.5,21344222,JEN,deep
7565,12/17/2023 22:46:17,10.52,100,10.53,21344222,JEN,deep
7566,12/17/2023 23:46:17,10.5,100,10.51,21344222,JEN,deep
7567,12/18/2023 00:46:17,10.53,100,10.54,21344222,JEN,deep
7568,12/18/2023 01:46:17,10.54,100,10.55,21344222,JEN,deep
7569,12/18/2023 02:46:17,10.53,100,10.54,21344222,JEN,deep
7570,12/18/2023 03:46:17,10.51,100,10.52,21344222,JEN,deep
7571,12/18/2023 04:46:17,10.54,100,10.55,21344222,JEN,deep
7572,12/18/2023 05:46:17,10.55,100,10.56,21344222,JEN,deep
7573,12/18/2023 06:46:17,10.55,100,10.56,21344222,JEN,deep
7574,12/18/2023 07:46:17,10.51,100,10.52,21344222,JEN,deep
7575,12/18/2023 08:46:17,10.52,100,10.53,21344222,JEN,deep
7576,12/18/2023 09:46:17,10.52,100,10.53,21344222,JEN,deep
7577,12/18/2023 10:46:17,10.51,100,10.52,21344222,JEN,deep
7578,12/18/2023 11:46:17,10.52,100,10.53,21344222,JEN,deep
7579,12/18/2023 12:46:17,10.53,100,10.54,21344222,JEN,deep
7580,12/18/2023 13:46:17,10.5,100,10.51,21344222,JEN,deep
7581,12/18/2023 14:46:17,10.53,100,10.54,21344222,JEN,deep
7582,12/18/2023 15:46:17,10.49,100,10.5,21344222,JEN,deep
7583,12/18/2023 16:46:17,10.5,100,10.51,21344222,JEN,deep
7584,12/18/2023 17:46:17,10.51,100,10.52,21344222,JEN,deep
7585,12/18/2023 18:46:17,10.51,100,10.52,21344222,JEN,deep
7586,12/18/2023 19:46:17,10.53,100,10.54,21344222,JEN,deep
7587,12/18/2023 20:46:17,10.51,100,10.52,21344222,JEN,deep
7588,12/18/2023 21:46:17,10.5,100,10.51,21344222,JEN,deep
7589,12/18/2023 22:46:17,10.53,100,10.54,21344222,JEN,deep
7590,12/18/2023 23:46:17,10.52,100,10.53,21344222,JEN,deep
7591,12/19/2023 00:46:17,10.53,100,10.54,21344222,JEN,deep
7592,12/19/2023 01:46:17,10.54,100,10.55,21344222,JEN,deep
7593,12/19/2023 02:46:17,10.52,100,10.53,21344222,JEN,deep
7594,12/19/2023 03:46:17,10.53,100,10.54,21344222,JEN,deep
7595,12/19/2023 04:46:17,10.55,100,10.56,21344222,JEN,deep
7596,12/19/2023 05:46:17,10.53,100,10.54,21344222,JEN,deep
7597,12/19/2023 06:46:17,10.52,100,10.53,21344222,JEN,deep
7598,12/19/2023 07:46:17,10.51,100,10.52,21344222,JEN,deep
7599,12/19/2023 08:46:17,10.48,100,10.49,21344222,JEN,deep
7600,12/19/2023 09:46:17,10.54,100,10.55,21344222,JEN,deep
7601,12/19/2023 10:46:17,10.49,100,10.5,21344222,JEN,deep
7602,12/19/2023 11:46:17,10.51,100,10.52,21344222,JEN,deep
7603,12/19/2023 12:46:17,10.5,100,10.51,21344222,JEN,deep
7604,12/19/2023 13:46:17,10.49,100,10.5,21344222,JEN,deep
7605,12/19/2023 14:46:17,10.49,100,10.5,21344222,JEN,deep
7606,12/19/2023 15:46:17,10.51,100,10.52,21344222,JEN,deep
7607,12/19/2023 16:46:17,10.51,100,10.52,21344222,JEN,deep
7608,12/19/2023 17:46:17,10.49,100,10.5,21344222,JEN,deep
7609,12/19/2023 18:46:17,10.51,100,10.52,21344222,JEN,deep
7610,12/19/2023 19:46:17,10.5,100,10.51,21344222,JEN,deep
7611,12/19/2023 20:46:17,10.5,100,10.51,21344222,JEN,deep
7612,12/19/2023 21:46:17,10.51,100,10.52,21344222,JEN,deep
7613,12/19/2023 22:46:17,10.52,100,10.53,21344222,JEN,deep
7614,12/19/2023 23:46:17,10.51,100,10.52,21344222,JEN,deep
7615,12/20/2023 00:46:17,10.51,100,10.52,21344222,JEN,deep
7616,12/20/2023 01:46:17,10.53,100,10.54,21344222,JEN,deep
7617,12/20/2023 02:46:17,10.52,100,10.53,21344222,JEN,deep
7618,12/20/2023 03:46:17,10.53,100,10.54,21344222,JEN,deep
7619,12/20/2023 04:46:17,10.52,100,10.53,21344222,JEN,deep
7620,12/20/2023 05:46:17,10.5,100,10.51,21344222,JEN,deep
7621,12/20/2023 06:46:17,10.52,100,10.53,21344222,JEN,deep
7622,12/20/2023 07:46:17,10.52,100,10.53,21344222,JEN,deep
7623,12/20/2023 08:46:17,10.54,100,10.55,21344222,JEN,deep
7624,12/20/2023 09:46:17,10.51,100,10.52,21344222,JEN,deep
7625,12/20/2023 10:46:17,10.51,100,10.52,21344222,JEN,deep
7626,12/20/2023 11:46:17,10.52,100,10.53,21344222,JEN,deep
7627,12/20/2023 12:46:17,10.49,100,10.5,21344222,JEN,deep
7628,12/20/2023 13:46:17,10.49,100,10.5,21344222,JEN,deep
7629,12/20/2023 14:46:17,10.51,100,10.52,21344222,JEN,deep
7630,12/20/2023 15:46:17,10.5,100,10.51,21344222,JEN,deep
7631,12/20/2023 16:46:17,10.49,100,10.5,21344222,JEN,deep
7632,12/20/2023 17:46:17,10.49,100,10.5,21344222,JEN,deep
7633,12/20/2023 18:46:17,10.52,100,10.53,21344222,JEN,deep
7634,12/20/2023 19:46:17,10.5,100,10.51,21344222,JEN,deep
7635,12/20/2023 20:46:17,10.51,100,10.52,21344222,JEN,deep
7636,12/20/2023 21:46:17,10.51,100,10.52,21344222,JEN,deep
7637,12/20/2023 22:46:17,10.54,100,10.55,21344222,JEN,deep
7638,12/20/2023 23:46:17,10.55,100,10.56,21344222,JEN,deep
7639,12/21/2023 00:46:17,10.51,100,10.52,21344222,JEN,deep
7640,12/21/2023 01:46:17,10.54,100,10.55,21344222,JEN,deep
7641,12/21/2023 02:46:17,10.54,100,10.55,21344222,JEN,deep
7642,12/21/2023 03:46:17,10.56,100,10.57,21344222,JEN,deep
7643,12/21/2023 04:46:17,10.53,100,10.54,21344222,JEN,deep
7644,12/21/2023 05:46:17,10.54,100,10.55,21344222,JEN,deep
7645,12/21/2023 06:46:17,10.52,100,10.53,21344222,JEN,deep
7646,12/21/2023 07:46:17,10.53,100,10.54,21344222,JEN,deep
7647,12/21/2023 08:46:17,10.54,100,10.55,21344222,JEN,deep
7648,12/21/2023 09:46:17,10.55,100,10.56,21344222,JEN,deep
7649,12/21/2023 10:46:17,10.54,100,10.55,21344222,JEN,deep
7650,12/21/2023 11:46:17,10.55,100,10.56,21344222,JEN,deep
7651,12/21/2023 12:46:17,10.55,100,10.56,21344222,JEN,deep
7652,12/21/2023 13:46:17,10.55,100,10.56,21344222,JEN,deep
7653,12/21/2023 14:46:17,10.55,100,10.56,21344222,JEN,deep
7654,12/21/2023 15:46:17,10.54,100,10.55,21344222,JEN,deep
7655,12/21/2023 16:46:17,10.55,100,10.56,21344222,JEN,deep
7656,12/21/2023 17:46:17,10.54,100,10.55,21344222,JEN,deep
7657,12/21/2023 18:46:17,10.55,100,10.56,21344222,JEN,deep
7658,12/21/2023 19:46:17,10.55,100,10.56,21344222,JEN,deep
7659,12/21/2023 20:46:17,10.57,100,10.58,21344222,JEN,deep
7660,12/21/2023 21:46:17,10.53,100,10.54,21344222,JEN,deep
7661,12/21/2023 22:46:17,10.55,100,10.56,21344222,JEN,deep
7662,12/21/2023 23:46:17,10.55,100,10.56,21344222,JEN,deep
7663,12/22/2023 00:46:17,10.55,100,10.56,21344222,JEN,deep
7664,12/22/2023 01:46:17,10.54,100,10.55,21344222,JEN,deep
7665,12/22/2023 02:46:17,10.53,100,10.54,21344222,JEN,deep
7666,12/22/2023 03:46:17,10.55,100,10.56,21344222,JEN,deep
7667,12/22/2023 04:46:17,10.55,100,10.56,21344222,JEN,deep
7668,12/22/2023 05:46:17,10.56,100,10.57,21344222,JEN,deep
7669,12/22/2023 06:46:17,10.55,100,10.56,21344222,JEN,deep
7670,12/22/2023 07:46:17,10.55,100,10.56,21344222,JEN,deep
7671,12/22/2023 08:46:17,10.54,100,10.55,21344222,JEN,deep
7672,12/22/2023 09:46:17,10.55,100,10.56,21344222,JEN,deep
7673,12/22/2023 10:46:17,10.55,100,10.56,21344222,JEN,deep
7674,12/22/2023 11:46:17,10.53,100,10.54,21344222,JEN,deep
7675,12/22/2023 12:46:17,10.55,100,10.56,21344222,JEN,deep
7676,12/22/2023 13:46:17,10.54,100,10.55,21344222,JEN,deep
7677,12/22/2023 14:46:17,10.54,100,10.55,21344222,JEN,deep
7678,12/22/2023 15:46:17,10.53,100,10.54,21344222,JEN,deep
7679,12/22/2023 16:46:17,10.56,100,10.57,21344222,JEN,deep
7680,12/22/2023 17:46:17,10.55,100,10.56,21344222,JEN,deep
7681,12/22/2023 18:46:17,10.55,100,10.56,21344222,JEN,deep
7682,12/22/2023 19:46:17,10.54,100,10.55,21344222,JEN,deep
7683,12/22/2023 20:46:17,10.59,100,10.61,21344222,JEN,deep
7684,12/22/2023 21:46:17,10.55,100,10.56,21344222,JEN,deep
7685,12/22/2023 22:46:17,10.57,100,10.58,21344222,JEN,deep
7686,12/22/2023 23:46:17,10.57,100,10.58,21344222,JEN,deep
7687,12/23/2023 00:46:17,10.56,100,10.57,21344222,JEN,deep
7688,12/23/2023 01:46:17,10.53,100,10.54,21344222,JEN,deep
7689,12/23/2023 02:46:17,10.53,100,10.54,21344222,JEN,deep
7690,12/23/2023 03:46:17,10.55,100,10.56,21344222,JEN,deep
7691,12/23/2023 04:46:17,10.55,100,10.56,21344222,JEN,deep
7692,12/23/2023 05:46:17,10.56,100,10.57,21344222,JEN,deep
7693,12/23/2023 06:46:17,10.53,100,10.54,21344222,JEN,deep
7694,12/23/2023 07:46:17,10.58,100,10.59,21344222,JEN,deep
7695,12/23/2023 08:46:17,10.58,100,10.59,21344222,JEN,deep
7696,12/23/2023 09:46:17,10.55,100,10.56,21344222,JEN,deep
7697,12/23/2023 10:46:17,10.54,100,10.55,21344222,JEN,deep
7698,12/23/2023 11:46:17,10.53,100,10.54,21344222,JEN,deep
7699,12/23/2023 12:46:17,10.55,100,10.56,21344222,JEN,deep
7700,12/23/2023 13:46:17,10.56,100,10.57,21344222,JEN,deep
7701,12/23/2023 14:46:17,10.54,100,10.55,21344222,JEN,deep
7702,12/23/2023 15:46:17,10.55,100,10.56,21344222,JEN,deep
7703,12/23/2023 16:46:17,10.56,100,10.57,21344222,JEN,deep
7704,12/23/2023 17:46:17,10.55,100,10.56,21344222,JEN,deep
7705,12/23/2023 18:46:17,10.58,100,10.59,21344222,JEN,deep
7706,12/23/2023 19:46:17,10.55,100,10.56,21344222,JEN,deep
7707,12/23/2023 20:46:17,10.55,100,10.56,21344222,JEN,deep
7708,12/23/2023 21:46:17,10.56,100,10.57,21344222,JEN,deep
7709,12/23/2023 22:46:17,10.55,100,10.56,21344222,JEN,deep
7710,12/23/2023 23:46:17,10.55,100,10.56,21344222,JEN,deep
7711,12/24/2023 00:46:17,10.57,100,10.58,21344222,JEN,deep
7712,12/24/2023 01:46:17,10.56,100,10.57,21344222,JEN,deep
7713,12/24/2023 02:46:17,10.57,100,10.58,21344222,JEN,deep
7714,12/24/2023 03:46:17,10.56,100,10.57,21344222,JEN,deep
7715,12/24/2023 04:46:17,10.55,100,10.56,21344222,JEN,deep
7716,12/24/2023 05:46:17,10.57,100,10.58,21344222,JEN,deep
7717,12/24/2023 06:46:17,10.58,100,10.59,21344222,JEN,deep
7718,12/24/2023 07:46:17,10.55,100,10.56,21344222,JEN,deep
7719,12/24/2023 08:46:17,10.56,100,10.57,21344222,JEN,deep
7720,12/24/2023 09:46:17,10.56,100,10.57,21344222,JEN,deep
7721,12/24/2023 10:46:17,10.54,100,10.55,21344222,JEN,deep
7722,12/24/2023 11:46:17,10.56,100,10.57,21344222,JEN,deep
7723,12/24/2023 12:46:17,10.55,100,10.56,21344222,JEN,deep
7724,12/24/2023 13:46:17,10.55,100,10.56,21344222,JEN,deep
7725,12/24/2023 14:46:17,10.55,100,10.56,21344222,JEN,deep
7726,12/24/2023 15:46:17,10.55,100,10.56,21344222,JEN,deep
7727,12/24/2023 16:46:17,10.55,100,10.56,21344222,JEN,deep
7728,12/24/2023 17:46:17,10.55,100,10.56,21344222,JEN,deep
7729,12/24/2023 18:46:17,10.56,100,10.57,21344222,JEN,deep
7730,12/24/2023 19:46:17,10.54,100,10.55,21344222,JEN,deep
7731,12/24/2023 20:46:17,10.54,100,10.55,21344222,JEN,deep
7732,12/24/2023 21:46:17,10.55,100,10.56,21344222,JEN,deep
7733,12/24/2023 22:46:17,10.54,100,10.55,21344222,JEN,deep
7734,12/24/2023 23:46:17,10.57,100,10.58,21344222,JEN,deep
7735,12/25/2023 00:46:17,10.54,100,10.55,21344222,JEN,deep
7736,12/25/2023 01:46:17,10.55,100,10.56,21344222,JEN,deep
7737,12/25/2023 02:46:17,10.54,100,10.55,21344222,JEN,deep
7738,12/25/2023 03:46:17,10.55,100,10.56,21344222,JEN,deep
7739,12/25/2023 04:46:17,10.54,100,10.55,21344222,JEN,deep
7740,12/25/2023 05:46:17,10.54,100,10.55,21344222,JEN,deep
7741,12/25/2023 06:46:17,10.55,100,10.56,21344222,JEN,deep
7742,12/25/2023 07:46:17,10.55,100,10.56,21344222,JEN,deep
7743,12/25/2023 08:46:17,10.55,100,10.56,21344222,JEN,deep
7744,12/25/2023 09:46:17,10.56,100,10.57,21344222,JEN,deep
7745,12/25/2023 10:46:17,10.54,100,10.55,21344222,JEN,deep
7746,12/25/2023 11:46:17,10.58,100,10.59,21344222,JEN,deep
7747,12/25/2023 12:46:17,10.55,100,10.56,21344222,JEN,deep
7748,12/25/2023 13:46:17,10.55,100,10.56,21344222,JEN,deep
7749,12/25/2023 14:46:17,10.53,100,10.54,21344222,JEN,deep
7750,12/25/2023 15:46:17,10.54,100,10.55,21344222,JEN,deep
7751,12/25/2023 16:46:17,10.55,100,10.56,21344222,JEN,deep
7752,12/25/2023 17:46:17,10.54,100,10.55,21344222,JEN,deep
7753,12/25/2023 18:46:17,10.57,100,10.58,21344222,JEN,deep
7754,12/25/2023 19:46:17,10.55,100,10.56,21344222,JEN,deep
7755,12/25/2023 20:46:17,10.54,100,10.55,21344222,JEN,deep
7756,12/25/2023 21:46:17,10.55,100,10.56,21344222,JEN,deep
7757,12/25/2023 22:46:17,10.53,100,10.54,21344222,JEN,deep
7758,12/25/2023 23:46:17,10.57,100,10.58,21344222,JEN,deep
7759,12/26/2023 00:46:17,10.55,100,10.56,21344222,JEN,deep
7760,12/26/2023 01:46:17,10.55,100,10.56,21344222,JEN,deep
7761,12/26/2023 02:46:17,10.55,100,10.56,21344222,JEN,deep
7762,12/26/2023 03:46:17,10.56,100,10.57,21344222,JEN,deep
7763,12/26/2023 04:46:17,10.55,100,10.56,21344222,JEN,deep
7764,12/26/2023 05:46:17,10.54,100,10.55,21344222,JEN,deep
7765,12/26/2023 06:46:17,10.55,100,10.56,21344222,JEN,deep
7766,12/26/2023 07:46:17,10.56,100,10.57,21344222,JEN,deep
7767,12/26/2023 08:46:17,10.55,100,10.56,21344222,JEN,deep
7768,12/26/2023 09:46:17,10.55,100,10.56,21344222,JEN,deep
7769,12/26/2023 10:46:17,10.55,100,10.56,21344222,JEN,deep
7770,12/26/2023 11:46:17,10.55,100,10.56,21344222,JEN,deep
7771,12/26/2023 12:46:17,10.55,100,10.56,21344222,JEN,deep
7772,12/26/2023 13:46:17,10.53,100,10.54,21344222,JEN,deep
7773,12/26/2023 14:46:17,10.56,100,10.57,21344222,JEN,deep
7774,12/26/2023 15:46:17,10.55,100,10.56,21344222,JEN,deep
7775,12/26/2023 16:46:17,10.51,100,10.52,21344222,JEN,deep
7776,12/26/2023 17:46:17,10.54,100,10.55,21344222,JEN,deep
7777,12/26/2023 18:46:17,10.55,100,10.56,21344222,JEN,deep
7778,12/26/2023 19:46:17,10.54,100,10.55,21344222,JEN,deep
7779,12/26/2023 20:46:17,10.55,100,10.56,21344222,JEN,deep
7780,12/26/2023 21:46:17,10.54,100,10.55,21344222,JEN,deep
7781,12/26/2023 22:46:17,10.53,100,10.54,21344222,JEN,deep
7782,12/26/2023 23:46:17,10.58,100,10.59,21344222,JEN,deep
7783,12/27/2023 00:46:17,10.55,100,10.56,21344222,JEN,deep
7784,12/27/2023 01:46:17,10.55,100,10.56,21344222,JEN,deep
7785,12/27/2023 02:46:17,10.55,100,10.56,21344222,JEN,deep
7786,12/27/2023 03:46:17,10.55,100,10.56,21344222,JEN,deep
7787,12/27/2023 04:46:17,10.54,100,10.55,21344222,JEN,deep
7788,12/27/2023 05:46:17,10.55,100,10.56,21344222,JEN,deep
7789,12/27/2023 06:46:17,10.56,100,10.57,21344222,JEN,deep
7790,12/27/2023 07:46:17,10.56,100,10.57,21344222,JEN,deep
7791,12/27/2023 08:46:17,10.55,100,10.56,21344222,JEN,deep
7792,12/27/2023 09:46:17,10.55,100,10.56,21344222,JEN,deep
7793,12/27/2023 10:46:17,10.57,100,10.58,21344222,JEN,deep
7794,12/27/2023 11:46:17,10.54,100,10.55,21344222,JEN,deep
7795,12/27/2023 12:46:17,10.54,100,10.55,21344222,JEN,deep
7796,12/27/2023 13:46:17,10.55,100,10.56,21344222,JEN,deep
7797,12/27/2023 14:46:17,10.52,100,10.53,21344222,JEN,deep
7798,12/27/2023 15:46:17,10.58,100,10.59,21344222,JEN,deep
7799,12/27/2023 16:46:17,10.52,100,10.53,21344222,JEN,deep
7800,12/27/2023 17:46:17,10.53,100,10.54,21344222,JEN,deep
7801,12/27/2023 18:46:17,10.54,100,10.55,21344222,JEN,deep
7802,12/27/2023 19:46:17,10.55,100,10.56,21344222,JEN,deep
7803,12/27/2023 20:46:17,10.55,100,10.56,21344222,JEN,deep
7804,12/27/2023 21:46:17,10.55,100,10.56,21344222,JEN,deep
7805,12/27/2023 22:46:17,10.54,100,10.55,21344222,JEN,deep
7806,12/27/2023 23:46:17,10.54,100,10.55,21344222,JEN,deep
7807,12/28/2023 00:46:17,10.56,100,10.57,21344222,JEN,deep
7808,12/28/2023 01:46:17,10.54,100,10.55,21344222,JEN,deep
7809,12/28/2023 02:46:17,10.55,100,10.56,21344222,JEN,deep
7810,12/28/2023 03:46:17,10.55,100,10.56,21344222,JEN,deep
7811,12/28/2023 04:46:17,10.55,100,10.56,21344222,JEN,deep
7812,12/28/2023 05:46:17,10.55,100,10.56,21344222,JEN,deep
7813,12/28/2023 06:46:17,10.55,100,10.56,21344222,JEN,deep
7814,12/28/2023 07:46:17,10.55,100,10.56,21344222,JEN,deep
7815,12/28/2023 08:46:17,10.57,100,10.58,21344222,JEN,deep
7816,12/28/2023 09:46:17,10.53,100,10.54,21344222,JEN,deep
7817,12/28/2023 10:46:17,10.55,100,10.56,21344222,JEN,deep
7818,12/28/2023 11:46:17,10.53,100,10.54,21344222,JEN,deep
7819,12/28/2023 12:46:17,10.54,100,10.55,21344222,JEN,deep
7820,12/28/2023 13:46:17,10.53,100,10.54,21344222,JEN,deep
7821,12/28/2023 14:46:17,10.54,100,10.55,21344222,JEN,deep
7822,12/28/2023 15:46:17,10.53,100,10.54,21344222,JEN,deep
7823,12/28/2023 16:46:17,10.55,100,10.56,21344222,JEN,deep
7824,12/28/2023 17:46:17,10.55,100,10.56,21344222,JEN,deep
7825,12/28/2023 18:46:17,10.53,100,10.54,21344222,JEN,deep
7826,12/28/2023 19:46:17,10.54,100,10.55,21344222,JEN,deep
7827,12/28/2023 20:46:17,10.54,100,10.55,21344222,JEN,deep
7828,12/28/2023 21:46:17,10.55,100,10.56,21344222,JEN,deep
7829,12/28/2023 22:46:17,10.53,100,10.54,21344222,JEN,deep
7830,12/28/2023 23:46:17,10.55,100,10.56,21344222,JEN,deep
7831,12/29/2023 00:46:17,10.53,100,10.54,21344222,JEN,deep
7832,12/29/2023 01:46:17,10.56,100,10.57,21344222,JEN,deep
7833,12/29/2023 02:46:17,10.55,100,10.56,21344222,JEN,deep
7834,12/29/2023 03:46:17,10.55,100,10.56,21344222,JEN,deep
7835,12/29/2023 04:46:17,10.55,100,10.56,21344222,JEN,deep
7836,12/29/2023 05:46:17,10.57,100,10.58,21344222,JEN,deep
7837,12/29/2023 06:46:17,10.55,100,10.56,21344222,JEN,deep
7838,12/29/2023 07:46:17,10.55,100,10.56,21344222,JEN,deep
7839,12/29/2023 08:46:17,10.53,100,10.54,21344222,JEN,deep
7840,12/29/2023 09:46:17,10.55,100,10.56,21344222,JEN,deep
7841,12/29/2023 10:46:17,10.54,100,10.55,21344222,JEN,deep
7842,12/29/2023 11:46:17,10.55,100,10.56,21344222,JEN,deep
7843,12/29/2023 12:46:17,10.55,100,10.56,21344222,JEN,deep
7844,12/29/2023 13:46:17,10.57,100,10.58,21344222,JEN,deep
7845,12/29/2023 14:46:17,10.56,100,10.57,21344222,JEN,deep
7846,12/29/2023 15:46:17,10.55,100,10.56,21344222,JEN,deep
7847,12/29/2023 16:46:17,10.54,100,10.55,21344222,JEN,deep
7848,12/29/2023 17:46:17,10.53,100,10.54,21344222,JEN,deep
7849,12/29/2023 18:46:17,10.56,100,10.57,21344222,JEN,deep
7850,12/29/2023 19:46:17,10.55,100,10.56,21344222,JEN,deep
7851,12/29/2023 20:46:17,10.54,100,10.55,21344222,JEN,deep
7852,12/29/2023 21:46:17,10.53,100,10.54,21344222,JEN,deep
7853,12/29/2023 22:46:17,10.55,100,10.56,21344222,JEN,deep
7854,12/29/2023 23:46:17,10.55,100,10.56,21344222,JEN,deep
7855,12/30/2023 00:46:17,10.53,100,10.54,21344222,JEN,deep
7856,12/30/2023 01:46:17,10.54,100,10.55,21344222,JEN,deep
7857,12/30/2023 02:46:17,10.55,100,10.56,21344222,JEN,deep
7858,12/30/2023 03:46:17,10.55,100,10.56,21344222,JEN,deep
7859,12/30/2023 04:46:17,10.56,100,10.57,21344222,JEN,deep
7860,12/30/2023 05:46:17,10.54,100,10.55,21344222,JEN,deep
7861,12/30/2023 06:46:17,10.55,100,10.56,21344222,JEN,deep
7862,12/30/2023 07:46:17,10.56,100,10.57,21344222,JEN,deep
7863,12/30/2023 08:46:17,10.54,100,10.55,21344222,JEN,deep
7864,12/30/2023 09:46:17,10.55,100,10.56,21344222,JEN,deep
7865,12/30/2023 10:46:17,10.56,100,10.57,21344222,JEN,deep
7866,12/30/2023 11:46:17,10.54,100,10.55,21344222,JEN,deep
7867,12/30/2023 12:46:17,10.55,100,10.56,21344222,JEN,deep
7868,12/30/2023 13:46:17,10.54,100,10.55,21344222,JEN,deep
7869,12/30/2023 14:46:17,10.52,100,10.53,21344222,JEN,deep
7870,12/30/2023 15:46:17,10.55,100,10.56,21344222,JEN,deep
7871,12/30/2023 16:46:17,10.53,100,10.54,21344222,JEN,deep
7872,12/30/2023 17:46:17,10.55,100,10.56,21344222,JEN,deep
7873,12/30/2023 18:46:17,10.56,100,10.57,21344222,JEN,deep
7874,12/30/2023 19:46:17,10.56,100,10.57,21344222,JEN,deep
7875,12/30/2023 20:46:17,10.51,100,10.52,21344222,JEN,deep
7876,12/30/2023 21:46:17,10.55,100,10.56,21344222,JEN,deep
7877,12/30/2023 22:46:17,10.55,100,10.56,21344222,JEN,deep
7878,12/30/2023 23:46:17,10.55,100,10.56,21344222,JEN,deep
7879,12/31/2023 00:46:17,10.55,100,10.56,21344222,JEN,deep
7880,12/31/2023 01:46:17,10.54,100,10.55,21344222,JEN,deep
7881,12/31/2023 02:46:17,10.54,100,10.55,21344222,JEN,deep
7882,12/31/2023 03:46:17,10.56,100,10.57,21344222,JEN,deep
7883,12/31/2023 04:46:17,10.54,100,10.55,21344222,JEN,deep
7884,12/31/2023 05:46:17,10.54,100,10.55,21344222,JEN,deep
7885,12/31/2023 06:46:17,10.55,100,10.56,21344222,JEN,deep
7886,12/31/2023 07:46:17,10.55,100,10.56,21344222,JEN,deep
7887,12/31/2023 08:46:17,10.58,100,10.59,21344222,JEN,deep
7888,12/31/2023 09:46:17,10.57,100,10.58,21344222,JEN,deep
7889,12/31/2023 10:46:17,10.57,100,10.58,21344222,JEN,deep
7890,12/31/2023 11:46:17,10.55,100,10.56,21344222,JEN,deep
7891,12/31/2023 12:46:17,10.57,100,10.58,21344222,JEN,deep
7892,12/31/2023 13:46:17,10.56,100,10.57,21344222,JEN,deep
7893,12/31/2023 14:46:17,10.55,100,10.56,21344222,JEN,deep
7894,12/31/2023 15:46:17,10.57,100,10.58,21344222,JEN,deep
7895,12/31/2023 16:46:17,10.55,100,10.56,21344222,JEN,deep
7896,12/31/2023 17:46:17,10.55,100,10.56,21344222,JEN,deep
7897,12/31/2023 18:46:17,10.55,100,10.56,21344222,JEN,deep
7898,12/31/2023 19:46:17,10.59,100,10.61,21344222,JEN,deep
7899,12/31/2023 20:46:17,10.57,100,10.58,21344222,JEN,deep
7900,12/31/2023 21:46:17,10.55,100,10.56,21344222,JEN,deep
7901,12/31/2023 22:46:17,10.56,100,10.57,21344222,JEN,deep
7902,12/31/2023 23:46:17,10.55,100,10.56,21344222,JEN,deep
7903,1/1/2024 0:46,10.54,100,10.55,21344222,JEN,deep
7904,1/1/2024 1:46,10.55,100,10.56,21344222,JEN,deep
7905,1/1/2024 2:46,10.57,100,10.58,21344222,JEN,deep
7906,1/1/2024 3:46,10.55,100,10.56,21344222,JEN,deep
7907,1/1/2024 4:46,10.56,100,10.57,21344222,JEN,deep
7908,1/1/2024 5:46,10.56,100,10.57,21344222,JEN,deep
7909,1/1/2024 6:46,10.58,100,10.59,21344222,JEN,deep
7910,1/1/2024 7:46,10.57,100,10.58,21344222,JEN,deep
7911,1/1/2024 8:46,10.57,100,10.58,21344222,JEN,deep
7912,1/1/2024 9:46,10.55,100,10.56,21344222,JEN,deep
7913,1/1/2024 10:46,10.55,100,10.56,21344222,JEN,deep
7914,1/1/2024 11:46,10.58,100,10.59,21344222,JEN,deep
7915,1/1/2024 12:46,10.52,100,10.53,21344222,JEN,deep
7916,1/1/2024 13:46,10.58,100,10.59,21344222,JEN,deep
7917,1/1/2024 14:46,10.55,100,10.56,21344222,JEN,deep
7918,1/1/2024 15:46,10.54,100,10.55,21344222,JEN,deep
7919,1/1/2024 16:46,10.57,100,10.58,21344222,JEN,deep
7920,1/1/2024 17:46,10.56,100,10.57,21344222,JEN,deep
7921,1/1/2024 18:46,10.54,100,10.55,21344222,JEN,deep
7922,1/1/2024 19:46,10.55,100,10.56,21344222,JEN,deep
7923,1/1/2024 20:46,10.55,100,10.56,21344222,JEN,deep
7924,1/1/2024 21:46,10.56,100,10.57,21344222,JEN,deep
7925,1/1/2024 22:46,10.55,100,10.56,21344222,JEN,deep
7926,1/1/2024 23:46,10.56,100,10.57,21344222,JEN,deep
7927,1/2/2024 0:46,10.55,100,10.56,21344222,JEN,deep
7928,1/2/2024 1:46,10.56,100,10.57,21344222,JEN,deep
7929,1/2/2024 2:46,10.58,100,10.59,21344222,JEN,deep
7930,1/2/2024 3:46,10.55,100,10.56,21344222,JEN,deep
7931,1/2/2024 4:46,10.54,100,10.55,21344222,JEN,deep
7932,1/2/2024 5:46,10.52,100,10.53,21344222,JEN,deep
7933,1/2/2024 6:46,10.54,100,10.55,21344222,JEN,deep
7934,1/2/2024 7:46,10.56,100,10.57,21344222,JEN,deep
7935,1/2/2024 8:46,10.54,100,10.55,21344222,JEN,deep
7936,1/2/2024 9:46,10.57,100,10.58,21344222,JEN,deep
7937,1/2/2024 10:46,10.56,100,10.57,21344222,JEN,deep
7938,1/2/2024 11:46,10.55,100,10.56,21344222,JEN,deep
7939,1/2/2024 12:46,10.54,100,10.55,21344222,JEN,deep
7940,1/2/2024 13:46,10.54,100,10.55,21344222,JEN,deep
7941,1/2/2024 14:46,10.54,100,10.55,21344222,JEN,deep
7942,1/2/2024 15:46,10.55,100,10.56,21344222,JEN,deep
7943,1/2/2024 16:46,10.56,100,10.57,21344222,JEN,deep
7944,1/2/2024 17:46,10.56,100,10.57,21344222,JEN,deep
7945,1/2/2024 18:46,10.57,100,10.58,21344222,JEN,deep
7946,1/2/2024 19:46,10.56,100,10.57,21344222,JEN,deep
7947,1/2/2024 20:46,10.58,100,10.59,21344222,JEN,deep
7948,1/2/2024 21:46,10.55,100,10.56,21344222,JEN,deep
7949,1/2/2024 22:46,10.55,100,10.56,21344222,JEN,deep
7950,1/2/2024 23:46,10.56,100,10.57,21344222,JEN,deep
7951,1/3/2024 0:46,10.55,100,10.56,21344222,JEN,deep
7952,1/3/2024 1:46,10.55,100,10.56,21344222,JEN,deep
7953,1/3/2024 2:46,10.57,100,10.58,21344222,JEN,deep
7954,1/3/2024 3:46,10.55,100,10.56,21344222,JEN,deep
7955,1/3/2024 4:46,10.54,100,10.55,21344222,JEN,deep
7956,1/3/2024 5:46,10.55,100,10.56,21344222,JEN,deep
7957,1/3/2024 6:46,10.55,100,10.56,21344222,JEN,deep
7958,1/3/2024 7:46,10.54,100,10.55,21344222,JEN,deep
7959,1/3/2024 8:46,10.54,100,10.55,21344222,JEN,deep
7960,1/3/2024 9:46,10.54,100,10.55,21344222,JEN,deep
7961,1/3/2024 10:46,10.56,100,10.57,21344222,JEN,deep
7962,1/3/2024 11:46,10.53,100,10.54,21344222,JEN,deep
7963,1/3/2024 12:46,10.55,100,10.56,21344222,JEN,deep
7964,1/3/2024 13:46,10.54,100,10.55,21344222,JEN,deep
7965,1/3/2024 14:46,10.52,100,10.53,21344222,JEN,deep
7966,1/3/2024 15:46,10.53,100,10.54,21344222,JEN,deep
7967,1/3/2024 16:46,10.52,100,10.53,21344222,JEN,deep
7968,1/3/2024 17:46,10.56,100,10.57,21344222,JEN,deep
7969,1/3/2024 18:46,10.55,100,10.56,21344222,JEN,deep
7970,1/3/2024 19:46,10.54,100,10.55,21344222,JEN,deep
7971,1/3/2024 20:46,10.56,100,10.57,21344222,JEN,deep
7972,1/3/2024 21:46,10.54,100,10.55,21344222,JEN,deep
7973,1/3/2024 22:46,10.55,100,10.56,21344222,JEN,deep
7974,1/3/2024 23:46,10.55,100,10.56,21344222,JEN,deep
7975,1/4/2024 0:46,10.54,100,10.55,21344222,JEN,deep
7976,1/4/2024 1:46,10.54,100,10.55,21344222,JEN,deep
7977,1/4/2024 2:46,10.54,100,10.55,21344222,JEN,deep
7978,1/4/2024 3:46,10.55,100,10.56,21344222,JEN,deep
7979,1/4/2024 4:46,10.55,100,10.56,21344222,JEN,deep
7980,1/4/2024 5:46,10.57,100,10.58,21344222,JEN,deep
7981,1/4/2024 6:46,10.55,100,10.56,21344222,JEN,deep
7982,1/4/2024 7:46,10.55,100,10.56,21344222,JEN,deep
7983,1/4/2024 8:46,10.55,100,10.56,21344222,JEN,deep
7984,1/4/2024 9:46,10.54,100,10.55,21344222,JEN,deep
7985,1/4/2024 10:46,10.53,100,10.54,21344222,JEN,deep
7986,1/4/2024 11:46,10.54,100,10.55,21344222,JEN,deep
7987,1/4/2024 12:46,10.53,100,10.54,21344222,JEN,deep
7988,1/4/2024 13:46,10.56,100,10.57,21344222,JEN,deep
7989,1/4/2024 14:46,10.55,100,10.56,21344222,JEN,deep
7990,1/4/2024 15:46,10.53,100,10.54,21344222,JEN,deep
7991,1/4/2024 16:46,10.54,100,10.55,21344222,JEN,deep
7992,1/4/2024 17:46,10.54,100,10.55,21344222,JEN,deep
7993,1/4/2024 18:46,10.55,100,10.56,21344222,JEN,deep
7994,1/4/2024 19:46,10.55,100,10.56,21344222,JEN,deep
7995,1/4/2024 20:46,10.53,100,10.54,21344222,JEN,deep
7996,1/4/2024 21:46,10.53,100,10.54,21344222,JEN,deep
7997,1/4/2024 22:46,10.57,100,10.58,21344222,JEN,deep
7998,1/4/2024 23:46,10.55,100,10.56,21344222,JEN,deep
7999,1/5/2024 0:46,10.56,100,10.57,21344222,JEN,deep
8000,1/5/2024 1:46,10.56,100,10.57,21344222,JEN,deep
8001,1/5/2024 2:46,10.54,100,10.55,21344222,JEN,deep
8002,1/5/2024 3:46,10.54,100,10.55,21344222,JEN,deep
8003,1/5/2024 4:46,10.53,100,10.54,21344222,JEN,deep
8004,1/5/2024 5:46,10.56,100,10.57,21344222,JEN,deep
8005,1/5/2024 6:46,10.55,100,10.56,21344222,JEN,deep
8006,1/5/2024 7:46,10.55,100,10.56,21344222,JEN,deep
8007,1/5/2024 8:46,10.56,100,10.57,21344222,JEN,deep
8008,1/5/2024 9:46,10.56,100,10.57,21344222,JEN,deep
8009,1/5/2024 10:46,10.57,100,10.58,21344222,JEN,deep
8010,1/5/2024 11:46,10.55,100,10.56,21344222,JEN,deep
8011,1/5/2024 12:46,10.56,100,10.57,21344222,JEN,deep
8012,1/5/2024 13:46,10.56,100,10.57,21344222,JEN,deep
8013,1/5/2024 14:46,10.56,100,10.57,21344222,JEN,deep
8014,1/5/2024 15:46,10.56,100,10.57,21344222,JEN,deep
8015,1/5/2024 16:46,10.56,100,10.57,21344222,JEN,deep
8016,1/5/2024 17:46,10.51,100,10.52,21344222,JEN,deep
8017,1/5/2024 18:46,10.55,100,10.56,21344222,JEN,deep
8018,1/5/2024 19:46,10.53,100,10.54,21344222,JEN,deep
8019,1/5/2024 20:46,10.55,100,10.56,21344222,JEN,deep
8020,1/5/2024 21:46,10.53,100,10.54,21344222,JEN,deep
8021,1/5/2024 22:46,10.55,100,10.56,21344222,JEN,deep
8022,1/5/2024 23:46,10.55,100,10.56,21344222,JEN,deep
8023,1/6/2024 0:46,10.56,100,10.57,21344222,JEN,deep
8024,1/6/2024 1:46,10.53,100,10.54,21344222,JEN,deep
8025,1/6/2024 2:46,10.58,100,10.59,21344222,JEN,deep
8026,1/6/2024 3:46,10.54,100,10.55,21344222,JEN,deep
8027,1/6/2024 4:46,10.55,100,10.56,21344222,JEN,deep
8028,1/6/2024 5:46,10.55,100,10.56,21344222,JEN,deep
8029,1/6/2024 6:46,10.58,100,10.59,21344222,JEN,deep
8030,1/6/2024 7:46,10.58,100,10.59,21344222,JEN,deep
8031,1/6/2024 8:46,10.55,100,10.56,21344222,JEN,deep
8032,1/6/2024 9:46,10.57,100,10.58,21344222,JEN,deep
8033,1/6/2024 10:46,10.55,100,10.56,21344222,JEN,deep
8034,1/6/2024 11:46,10.56,100,10.57,21344222,JEN,deep
8035,1/6/2024 12:46,10.55,100,10.56,21344222,JEN,deep
8036,1/6/2024 13:46,10.56,100,10.57,21344222,JEN,deep
8037,1/6/2024 14:46,10.54,100,10.55,21344222,JEN,deep
8038,1/6/2024 15:46,10.56,100,10.57,21344222,JEN,deep
8039,1/6/2024 16:46,10.53,100,10.54,21344222,JEN,deep
8040,1/6/2024 17:46,10.55,100,10.56,21344222,JEN,deep
8041,1/6/2024 18:46,10.55,100,10.56,21344222,JEN,deep
8042,1/6/2024 19:46,10.55,100,10.56,21344222,JEN,deep
8043,1/6/2024 20:46,10.56,100,10.57,21344222,JEN,deep
8044,1/6/2024 21:46,10.54,100,10.55,21344222,JEN,deep
8045,1/6/2024 22:46,10.55,100,10.56,21344222,JEN,deep
8046,1/6/2024 23:46,10.54,100,10.55,21344222,JEN,deep
8047,1/7/2024 0:46,10.55,100,10.56,21344222,JEN,deep
8048,1/7/2024 1:46,10.54,100,10.55,21344222,JEN,deep
8049,1/7/2024 2:46,10.53,100,10.54,21344222,JEN,deep
8050,1/7/2024 3:46,10.55,100,10.56,21344222,JEN,deep
8051,1/7/2024 4:46,10.55,100,10.56,21344222,JEN,deep
8052,1/7/2024 5:46,10.55,100,10.56,21344222,JEN,deep
8053,1/7/2024 6:46,10.55,100,10.56,21344222,JEN,deep
8054,1/7/2024 7:46,10.57,100,10.58,21344222,JEN,deep
8055,1/7/2024 8:46,10.55,100,10.56,21344222,JEN,deep
8056,1/7/2024 9:46,10.54,100,10.55,21344222,JEN,deep
8057,1/7/2024 10:46,10.57,100,10.58,21344222,JEN,deep
8058,1/7/2024 11:46,10.54,100,10.55,21344222,JEN,deep
8059,1/7/2024 12:46,10.52,100,10.53,21344222,JEN,deep
8060,1/7/2024 13:46,10.53,100,10.54,21344222,JEN,deep
8061,1/7/2024 14:46,10.53,100,10.54,21344222,JEN,deep
8062,1/7/2024 15:46,10.56,100,10.57,21344222,JEN,deep
8063,1/7/2024 16:46,10.53,100,10.54,21344222,JEN,deep
8064,1/7/2024 17:46,10.59,100,10.61,21344222,JEN,deep
8065,1/7/2024 18:46,10.55,100,10.56,21344222,JEN,deep
8066,1/7/2024 19:46,10.54,100,10.55,21344222,JEN,deep
8067,1/7/2024 20:46,10.53,100,10.54,21344222,JEN,deep
8068,1/7/2024 21:46,10.55,100,10.56,21344222,JEN,deep
8069,1/7/2024 22:46,10.55,100,10.56,21344222,JEN,deep
8070,1/7/2024 23:46,10.56,100,10.57,21344222,JEN,deep
8071,1/8/2024 0:46,10.54,100,10.55,21344222,JEN,deep
8072,1/8/2024 1:46,10.53,100,10.54,21344222,JEN,deep
8073,1/8/2024 2:46,10.54,100,10.55,21344222,JEN,deep
8074,1/8/2024 3:46,10.56,100,10.57,21344222,JEN,deep
8075,1/8/2024 4:46,10.55,100,10.56,21344222,JEN,deep
8076,1/8/2024 5:46,10.56,100,10.57,21344222,JEN,deep
8077,1/8/2024 6:46,10.56,100,10.57,21344222,JEN,deep
8078,1/8/2024 7:46,10.55,100,10.56,21344222,JEN,deep
8079,1/8/2024 8:46,10.56,100,10.57,21344222,JEN,deep
8080,1/8/2024 9:46,10.55,100,10.56,21344222,JEN,deep
8081,1/8/2024 10:46,10.57,100,10.58,21344222,JEN,deep
8082,1/8/2024 11:46,10.57,100,10.58,21344222,JEN,deep
8083,1/8/2024 12:46,10.54,100,10.55,21344222,JEN,deep
8084,1/8/2024 13:46,10.55,100,10.56,21344222,JEN,deep
8085,1/8/2024 14:46,10.54,100,10.55,21344222,JEN,deep
8086,1/8/2024 15:46,10.53,100,10.54,21344222,JEN,deep
8087,1/8/2024 16:46,10.55,100,10.56,21344222,JEN,deep
8088,1/8/2024 17:46,10.55,100,10.56,21344222,JEN,deep
8089,1/8/2024 18:46,10.55,100,10.56,21344222,JEN,deep
8090,1/8/2024 19:46,10.55,100,10.56,21344222,JEN,deep
8091,1/8/2024 20:46,10.52,100,10.53,21344222,JEN,deep
8092,1/8/2024 21:46,10.55,100,10.56,21344222,JEN,deep
8093,1/8/2024 22:46,10.55,100,10.56,21344222,JEN,deep
8094,1/8/2024 23:46,10.56,100,10.57,21344222,JEN,deep
8095,1/9/2024 0:46,10.55,100,10.56,21344222,JEN,deep
8096,1/9/2024 1:46,10.53,100,10.54,21344222,JEN,deep
8097,1/9/2024 2:46,10.55,100,10.56,21344222,JEN,deep
8098,1/9/2024 3:46,10.56,100,10.57,21344222,JEN,deep
8099,1/9/2024 4:46,10.53,100,10.54,21344222,JEN,deep
8100,1/9/2024 5:46,10.54,100,10.55,21344222,JEN,deep
8101,1/9/2024 6:46,10.55,100,10.56,21344222,JEN,deep
8102,1/9/2024 7:46,10.53,100,10.54,21344222,JEN,deep
8103,1/9/2024 8:46,10.55,100,10.56,21344222,JEN,deep
8104,1/9/2024 9:46,10.54,100,10.55,21344222,JEN,deep
8105,1/9/2024 10:46,10.57,100,10.58,21344222,JEN,deep
8106,1/9/2024 11:46,10.55,100,10.56,21344222,JEN,deep
8107,1/9/2024 12:46,10.52,100,10.53,21344222,JEN,deep
8108,1/9/2024 13:46,10.55,100,10.56,21344222,JEN,deep
8109,1/9/2024 14:46,10.55,100,10.56,21344222,JEN,deep
8110,1/9/2024 15:46,10.52,100,10.53,21344222,JEN,deep
8111,1/9/2024 16:46,10.55,100,10.56,21344222,JEN,deep
8112,1/9/2024 17:46,10.53,100,10.54,21344222,JEN,deep
8113,1/9/2024 18:46,10.54,100,10.55,21344222,JEN,deep
8114,1/9/2024 19:46,10.57,100,10.58,21344222,JEN,deep
8115,1/9/2024 20:46,10.56,100,10.57,21344222,JEN,deep
8116,1/9/2024 21:46,10.56,100,10.57,21344222,JEN,deep
8117,1/9/2024 22:46,10.56,100,10.57,21344222,JEN,deep
8118,1/9/2024 23:46,10.55,100,10.56,21344222,JEN,deep
8119,1/10/2024 0:46,10.55,100,10.56,21344222,JEN,deep
8120,1/10/2024 1:46,10.58,100,10.59,21344222,JEN,deep
8121,1/10/2024 2:46,10.55,100,10.56,21344222,JEN,deep
8122,1/10/2024 3:46,10.53,100,10.54,21344222,JEN,deep
8123,1/10/2024 4:46,10.55,100,10.56,21344222,JEN,deep
8124,1/10/2024 5:46,10.55,100,10.56,21344222,JEN,deep
8125,1/10/2024 6:46,10.55,100,10.56,21344222,JEN,deep
8126,1/10/2024 7:46,10.57,100,10.58,21344222,JEN,deep
8127,1/10/2024 8:46,10.54,100,10.55,21344222,JEN,deep
8128,1/10/2024 9:46,10.55,100,10.56,21344222,JEN,deep
8129,1/10/2024 10:46,10.54,100,10.55,21344222,JEN,deep
8130,1/10/2024 11:46,10.55,100,10.56,21344222,JEN,deep
8131,1/10/2024 12:46,10.54,100,10.55,21344222,JEN,deep
8132,1/10/2024 13:46,10.53,100,10.54,21344222,JEN,deep
8133,1/10/2024 14:46,10.55,100,10.56,21344222,JEN,deep
8134,1/10/2024 15:46,10.55,100,10.56,21344222,JEN,deep
8135,1/10/2024 16:46,10.52,100,10.53,21344222,JEN,deep
8136,1/10/2024 17:46,10.54,100,10.55,21344222,JEN,deep
8137,1/10/2024 18:46,10.54,100,10.55,21344222,JEN,deep
8138,1/10/2024 19:46,10.56,100,10.57,21344222,JEN,deep
8139,1/10/2024 20:46,10.52,100,10.53,21344222,JEN,deep
8140,1/10/2024 21:46,10.55,100,10.56,21344222,JEN,deep
8141,1/10/2024 22:46,10.55,100,10.56,21344222,JEN,deep
8142,1/10/2024 23:46,10.55,100,10.56,21344222,JEN,deep
8143,1/11/2024 0:46,10.53,100,10.54,21344222,JEN,deep
8144,1/11/2024 1:46,10.55,100,10.56,21344222,JEN,deep
8145,1/11/2024 2:46,10.55,100,10.56,21344222,JEN,deep
8146,1/11/2024 3:46,10.53,100,10.54,21344222,JEN,deep
8147,1/11/2024 4:46,10.52,100,10.53,21344222,JEN,deep
8148,1/11/2024 5:46,10.55,100,10.56,21344222,JEN,deep
8149,1/11/2024 6:46,10.55,100,10.56,21344222,JEN,deep
8150,1/11/2024 7:46,10.53,100,10.54,21344222,JEN,deep
8151,1/11/2024 8:46,10.54,100,10.55,21344222,JEN,deep
8152,1/11/2024 9:46,10.55,100,10.56,21344222,JEN,deep
8153,1/11/2024 10:46,10.57,100,10.58,21344222,JEN,deep
8154,1/11/2024 11:46,10.55,100,10.56,21344222,JEN,deep
8155,1/11/2024 12:46,10.54,100,10.55,21344222,JEN,deep
8156,1/11/2024 13:46,10.55,100,10.56,21344222,JEN,deep
8157,1/11/2024 14:46,10.58,100,10.59,21344222,JEN,deep
8158,1/11/2024 15:46,10.53,100,10.54,21344222,JEN,deep
8159,1/11/2024 16:46,10.55,100,10.56,21344222,JEN,deep
8160,1/11/2024 17:46,10.52,100,10.53,21344222,JEN,deep
8161,1/11/2024 18:46,10.55,100,10.56,21344222,JEN,deep
8162,1/11/2024 19:46,10.53,100,10.54,21344222,JEN,deep
8163,1/11/2024 20:46,10.55,100,10.56,21344222,JEN,deep
8164,1/11/2024 21:46,10.55,100,10.56,21344222,JEN,deep
8165,1/11/2024 22:46,10.55,100,10.56,21344222,JEN,deep
8166,1/11/2024 23:46,10.54,100,10.55,21344222,JEN,deep
8167,1/12/2024 0:46,10.55,100,10.56,21344222,JEN,deep
8168,1/12/2024 1:46,10.54,100,10.55,21344222,JEN,deep
8169,1/12/2024 2:46,10.55,100,10.56,21344222,JEN,deep
8170,1/12/2024 3:46,10.56,100,10.57,21344222,JEN,deep
8171,1/12/2024 4:46,10.56,100,10.57,21344222,JEN,deep
8172,1/12/2024 5:46,10.55,100,10.56,21344222,JEN,deep
8173,1/12/2024 6:46,10.55,100,10.56,21344222,JEN,deep
8174,1/12/2024 7:46,10.54,100,10.55,21344222,JEN,deep
8175,1/12/2024 8:46,10.55,100,10.56,21344222,JEN,deep
8176,1/12/2024 9:46,10.58,100,10.59,21344222,JEN,deep
8177,1/12/2024 10:46,10.54,100,10.55,21344222,JEN,deep
8178,1/12/2024 11:46,10.54,100,10.55,21344222,JEN,deep
8179,1/12/2024 12:46,10.55,100,10.56,21344222,JEN,deep
8180,1/12/2024 13:46,10.54,100,10.55,21344222,JEN,deep
8181,1/12/2024 14:46,10.56,100,10.57,21344222,JEN,deep
8182,1/12/2024 15:46,10.56,100,10.57,21344222,JEN,deep
8183,1/12/2024 16:46,10.55,100,10.56,21344222,JEN,deep
8184,1/12/2024 17:46,10.55,100,10.56,21344222,JEN,deep
8185,1/12/2024 18:46,10.55,100,10.56,21344222,JEN,deep
8186,1/12/2024 19:46,10.54,100,10.55,21344222,JEN,deep
8187,1/12/2024 20:46,10.55,100,10.56,21344222,JEN,deep
8188,1/12/2024 21:46,10.55,100,10.56,21344222,JEN,deep
8189,1/12/2024 22:46,10.54,100,10.55,21344222,JEN,deep
8190,1/12/2024 23:46,10.54,100,10.55,21344222,JEN,deep
8191,01/13/2024 00:46:17,10.54,100,10.55,21344222,JEN,deep
8192,01/13/2024 01:46:17,10.55,100,10.56,21344222,JEN,deep
8193,01/13/2024 02:46:17,10.56,100,10.57,21344222,JEN,deep
8194,01/13/2024 03:46:17,10.54,100,10.55,21344222,JEN,deep
8195,01/13/2024 04:46:17,10.55,100,10.56,21344222,JEN,deep
8196,01/13/2024 05:46:17,10.54,100,10.55,21344222,JEN,deep
8197,01/13/2024 06:46:17,10.55,100,10.56,21344222,JEN,deep
8198,01/13/2024 07:46:17,10.55,100,10.56,21344222,JEN,deep
8199,01/13/2024 08:46:17,10.52,100,10.53,21344222,JEN,deep
8200,01/13/2024 09:46:17,10.53,100,10.54,21344222,JEN,deep
8201,01/13/2024 10:46:17,10.54,100,10.55,21344222,JEN,deep
8202,01/13/2024 11:46:17,10.53,100,10.54,21344222,JEN,deep
8203,01/13/2024 12:46:17,10.51,100,10.52,21344222,JEN,deep
8204,01/13/2024 13:46:17,10.55,100,10.56,21344222,JEN,deep
8205,01/13/2024 14:46:17,10.55,100,10.56,21344222,JEN,deep
8206,01/13/2024 15:46:17,10.53,100,10.54,21344222,JEN,deep
8207,01/13/2024 16:46:17,10.55,100,10.56,21344222,JEN,deep
8208,01/13/2024 17:46:17,10.56,100,10.57,21344222,JEN,deep
8209,01/13/2024 18:46:17,10.55,100,10.56,21344222,JEN,deep
8210,01/13/2024 19:46:17,10.55,100,10.56,21344222,JEN,deep
8211,01/13/2024 20:46:17,10.53,100,10.54,21344222,JEN,deep
8212,01/13/2024 21:46:17,10.55,100,10.56,21344222,JEN,deep
8213,01/13/2024 22:46:17,10.55,100,10.56,21344222,JEN,deep
8214,01/13/2024 23:46:17,10.53,100,10.54,21344222,JEN,deep
8215,01/14/2024 00:46:17,10.53,100,10.54,21344222,JEN,deep
8216,01/14/2024 01:46:17,10.55,100,10.56,21344222,JEN,deep
8217,01/14/2024 02:46:17,10.56,100,10.57,21344222,JEN,deep
8218,01/14/2024 03:46:17,10.57,100,10.58,21344222,JEN,deep
8219,01/14/2024 04:46:17,10.54,100,10.55,21344222,JEN,deep
8220,01/14/2024 05:46:17,10.57,100,10.58,21344222,JEN,deep
8221,01/14/2024 06:46:17,10.56,100,10.57,21344222,JEN,deep
8222,01/14/2024 07:46:17,10.57,100,10.58,21344222,JEN,deep
8223,01/14/2024 08:46:17,10.55,100,10.56,21344222,JEN,deep
8224,01/14/2024 09:46:17,10.57,100,10.58,21344222,JEN,deep
8225,01/14/2024 10:46:17,10.54,100,10.55,21344222,JEN,deep
8226,01/14/2024 11:46:17,10.55,100,10.56,21344222,JEN,deep
8227,01/14/2024 12:46:17,10.57,100,10.58,21344222,JEN,deep
8228,01/14/2024 13:46:17,10.55,100,10.56,21344222,JEN,deep
8229,01/14/2024 14:46:17,10.54,100,10.55,21344222,JEN,deep
8230,01/14/2024 15:46:17,10.55,100,10.56,21344222,JEN,deep
8231,01/14/2024 16:46:17,10.55,100,10.56,21344222,JEN,deep
8232,01/14/2024 17:46:17,10.54,100,10.55,21344222,JEN,deep
8233,01/14/2024 18:46:17,10.58,100,10.59,21344222,JEN,deep
8234,01/14/2024 19:46:17,10.56,100,10.57,21344222,JEN,deep
8235,01/14/2024 20:46:17,10.58,100,10.59,21344222,JEN,deep
8236,01/14/2024 21:46:17,10.55,100,10.56,21344222,JEN,deep
8237,01/14/2024 22:46:17,10.55,100,10.56,21344222,JEN,deep
8238,01/14/2024 23:46:17,10.53,100,10.54,21344222,JEN,deep
8239,01/15/2024 00:46:17,10.55,100,10.56,21344222,JEN,deep
8240,01/15/2024 01:46:17,10.57,100,10.58,21344222,JEN,deep
8241,01/15/2024 02:46:17,10.55,100,10.56,21344222,JEN,deep
8242,01/15/2024 03:46:17,10.55,100,10.56,21344222,JEN,deep
8243,01/15/2024 04:46:17,10.53,100,10.54,21344222,JEN,deep
8244,01/15/2024 05:46:17,10.57,100,10.58,21344222,JEN,deep
8245,01/15/2024 06:46:17,10.58,100,10.59,21344222,JEN,deep
8246,01/15/2024 07:46:17,10.55,100,10.56,21344222,JEN,deep
8247,01/15/2024 08:46:17,10.56,100,10.57,21344222,JEN,deep
8248,01/15/2024 09:46:17,10.56,100,10.57,21344222,JEN,deep
8249,01/15/2024 10:46:17,10.55,100,10.56,21344222,JEN,deep
8250,01/15/2024 11:46:17,10.57,100,10.58,21344222,JEN,deep
8251,01/15/2024 12:46:17,10.57,100,10.58,21344222,JEN,deep
8252,01/15/2024 13:46:17,10.55,100,10.56,21344222,JEN,deep
8253,01/15/2024 14:46:17,10.55,100,10.56,21344222,JEN,deep
8254,01/15/2024 15:46:17,10.57,100,10.58,21344222,JEN,deep
8255,01/15/2024 16:46:17,10.56,100,10.57,21344222,JEN,deep
8256,01/15/2024 17:46:17,10.56,100,10.57,21344222,JEN,deep
8257,01/15/2024 18:46:17,10.53,100,10.54,21344222,JEN,deep
8258,01/15/2024 19:46:17,10.58,100,10.59,21344222,JEN,deep
8259,01/15/2024 20:46:17,10.57,100,10.58,21344222,JEN,deep
8260,01/15/2024 21:46:17,10.55,100,10.56,21344222,JEN,deep
8261,01/15/2024 22:46:17,10.55,100,10.56,21344222,JEN,deep
8262,01/15/2024 23:46:17,10.54,100,10.55,21344222,JEN,deep
8263,01/16/2024 00:46:17,10.56,100,10.57,21344222,JEN,deep
8264,01/16/2024 01:46:17,10.57,100,10.58,21344222,JEN,deep
8265,01/16/2024 02:46:17,10.56,100,10.57,21344222,JEN,deep
8266,01/16/2024 03:46:17,10.55,100,10.56,21344222,JEN,deep
8267,01/16/2024 04:46:17,10.56,100,10.57,21344222,JEN,deep
8268,01/16/2024 05:46:17,10.57,100,10.58,21344222,JEN,deep
8269,01/16/2024 06:46:17,10.56,100,10.57,21344222,JEN,deep
8270,01/16/2024 07:46:17,10.56,100,10.57,21344222,JEN,deep
8271,01/16/2024 08:46:17,10.57,100,10.58,21344222,JEN,deep
8272,01/16/2024 09:46:17,10.56,100,10.57,21344222,JEN,deep
8273,01/16/2024 10:46:17,10.54,100,10.55,21344222,JEN,deep
8274,01/16/2024 11:46:17,10.55,100,10.56,21344222,JEN,deep
8275,01/16/2024 12:46:17,10.55,100,10.56,21344222,JEN,deep
8276,01/16/2024 13:46:17,10.55,100,10.56,21344222,JEN,deep
8277,01/16/2024 14:46:17,10.56,100,10.57,21344222,JEN,deep
8278,01/16/2024 15:46:17,10.55,100,10.56,21344222,JEN,deep
8279,01/16/2024 16:46:17,10.55,100,10.56,21344222,JEN,deep
8280,01/16/2024 17:46:17,10.59,100,10.61,21344222,JEN,deep
8281,01/16/2024 18:46:17,10.55,100,10.56,21344222,JEN,deep
8282,01/16/2024 19:46:17,10.54,100,10.55,21344222,JEN,deep
8283,01/16/2024 20:46:17,10.57,100,10.58,21344222,JEN,deep
8284,01/16/2024 21:46:17,10.55,100,10.56,21344222,JEN,deep
8285,01/16/2024 22:46:17,10.54,100,10.55,21344222,JEN,deep
8286,01/16/2024 23:46:17,10.55,100,10.56,21344222,JEN,deep
8287,01/17/2024 00:46:17,10.54,100,10.55,21344222,JEN,deep
8288,01/17/2024 01:46:17,10.55,100,10.56,21344222,JEN,deep
8289,01/17/2024 02:46:17,10.56,100,10.57,21344222,JEN,deep
8290,01/17/2024 03:46:17,10.55,100,10.56,21344222,JEN,deep
8291,01/17/2024 04:46:17,10.57,100,10.58,21344222,JEN,deep
8292,01/17/2024 05:46:17,10.58,100,10.59,21344222,JEN,deep
8293,01/17/2024 06:46:17,10.56,100,10.57,21344222,JEN,deep
8294,01/17/2024 07:46:17,10.55,100,10.56,21344222,JEN,deep
8295,01/17/2024 08:46:17,10.56,100,10.57,21344222,JEN,deep
8296,01/17/2024 09:46:17,10.56,100,10.57,21344222,JEN,deep
8297,01/17/2024 10:46:17,10.55,100,10.56,21344222,JEN,deep
8298,01/17/2024 11:46:17,10.56,100,10.57,21344222,JEN,deep
8299,01/17/2024 12:46:17,10.55,100,10.56,21344222,JEN,deep
8300,01/17/2024 13:46:17,10.55,100,10.56,21344222,JEN,deep
8301,01/17/2024 14:46:17,10.56,100,10.57,21344222,JEN,deep
8302,01/17/2024 15:46:17,10.55,100,10.56,21344222,JEN,deep
8303,01/17/2024 16:46:17,10.55,100,10.56,21344222,JEN,deep
8304,01/17/2024 17:46:17,10.54,100,10.55,21344222,JEN,deep
8305,01/17/2024 18:46:17,10.55,100,10.56,21344222,JEN,deep
8306,01/17/2024 19:46:17,10.56,100,10.57,21344222,JEN,deep
8307,01/17/2024 20:46:17,10.55,100,10.56,21344222,JEN,deep
8308,01/17/2024 21:46:17,10.58,100,10.59,21344222,JEN,deep
8309,01/17/2024 22:46:17,10.54,100,10.55,21344222,JEN,deep
8310,01/17/2024 23:46:17,10.54,100,10.55,21344222,JEN,deep
8311,01/18/2024 00:46:17,10.55,100,10.56,21344222,JEN,deep
8312,01/18/2024 01:46:17,10.53,100,10.54,21344222,JEN,deep
8313,01/18/2024 02:46:17,10.57,100,10.58,21344222,JEN,deep
8314,01/18/2024 03:46:17,10.57,100,10.58,21344222,JEN,deep
8315,01/18/2024 04:46:17,10.55,100,10.56,21344222,JEN,deep
8316,01/18/2024 05:46:17,10.58,100,10.59,21344222,JEN,deep
8317,01/18/2024 06:46:17,10.53,100,10.54,21344222,JEN,deep
8318,01/18/2024 07:46:17,10.55,100,10.56,21344222,JEN,deep
8319,01/18/2024 08:46:17,10.54,100,10.55,21344222,JEN,deep
8320,01/18/2024 09:46:17,10.55,100,10.56,21344222,JEN,deep
8321,01/18/2024 10:46:17,10.55,100,10.56,21344222,JEN,deep
8322,01/18/2024 11:46:17,10.55,100,10.56,21344222,JEN,deep
8323,01/18/2024 12:46:17,10.54,100,10.55,21344222,JEN,deep
8324,01/18/2024 13:46:17,10.56,100,10.57,21344222,JEN,deep
8325,01/18/2024 14:46:17,10.53,100,10.54,21344222,JEN,deep
8326,01/18/2024 15:46:17,10.55,100,10.56,21344222,JEN,deep
8327,01/18/2024 16:46:17,10.56,100,10.57,21344222,JEN,deep
8328,01/18/2024 17:46:17,10.55,100,10.56,21344222,JEN,deep
8329,01/18/2024 18:46:17,10.59,100,10.61,21344222,JEN,deep
8330,01/18/2024 19:46:17,10.56,100,10.57,21344222,JEN,deep
8331,01/18/2024 20:46:17,10.55,100,10.56,21344222,JEN,deep
8332,01/18/2024 21:46:17,10.56,100,10.57,21344222,JEN,deep
8333,01/18/2024 22:46:17,10.55,100,10.56,21344222,JEN,deep
8334,01/18/2024 23:46:17,10.55,100,10.56,21344222,JEN,deep
8335,01/19/2024 00:46:17,10.55,100,10.56,21344222,JEN,deep
8336,01/19/2024 01:46:17,10.56,100,10.57,21344222,JEN,deep
8337,01/19/2024 02:46:17,10.56,100,10.57,21344222,JEN,deep
8338,01/19/2024 03:46:17,10.55,100,10.56,21344222,JEN,deep
8339,01/19/2024 04:46:17,10.56,100,10.57,21344222,JEN,deep
8340,01/19/2024 05:46:17,10.55,100,10.56,21344222,JEN,deep
8341,01/19/2024 06:46:17,10.58,100,10.59,21344222,JEN,deep
8342,01/19/2024 07:46:17,10.55,100,10.56,21344222,JEN,deep
8343,01/19/2024 08:46:17,10.56,100,10.57,21344222,JEN,deep
8344,01/19/2024 09:46:17,10.55,100,10.56,21344222,JEN,deep
8345,01/19/2024 10:46:17,10.56,100,10.57,21344222,JEN,deep
8346,01/19/2024 11:46:17,10.55,100,10.56,21344222,JEN,deep
8347,01/19/2024 12:46:17,10.54,100,10.55,21344222,JEN,deep
8348,01/19/2024 13:46:17,10.56,100,10.57,21344222,JEN,deep
8349,01/19/2024 14:46:17,10.55,100,10.56,21344222,JEN,deep
8350,01/19/2024 15:46:17,10.58,100,10.59,21344222,JEN,deep
8351,01/19/2024 16:46:17,10.55,100,10.56,21344222,JEN,deep
8352,01/19/2024 17:46:17,10.54,100,10.55,21344222,JEN,deep
8353,01/19/2024 18:46:17,10.54,100,10.55,21344222,JEN,deep
8354,01/19/2024 19:46:17,10.56,100,10.57,21344222,JEN,deep
8355,01/19/2024 20:46:17,10.55,100,10.56,21344222,JEN,deep
8356,01/19/2024 21:46:17,10.55,100,10.56,21344222,JEN,deep
8357,01/19/2024 22:46:17,10.55,100,10.56,21344222,JEN,deep
8358,01/19/2024 23:46:17,10.56,100,10.57,21344222,JEN,deep
8359,01/20/2024 00:46:17,10.55,100,10.56,21344222,JEN,deep
8360,01/20/2024 01:46:17,10.55,100,10.56,21344222,JEN,deep
8361,01/20/2024 02:46:17,10.55,100,10.56,21344222,JEN,deep
8362,01/20/2024 03:46:17,10.56,100,10.57,21344222,JEN,deep
8363,01/20/2024 04:46:17,10.52,100,10.53,21344222,JEN,deep
8364,01/20/2024 05:46:17,10.58,100,10.59,21344222,JEN,deep
8365,01/20/2024 06:46:17,10.53,100,10.54,21344222,JEN,deep
8366,01/20/2024 07:46:17,10.54,100,10.55,21344222,JEN,deep
8367,01/20/2024 08:46:17,10.55,100,10.56,21344222,JEN,deep
8368,01/20/2024 09:46:17,10.53,100,10.54,21344222,JEN,deep
8369,01/20/2024 10:46:17,10.53,100,10.54,21344222,JEN,deep
8370,01/20/2024 11:46:17,10.54,100,10.55,21344222,JEN,deep
8371,01/20/2024 12:46:17,10.54,100,10.55,21344222,JEN,deep
8372,01/20/2024 13:46:17,10.53,100,10.54,21344222,JEN,deep
8373,01/20/2024 14:46:17,10.57,100,10.58,21344222,JEN,deep
8374,01/20/2024 15:46:17,10.54,100,10.55,21344222,JEN,deep
8375,01/20/2024 16:46:17,10.55,100,10.56,21344222,JEN,deep
8376,01/20/2024 17:46:17,10.54,100,10.55,21344222,JEN,deep
8377,01/20/2024 18:46:17,10.55,100,10.56,21344222,JEN,deep
8378,01/20/2024 19:46:17,10.54,100,10.55,21344222,JEN,deep
8379,01/20/2024 20:46:17,10.53,100,10.54,21344222,JEN,deep
8380,01/20/2024 21:46:17,10.55,100,10.56,21344222,JEN,deep
8381,01/20/2024 22:46:17,10.55,100,10.56,21344222,JEN,deep
8382,01/20/2024 23:46:17,10.55,100,10.56,21344222,JEN,deep
8383,01/21/2024 00:46:17,10.55,100,10.56,21344222,JEN,deep
8384,01/21/2024 01:46:17,10.55,100,10.56,21344222,JEN,deep
8385,01/21/2024 02:46:17,10.55,100,10.56,21344222,JEN,deep
8386,01/21/2024 03:46:17,10.56,100,10.57,21344222,JEN,deep
8387,01/21/2024 04:46:17,10.54,100,10.55,21344222,JEN,deep
8388,01/21/2024 05:46:17,10.56,100,10.57,21344222,JEN,deep
8389,01/21/2024 06:46:17,10.58,100,10.59,21344222,JEN,deep
8390,01/21/2024 07:46:17,10.55,100,10.56,21344222,JEN,deep
8391,01/21/2024 08:46:17,10.56,100,10.57,21344222,JEN,deep
8392,01/21/2024 09:46:17,10.56,100,10.57,21344222,JEN,deep
8393,01/21/2024 10:46:17,10.53,100,10.54,21344222,JEN,deep
8394,01/21/2024 11:46:17,10.55,100,10.56,21344222,JEN,deep
8395,01/21/2024 12:46:17,10.52,100,10.53,21344222,JEN,deep
8396,01/21/2024 13:46:17,10.52,100,10.53,21344222,JEN,deep
8397,01/21/2024 14:46:17,10.52,100,10.53,21344222,JEN,deep
8398,01/21/2024 15:46:17,10.54,100,10.55,21344222,JEN,deep
8399,01/21/2024 16:46:17,10.53,100,10.54,21344222,JEN,deep
8400,01/21/2024 17:46:17,10.52,100,10.53,21344222,JEN,deep
8401,01/21/2024 18:46:17,10.53,100,10.54,21344222,JEN,deep
8402,01/21/2024 19:46:17,10.54,100,10.55,21344222,JEN,deep
8403,01/21/2024 20:46:17,10.54,100,10.55,21344222,JEN,deep
8404,01/21/2024 21:46:17,10.55,100,10.56,21344222,JEN,deep
8405,01/21/2024 22:46:17,10.55,100,10.56,21344222,JEN,deep
8406,01/21/2024 23:46:17,10.54,100,10.55,21344222,JEN,deep
8407,01/22/2024 00:46:17,10.55,100,10.56,21344222,JEN,deep
8408,01/22/2024 01:46:17,10.53,100,10.54,21344222,JEN,deep
8409,01/22/2024 02:46:17,10.55,100,10.56,21344222,JEN,deep
8410,01/22/2024 03:46:17,10.55,100,10.56,21344222,JEN,deep
8411,01/22/2024 04:46:17,10.56,100,10.57,21344222,JEN,deep
8412,01/22/2024 05:46:17,10.55,100,10.56,21344222,JEN,deep
8413,01/22/2024 06:46:17,10.54,100,10.55,21344222,JEN,deep
8414,01/22/2024 07:46:17,10.55,100,10.56,21344222,JEN,deep
8415,01/22/2024 08:46:17,10.56,100,10.57,21344222,JEN,deep
8416,01/22/2024 09:46:17,10.55,100,10.56,21344222,JEN,deep
8417,01/22/2024 10:46:17,10.57,100,10.58,21344222,JEN,deep
8418,01/22/2024 11:46:17,10.58,100,10.59,21344222,JEN,deep
8419,01/22/2024 12:46:17,10.56,100,10.57,21344222,JEN,deep
8420,01/22/2024 13:46:17,10.55,100,10.56,21344222,JEN,deep
8421,01/22/2024 14:46:17,10.55,100,10.56,21344222,JEN,deep
8422,01/22/2024 15:46:17,10.55,100,10.56,21344222,JEN,deep
8423,01/22/2024 16:46:17,10.56,100,10.57,21344222,JEN,deep
8424,01/22/2024 17:46:17,10.57,100,10.58,21344222,JEN,deep
8425,01/22/2024 18:46:17,10.56,100,10.57,21344222,JEN,deep
8426,01/22/2024 19:46:17,10.55,100,10.56,21344222,JEN,deep
8427,01/22/2024 20:46:17,10.56,100,10.57,21344222,JEN,deep
8428,01/22/2024 21:46:17,10.55,100,10.56,21344222,JEN,deep
8429,01/22/2024 22:46:17,10.58,100,10.59,21344222,JEN,deep
8430,01/22/2024 23:46:17,10.56,100,10.57,21344222,JEN,deep
8431,01/23/2024 00:46:17,10.57,100,10.58,21344222,JEN,deep
8432,01/23/2024 01:46:17,10.53,100,10.54,21344222,JEN,deep
8433,01/23/2024 02:46:17,10.54,100,10.55,21344222,JEN,deep
8434,01/23/2024 03:46:17,10.56,100,10.57,21344222,JEN,deep
8435,01/23/2024 04:46:17,10.57,100,10.58,21344222,JEN,deep
8436,01/23/2024 05:46:17,10.59,100,10.61,21344222,JEN,deep
8437,01/23/2024 06:46:17,10.55,100,10.56,21344222,JEN,deep
8438,01/23/2024 07:46:17,10.58,100,10.59,21344222,JEN,deep
8439,01/23/2024 08:46:17,10.59,100,10.61,21344222,JEN,deep
8440,01/23/2024 09:46:17,10.56,100,10.57,21344222,JEN,deep
8441,01/23/2024 10:46:17,10.55,100,10.56,21344222,JEN,deep
8442,01/23/2024 11:46:17,10.55,100,10.56,21344222,JEN,deep
8443,01/23/2024 12:46:17,10.54,100,10.55,21344222,JEN,deep
8444,01/23/2024 13:46:17,10.56,100,10.57,21344222,JEN,deep
8445,01/23/2024 14:46:17,10.55,100,10.56,21344222,JEN,deep
8446,01/23/2024 15:46:17,10.57,100,10.58,21344222,JEN,deep
8447,01/23/2024 16:46:17,10.55,100,10.56,21344222,JEN,deep
8448,01/23/2024 17:46:17,10.57,100,10.58,21344222,JEN,deep
8449,01/23/2024 18:46:17,10.56,100,10.57,21344222,JEN,deep
8450,01/23/2024 19:46:17,10.58,100,10.59,21344222,JEN,deep
8451,01/23/2024 20:46:17,10.6,100,10.62,21344222,JEN,deep
8452,01/23/2024 21:46:17,10.55,100,10.56,21344222,JEN,deep
8453,01/23/2024 22:46:17,10.59,100,10.61,21344222,JEN,deep
8454,01/23/2024 23:46:17,10.55,100,10.56,21344222,JEN,deep
8455,01/24/2024 00:46:17,10.57,100,10.58,21344222,JEN,deep
8456,01/24/2024 01:46:17,10.55,100,10.56,21344222,JEN,deep
8457,01/24/2024 02:46:17,10.57,100,10.58,21344222,JEN,deep
8458,01/24/2024 03:46:17,10.56,100,10.57,21344222,JEN,deep
8459,01/24/2024 04:46:17,10.57,100,10.58,21344222,JEN,deep
8460,01/24/2024 05:46:17,10.56,100,10.57,21344222,JEN,deep
8461,01/24/2024 06:46:17,10.55,100,10.56,21344222,JEN,deep
8462,01/24/2024 07:46:17,10.59,100,10.61,21344222,JEN,deep
8463,01/24/2024 08:46:17,10.56,100,10.57,21344222,JEN,deep
8464,01/24/2024 09:46:17,10.54,100,10.55,21344222,JEN,deep
8465,01/24/2024 10:46:17,10.56,100,10.57,21344222,JEN,deep
8466,01/24/2024 11:46:17,10.56,100,10.57,21344222,JEN,deep
8467,01/24/2024 12:46:17,10.55,100,10.56,21344222,JEN,deep
8468,01/24/2024 13:46:17,10.54,100,10.55,21344222,JEN,deep
8469,01/24/2024 14:46:17,10.55,100,10.56,21344222,JEN,deep
8470,01/24/2024 15:46:17,10.53,100,10.54,21344222,JEN,deep
8471,01/24/2024 16:46:17,10.52,100,10.53,21344222,JEN,deep
8472,01/24/2024 17:46:17,10.54,100,10.55,21344222,JEN,deep
8473,01/24/2024 18:46:17,10.55,100,10.56,21344222,JEN,deep
8474,01/24/2024 19:46:17,10.55,100,10.56,21344222,JEN,deep
8475,01/24/2024 20:46:17,10.53,100,10.54,21344222,JEN,deep
8476,01/24/2024 21:46:17,10.55,100,10.56,21344222,JEN,deep
8477,01/24/2024 22:46:17,10.55,100,10.56,21344222,JEN,deep
8478,01/24/2024 23:46:17,10.54,100,10.55,21344222,JEN,deep
8479,01/25/2024 00:46:17,10.55,100,10.56,21344222,JEN,deep
8480,01/25/2024 01:46:17,10.53,100,10.54,21344222,JEN,deep
8481,01/25/2024 02:46:17,10.55,100,10.56,21344222,JEN,deep
8482,01/25/2024 03:46:17,10.54,100,10.55,21344222,JEN,deep
8483,01/25/2024 04:46:17,10.56,100,10.57,21344222,JEN,deep
8484,01/25/2024 05:46:17,10.54,100,10.55,21344222,JEN,deep
8485,01/25/2024 06:46:17,10.58,100,10.59,21344222,JEN,deep
8486,01/25/2024 07:46:17,10.56,100,10.57,21344222,JEN,deep
8487,01/25/2024 08:46:17,10.57,100,10.58,21344222,JEN,deep
8488,01/25/2024 09:46:17,10.54,100,10.55,21344222,JEN,deep
8489,01/25/2024 10:46:17,10.55,100,10.56,21344222,JEN,deep
8490,01/25/2024 11:46:17,10.58,100,10.59,21344222,JEN,deep
8491,01/25/2024 12:46:17,10.55,100,10.56,21344222,JEN,deep
8492,01/25/2024 13:46:17,10.53,100,10.54,21344222,JEN,deep
8493,01/25/2024 14:46:17,10.53,100,10.54,21344222,JEN,deep
8494,01/25/2024 15:46:17,10.5,100,10.51,21344222,JEN,deep
8495,01/25/2024 16:46:17,10.53,100,10.54,21344222,JEN,deep
8496,01/25/2024 17:46:17,10.55,100,10.56,21344222,JEN,deep
8497,01/25/2024 18:46:17,10.52,100,10.53,21344222,JEN,deep
8498,01/25/2024 19:46:17,10.55,100,10.56,21344222,JEN,deep
8499,01/25/2024 20:46:17,10.54,100,10.55,21344222,JEN,deep
8500,01/25/2024 21:46:17,10.54,100,10.55,21344222,JEN,deep
8501,01/25/2024 22:46:17,10.55,100,10.56,21344222,JEN,deep
8502,01/25/2024 23:46:17,10.49,100,10.5,21344222,JEN,deep
8503,01/26/2024 00:46:17,10.54,100,10.55,21344222,JEN,deep
8504,01/26/2024 01:46:17,10.56,100,10.57,21344222,JEN,deep
8505,01/26/2024 02:46:17,10.54,100,10.55,21344222,JEN,deep
8506,01/26/2024 03:46:17,10.54,100,10.55,21344222,JEN,deep
8507,01/26/2024 04:46:17,10.57,100,10.58,21344222,JEN,deep
8508,01/26/2024 05:46:17,10.55,100,10.56,21344222,JEN,deep
8509,01/26/2024 06:46:17,10.55,100,10.56,21344222,JEN,deep
8510,01/26/2024 07:46:17,10.53,100,10.54,21344222,JEN,deep
8511,01/26/2024 08:46:17,10.55,100,10.56,21344222,JEN,deep
8512,01/26/2024 09:46:17,10.57,100,10.58,21344222,JEN,deep
8513,01/26/2024 10:46:17,10.57,100,10.58,21344222,JEN,deep
8514,01/26/2024 11:46:17,10.55,100,10.56,21344222,JEN,deep
8515,01/26/2024 12:46:17,10.57,100,10.58,21344222,JEN,deep
8516,01/26/2024 13:46:17,10.54,100,10.55,21344222,JEN,deep
8517,01/26/2024 14:46:17,10.54,100,10.55,21344222,JEN,deep
8518,01/26/2024 15:46:17,10.55,100,10.56,21344222,JEN,deep
8519,01/26/2024 16:46:17,10.53,100,10.54,21344222,JEN,deep
8520,01/26/2024 17:46:17,10.57,100,10.58,21344222,JEN,deep
8521,01/26/2024 18:46:17,10.56,100,10.57,21344222,JEN,deep
8522,01/26/2024 19:46:17,10.53,100,10.54,21344222,JEN,deep
8523,01/26/2024 20:46:17,10.55,100,10.56,21344222,JEN,deep
8524,01/26/2024 21:46:17,10.53,100,10.54,21344222,JEN,deep
8525,01/26/2024 22:46:17,10.57,100,10.58,21344222,JEN,deep
8526,01/26/2024 23:46:17,10.56,100,10.57,21344222,JEN,deep
8527,01/27/2024 00:46:17,10.56,100,10.57,21344222,JEN,deep
8528,01/27/2024 01:46:17,10.57,100,10.58,21344222,JEN,deep
8529,01/27/2024 02:46:17,10.56,100,10.57,21344222,JEN,deep
8530,01/27/2024 03:46:17,10.57,100,10.58,21344222,JEN,deep
8531,01/27/2024 04:46:17,10.57,100,10.58,21344222,JEN,deep
8532,01/27/2024 05:46:17,10.58,100,10.59,21344222,JEN,deep
8533,01/27/2024 06:46:17,10.55,100,10.56,21344222,JEN,deep
8534,01/27/2024 07:46:17,10.56,100,10.57,21344222,JEN,deep
8535,01/27/2024 08:46:17,10.55,100,10.56,21344222,JEN,deep
8536,01/27/2024 09:46:17,10.56,100,10.57,21344222,JEN,deep
8537,01/27/2024 10:46:17,10.58,100,10.59,21344222,JEN,deep
8538,01/27/2024 11:46:17,10.58,100,10.59,21344222,JEN,deep
8539,01/27/2024 12:46:17,10.57,100,10.58,21344222,JEN,deep
8540,01/27/2024 13:46:17,10.57,100,10.58,21344222,JEN,deep
8541,01/27/2024 14:46:17,10.56,100,10.57,21344222,JEN,deep
8542,01/27/2024 15:46:17,10.53,100,10.54,21344222,JEN,deep
8543,01/27/2024 16:46:17,10.55,100,10.56,21344222,JEN,deep
8544,01/27/2024 17:46:17,10.55,100,10.56,21344222,JEN,deep
8545,01/27/2024 18:46:17,10.56,100,10.57,21344222,JEN,deep
8546,01/27/2024 19:46:17,10.58,100,10.59,21344222,JEN,deep
8547,01/27/2024 20:46:17,10.55,100,10.56,21344222,JEN,deep
8548,01/27/2024 21:46:17,10.57,100,10.58,21344222,JEN,deep
8549,01/27/2024 22:46:17,10.57,100,10.58,21344222,JEN,deep
8550,01/27/2024 23:46:17,10.56,100,10.57,21344222,JEN,deep
8551,01/28/2024 00:46:17,10.54,100,10.55,21344222,JEN,deep
8552,01/28/2024 01:46:17,10.56,100,10.57,21344222,JEN,deep
8553,01/28/2024 02:46:17,10.59,100,10.61,21344222,JEN,deep
8554,01/28/2024 03:46:17,10.59,100,10.61,21344222,JEN,deep
8555,01/28/2024 04:46:17,10.59,100,10.61,21344222,JEN,deep
8556,01/28/2024 05:46:17,10.55,100,10.56,21344222,JEN,deep
8557,01/28/2024 06:46:17,10.58,100,10.59,21344222,JEN,deep
8558,01/28/2024 07:46:17,10.57,100,10.58,21344222,JEN,deep
8559,01/28/2024 08:46:17,10.55,100,10.56,21344222,JEN,deep
8560,01/28/2024 09:46:17,10.56,100,10.57,21344222,JEN,deep
8561,01/28/2024 10:46:17,10.56,100,10.57,21344222,JEN,deep
8562,01/28/2024 11:46:17,10.56,100,10.57,21344222,JEN,deep
8563,01/28/2024 12:46:17,10.58,100,10.59,21344222,JEN,deep
8564,01/28/2024 13:46:17,10.56,100,10.57,21344222,JEN,deep
8565,01/28/2024 14:46:17,10.56,100,10.57,21344222,JEN,deep
8566,01/28/2024 15:46:17,10.55,100,10.56,21344222,JEN,deep
8567,01/28/2024 16:46:17,10.55,100,10.56,21344222,JEN,deep
8568,01/28/2024 17:46:17,10.56,100,10.57,21344222,JEN,deep
8569,01/28/2024 18:46:17,10.55,100,10.56,21344222,JEN,deep
8570,01/28/2024 19:46:17,10.59,100,10.61,21344222,JEN,deep
8571,01/28/2024 20:46:17,10.57,100,10.58,21344222,JEN,deep
8572,01/28/2024 21:46:17,10.55,100,10.56,21344222,JEN,deep
8573,01/28/2024 22:46:17,10.56,100,10.57,21344222,JEN,deep
8574,01/28/2024 23:46:17,10.54,100,10.55,21344222,JEN,deep
8575,01/29/2024 00:46:17,10.57,100,10.58,21344222,JEN,deep
8576,01/29/2024 01:46:17,10.57,100,10.58,21344222,JEN,deep
8577,01/29/2024 02:46:17,10.56,100,10.57,21344222,JEN,deep
8578,01/29/2024 03:46:17,10.56,100,10.57,21344222,JEN,deep
8579,01/29/2024 04:46:17,10.57,100,10.58,21344222,JEN,deep
8580,01/29/2024 05:46:17,10.57,100,10.58,21344222,JEN,deep
8581,01/29/2024 06:46:17,10.56,100,10.57,21344222,JEN,deep
8582,01/29/2024 07:46:17,10.56,100,10.57,21344222,JEN,deep
8583,01/29/2024 08:46:17,10.57,100,10.58,21344222,JEN,deep
8584,01/29/2024 09:46:17,10.58,100,10.59,21344222,JEN,deep
8585,01/29/2024 10:46:17,10.54,100,10.55,21344222,JEN,deep
8586,01/29/2024 11:46:17,10.54,100,10.55,21344222,JEN,deep
8587,01/29/2024 12:46:17,10.52,100,10.53,21344222,JEN,deep
8588,01/29/2024 13:46:17,10.56,100,10.57,21344222,JEN,deep
8589,01/29/2024 14:46:17,10.55,100,10.56,21344222,JEN,deep
8590,01/29/2024 15:46:17,10.53,100,10.54,21344222,JEN,deep
8591,01/29/2024 16:46:17,10.52,100,10.53,21344222,JEN,deep
8592,01/29/2024 17:46:17,10.52,100,10.53,21344222,JEN,deep
8593,01/29/2024 18:46:17,10.54,100,10.55,21344222,JEN,deep
8594,01/29/2024 19:46:17,10.56,100,10.57,21344222,JEN,deep
8595,01/29/2024 20:46:17,10.55,100,10.56,21344222,JEN,deep
8596,01/29/2024 21:46:17,10.56,100,10.57,21344222,JEN,deep
8597,01/29/2024 22:46:17,10.57,100,10.58,21344222,JEN,deep
8598,01/29/2024 23:46:17,10.55,100,10.56,21344222,JEN,deep
8599,01/30/2024 00:46:17,10.55,100,10.56,21344222,JEN,deep
8600,01/30/2024 01:46:17,10.53,100,10.54,21344222,JEN,deep
8601,01/30/2024 02:46:17,10.58,100,10.59,21344222,JEN,deep
8602,01/30/2024 03:46:17,10.54,100,10.55,21344222,JEN,deep
8603,01/30/2024 04:46:17,10.57,100,10.58,21344222,JEN,deep
8604,01/30/2024 05:46:17,10.55,100,10.56,21344222,JEN,deep
8605,01/30/2024 06:46:17,10.56,100,10.57,21344222,JEN,deep
8606,01/30/2024 07:46:17,10.56,100,10.57,21344222,JEN,deep
8607,01/30/2024 08:46:17,10.55,100,10.56,21344222,JEN,deep
8608,01/30/2024 09:46:17,10.55,100,10.56,21344222,JEN,deep
8609,01/30/2024 10:46:17,10.55,100,10.56,21344222,JEN,deep
8610,01/30/2024 11:46:17,10.55,100,10.56,21344222,JEN,deep
8611,01/30/2024 12:46:17,10.54,100,10.55,21344222,JEN,deep
8612,01/30/2024 13:46:17,10.55,100,10.56,21344222,JEN,deep
8613,01/30/2024 14:46:17,10.55,100,10.56,21344222,JEN,deep
8614,01/30/2024 15:46:17,10.56,100,10.57,21344222,JEN,deep
8615,01/30/2024 16:46:17,10.56,100,10.57,21344222,JEN,deep
8616,01/30/2024 17:46:17,10.56,100,10.57,21344222,JEN,deep
8617,01/30/2024 18:46:17,10.56,100,10.57,21344222,JEN,deep
8618,01/30/2024 19:46:17,10.57,100,10.58,21344222,JEN,deep
8619,01/30/2024 20:46:17,10.58,100,10.59,21344222,JEN,deep
8620,01/30/2024 21:46:17,10.55,100,10.56,21344222,JEN,deep
8621,01/30/2024 22:46:17,10.56,100,10.57,21344222,JEN,deep
8622,01/30/2024 23:46:17,10.53,100,10.54,21344222,JEN,deep
8623,01/31/2024 00:46:17,10.56,100,10.57,21344222,JEN,deep
8624,01/31/2024 01:46:17,10.55,100,10.56,21344222,JEN,deep
8625,01/31/2024 02:46:17,10.54,100,10.55,21344222,JEN,deep
8626,01/31/2024 03:46:17,10.56,100,10.57,21344222,JEN,deep
8627,01/31/2024 04:46:17,10.57,100,10.58,21344222,JEN,deep
8628,01/31/2024 05:46:17,10.56,100,10.57,21344222,JEN,deep
8629,01/31/2024 06:46:17,10.59,100,10.61,21344222,JEN,deep
8630,01/31/2024 07:46:17,10.59,100,10.61,21344222,JEN,deep
8631,01/31/2024 08:46:17,10.56,100,10.57,21344222,JEN,deep
8632,01/31/2024 09:46:17,10.56,100,10.57,21344222,JEN,deep
8633,01/31/2024 10:46:17,10.56,100,10.57,21344222,JEN,deep
8634,01/31/2024 11:46:17,10.55,100,10.56,21344222,JEN,deep
8635,01/31/2024 12:46:17,10.55,100,10.56,21344222,JEN,deep
8636,01/31/2024 13:46:17,10.58,100,10.59,21344222,JEN,deep
8637,01/31/2024 14:46:17,10.58,100,10.59,21344222,JEN,deep
8638,01/31/2024 15:46:17,10.55,100,10.56,21344222,JEN,deep
8639,01/31/2024 16:46:17,10.56,100,10.57,21344222,JEN,deep
8640,01/31/2024 17:46:17,10.56,100,10.57,21344222,JEN,deep
8641,01/31/2024 18:46:17,10.55,100,10.56,21344222,JEN,deep
8642,01/31/2024 19:46:17,10.57,100,10.58,21344222,JEN,deep
8643,01/31/2024 20:46:17,10.57,100,10.58,21344222,JEN,deep
8644,01/31/2024 21:46:17,10.56,100,10.57,21344222,JEN,deep
8645,01/31/2024 22:46:17,10.55,100,10.56,21344222,JEN,deep
8646,01/31/2024 23:46:17,10.56,100,10.57,21344222,JEN,deep
8647,2/1/2024 0:46,10.55,100,10.56,21344222,JEN,deep
8648,2/1/2024 1:46,10.53,100,10.54,21344222,JEN,deep
8649,2/1/2024 2:46,10.58,100,10.59,21344222,JEN,deep
8650,2/1/2024 3:46,10.55,100,10.56,21344222,JEN,deep
8651,2/1/2024 4:46,10.57,100,10.58,21344222,JEN,deep
8652,2/1/2024 5:46,10.55,100,10.56,21344222,JEN,deep
8653,2/1/2024 6:46,10.56,100,10.57,21344222,JEN,deep
8654,2/1/2024 7:46,10.57,100,10.58,21344222,JEN,deep
8655,2/1/2024 8:46,10.58,100,10.59,21344222,JEN,deep
8656,2/1/2024 9:46,10.54,100,10.55,21344222,JEN,deep
8657,2/1/2024 10:46,10.57,100,10.58,21344222,JEN,deep
8658,2/1/2024 11:46,10.55,100,10.56,21344222,JEN,deep
8659,2/1/2024 12:46,10.56,100,10.57,21344222,JEN,deep
8660,2/1/2024 13:46,10.55,100,10.56,21344222,JEN,deep
8661,2/1/2024 14:46,10.56,100,10.57,21344222,JEN,deep
8662,2/1/2024 15:46,10.53,100,10.54,21344222,JEN,deep
8663,2/1/2024 16:46,10.55,100,10.56,21344222,JEN,deep
8664,2/1/2024 17:46,10.54,100,10.55,21344222,JEN,deep
8665,2/1/2024 18:46,10.56,100,10.57,21344222,JEN,deep
8666,2/1/2024 19:46,10.55,100,10.56,21344222,JEN,deep
8667,2/1/2024 20:46,10.57,100,10.58,21344222,JEN,deep
8668,2/1/2024 21:46,10.55,100,10.56,21344222,JEN,deep
8669,2/1/2024 22:46,10.55,100,10.56,21344222,JEN,deep
8670,2/1/2024 23:46,10.55,100,10.56,21344222,JEN,deep
8671,2/2/2024 0:46,10.54,100,10.55,21344222,JEN,deep
8672,2/2/2024 1:46,10.55,100,10.56,21344222,JEN,deep
8673,2/2/2024 2:46,10.57,100,10.58,21344222,JEN,deep
8674,2/2/2024 3:46,10.54,100,10.55,21344222,JEN,deep
8675,2/2/2024 4:46,10.57,100,10.58,21344222,JEN,deep
8676,2/2/2024 5:46,10.57,100,10.58,21344222,JEN,deep
8677,2/2/2024 6:46,10.54,100,10.55,21344222,JEN,deep
8678,2/2/2024 7:46,10.55,100,10.56,21344222,JEN,deep
8679,2/2/2024 8:46,10.57,100,10.58,21344222,JEN,deep
8680,2/2/2024 9:46,10.56,100,10.57,21344222,JEN,deep
8681,2/2/2024 10:46,10.55,100,10.56,21344222,JEN,deep
8682,2/2/2024 11:46,10.55,100,10.56,21344222,JEN,deep
8683,2/2/2024 12:46,10.56,100,10.57,21344222,JEN,deep
8684,2/2/2024 13:46,10.57,100,10.58,21344222,JEN,deep
8685,2/2/2024 14:46,10.55,100,10.56,21344222,JEN,deep
8686,2/2/2024 15:46,10.53,100,10.54,21344222,JEN,deep
8687,2/2/2024 16:46,10.55,100,10.56,21344222,JEN,deep
8688,2/2/2024 17:46,10.54,100,10.55,21344222,JEN,deep
8689,2/2/2024 18:46,10.55,100,10.56,21344222,JEN,deep
8690,2/2/2024 19:46,10.56,100,10.57,21344222,JEN,deep
8691,2/2/2024 20:46,10.55,100,10.56,21344222,JEN,deep
8692,2/2/2024 21:46,10.56,100,10.57,21344222,JEN,deep
8693,2/2/2024 22:46,10.55,100,10.56,21344222,JEN,deep
8694,2/2/2024 23:46,10.56,100,10.57,21344222,JEN,deep
8695,2/3/2024 0:46,10.55,100,10.56,21344222,JEN,deep
8696,2/3/2024 1:46,10.56,100,10.57,21344222,JEN,deep
8697,2/3/2024 2:46,10.58,100,10.59,21344222,JEN,deep
8698,2/3/2024 3:46,10.57,100,10.58,21344222,JEN,deep
8699,2/3/2024 4:46,10.59,100,10.61,21344222,JEN,deep
8700,2/3/2024 5:46,10.57,100,10.58,21344222,JEN,deep
8701,2/3/2024 6:46,10.56,100,10.57,21344222,JEN,deep
8702,2/3/2024 7:46,10.56,100,10.57,21344222,JEN,deep
8703,2/3/2024 8:46,10.57,100,10.58,21344222,JEN,deep
8704,2/3/2024 9:46,10.57,100,10.58,21344222,JEN,deep
8705,2/3/2024 10:46,10.54,100,10.55,21344222,JEN,deep
8706,2/3/2024 11:46,10.54,100,10.55,21344222,JEN,deep
8707,2/3/2024 12:46,10.55,100,10.56,21344222,JEN,deep
8708,2/3/2024 13:46,10.53,100,10.54,21344222,JEN,deep
8709,2/3/2024 14:46,10.53,100,10.54,21344222,JEN,deep
8710,2/3/2024 15:46,10.54,100,10.55,21344222,JEN,deep
8711,2/3/2024 16:46,10.52,100,10.53,21344222,JEN,deep
8712,2/3/2024 17:46,10.54,100,10.55,21344222,JEN,deep
8713,2/3/2024 18:46,10.54,100,10.55,21344222,JEN,deep
8714,2/3/2024 19:46,10.56,100,10.57,21344222,JEN,deep
8715,2/3/2024 20:46,10.53,100,10.54,21344222,JEN,deep
8716,2/3/2024 21:46,10.53,100,10.54,21344222,JEN,deep
8717,2/3/2024 22:46,10.57,100,10.58,21344222,JEN,deep
8718,2/3/2024 23:46,10.55,100,10.56,21344222,JEN,deep
8719,2/4/2024 0:46,10.55,100,10.56,21344222,JEN,deep
8720,2/4/2024 1:46,10.58,100,10.59,21344222,JEN,deep
8721,2/4/2024 2:46,10.56,100,10.57,21344222,JEN,deep
8722,2/4/2024 3:46,10.56,100,10.57,21344222,JEN,deep
8723,2/4/2024 4:46,10.58,100,10.59,21344222,JEN,deep
8724,2/4/2024 5:46,10.59,100,10.61,21344222,JEN,deep
8725,2/4/2024 6:46,10.55,100,10.56,21344222,JEN,deep
8726,2/4/2024 7:46,10.55,100,10.56,21344222,JEN,deep
8727,2/4/2024 8:46,10.54,100,10.55,21344222,JEN,deep
8728,2/4/2024 9:46,10.53,100,10.54,21344222,JEN,deep
8729,2/4/2024 10:46,10.56,100,10.57,21344222,JEN,deep
8730,2/4/2024 11:46,10.55,100,10.56,21344222,JEN,deep
8731,2/4/2024 12:46,10.56,100,10.57,21344222,JEN,deep
8732,2/4/2024 13:46,10.55,100,10.56,21344222,JEN,deep
8733,2/4/2024 14:46,10.53,100,10.54,21344222,JEN,deep
8734,2/4/2024 15:46,10.51,100,10.52,21344222,JEN,deep
8735,2/4/2024 16:46,10.52,100,10.53,21344222,JEN,deep
8736,2/4/2024 17:46,10.54,100,10.55,21344222,JEN,deep
8737,2/4/2024 18:46,10.54,100,10.55,21344222,JEN,deep
8738,2/4/2024 19:46,10.56,100,10.57,21344222,JEN,deep
8739,2/4/2024 20:46,10.55,100,10.56,21344222,JEN,deep
8740,2/4/2024 21:46,10.53,100,10.54,21344222,JEN,deep
8741,2/4/2024 22:46,10.55,100,10.56,21344222,JEN,deep
8742,2/4/2024 23:46,10.55,100,10.56,21344222,JEN,deep
8743,2/5/2024 0:46,10.53,100,10.54,21344222,JEN,deep
8744,2/5/2024 1:46,10.52,100,10.53,21344222,JEN,deep
8745,2/5/2024 2:46,10.54,100,10.55,21344222,JEN,deep
8746,2/5/2024 3:46,10.55,100,10.56,21344222,JEN,deep
8747,2/5/2024 4:46,10.53,100,10.54,21344222,JEN,deep
8748,2/5/2024 5:46,10.55,100,10.56,21344222,JEN,deep
8749,2/5/2024 6:46,10.55,100,10.56,21344222,JEN,deep
8750,2/5/2024 7:46,10.55,100,10.56,21344222,JEN,deep
8751,2/5/2024 8:46,10.54,100,10.55,21344222,JEN,deep
8752,2/5/2024 9:46,10.54,100,10.55,21344222,JEN,deep
8753,2/5/2024 10:46,10.54,100,10.55,21344222,JEN,deep
8754,2/5/2024 11:46,10.55,100,10.56,21344222,JEN,deep
8755,2/5/2024 12:46,10.53,100,10.54,21344222,JEN,deep
8756,2/5/2024 13:46,10.53,100,10.54,21344222,JEN,deep
8757,2/5/2024 14:46,10.52,100,10.53,21344222,JEN,deep
8758,2/5/2024 15:46,10.54,100,10.55,21344222,JEN,deep
8759,2/5/2024 16:46,10.55,100,10.56,21344222,JEN,deep
8760,2/5/2024 17:46,10.54,100,10.55,21344222,JEN,deep
8761,2/5/2024 18:46,10.54,100,10.55,21344222,JEN,deep
8762,2/5/2024 19:46,10.55,100,10.56,21344222,JEN,deep
8763,2/5/2024 20:46,10.54,100,10.55,21344222,JEN,deep
8764,2/5/2024 21:46,10.54,100,10.55,21344222,JEN,deep
8765,2/5/2024 22:46,10.54,100,10.55,21344222,JEN,deep
8766,2/5/2024 23:46,10.56,100,10.57,21344222,JEN,deep
8767,2/6/2024 0:46,10.55,100,10.56,21344222,JEN,deep
8768,2/6/2024 1:46,10.52,100,10.53,21344222,JEN,deep
8769,2/6/2024 2:46,10.56,100,10.57,21344222,JEN,deep
8770,2/6/2024 3:46,10.53,100,10.54,21344222,JEN,deep
8771,2/6/2024 4:46,10.57,100,10.58,21344222,JEN,deep
8772,2/6/2024 5:46,10.55,100,10.56,21344222,JEN,deep
8773,2/6/2024 6:46,10.53,100,10.54,21344222,JEN,deep
8774,2/6/2024 7:46,10.55,100,10.56,21344222,JEN,deep
8775,2/6/2024 8:46,10.56,100,10.57,21344222,JEN,deep
8776,2/6/2024 9:46,10.56,100,10.57,21344222,JEN,deep
8777,2/6/2024 10:46,10.58,100,10.59,21344222,JEN,deep
8778,2/6/2024 11:46,10.56,100,10.57,21344222,JEN,deep
8779,2/6/2024 12:46,10.54,100,10.55,21344222,JEN,deep
8780,2/6/2024 13:46,10.54,100,10.55,21344222,JEN,deep
8781,2/6/2024 14:46,10.57,100,10.58,21344222,JEN,deep
8782,2/6/2024 15:46,10.55,100,10.56,21344222,JEN,deep
8783,2/6/2024 16:46,10.55,100,10.56,21344222,JEN,deep
8784,2/6/2024 17:46,10.57,100,10.58,21344222,JEN,deep
8785,2/6/2024 18:46,10.56,100,10.57,21344222,JEN,deep
8786,2/6/2024 19:46,10.56,100,10.57,21344222,JEN,deep
8787,2/6/2024 20:46,10.55,100,10.56,21344222,JEN,deep
8788,2/6/2024 21:46,10.55,100,10.56,21344222,JEN,deep
8789,2/6/2024 22:46,10.55,100,10.56,21344222,JEN,deep
8790,2/6/2024 23:46,10.55,100,10.56,21344222,JEN,deep
8791,2/7/2024 0:46,10.58,100,10.59,21344222,JEN,deep
8792,2/7/2024 1:46,10.57,100,10.58,21344222,JEN,deep
8793,2/7/2024 2:46,10.57,100,10.58,21344222,JEN,deep
8794,2/7/2024 3:46,10.57,100,10.58,21344222,JEN,deep
8795,2/7/2024 4:46,10.57,100,10.58,21344222,JEN,deep
8796,2/7/2024 5:46,10.56,100,10.57,21344222,JEN,deep
8797,2/7/2024 6:46,10.58,100,10.59,21344222,JEN,deep
8798,2/7/2024 7:46,10.57,100,10.58,21344222,JEN,deep
8799,2/7/2024 8:46,10.57,100,10.58,21344222,JEN,deep
8800,2/7/2024 9:46,10.6,100,10.62,21344222,JEN,deep
8801,2/7/2024 10:46,10.56,100,10.57,21344222,JEN,deep
8802,2/7/2024 11:46,10.58,100,10.59,21344222,JEN,deep
8803,2/7/2024 12:46,10.57,100,10.58,21344222,JEN,deep
8804,2/7/2024 13:46,10.56,100,10.57,21344222,JEN,deep
8805,2/7/2024 14:46,10.57,100,10.58,21344222,JEN,deep
8806,2/7/2024 15:46,10.58,100,10.59,21344222,JEN,deep
8807,2/7/2024 16:46,10.55,100,10.56,21344222,JEN,deep
8808,2/7/2024 17:46,10.56,100,10.57,21344222,JEN,deep
8809,2/7/2024 18:46,10.58,100,10.59,21344222,JEN,deep
8810,2/7/2024 19:46,10.55,100,10.56,21344222,JEN,deep
8811,2/7/2024 20:46,10.56,100,10.57,21344222,JEN,deep
8812,2/7/2024 21:46,10.57,100,10.58,21344222,JEN,deep
8813,2/7/2024 22:46,10.58,100,10.59,21344222,JEN,deep
8814,2/7/2024 23:46,10.57,100,10.58,21344222,JEN,deep
8815,2/8/2024 0:46,10.54,100,10.55,21344222,JEN,deep
8816,2/8/2024 1:46,10.58,100,10.59,21344222,JEN,deep
8817,2/8/2024 2:46,10.55,100,10.56,21344222,JEN,deep
8818,2/8/2024 3:46,10.57,100,10.58,21344222,JEN,deep
8819,2/8/2024 4:46,10.58,100,10.59,21344222,JEN,deep
8820,2/8/2024 5:46,10.59,100,10.61,21344222,JEN,deep
8821,2/8/2024 6:46,10.58,100,10.59,21344222,JEN,deep
8822,2/8/2024 7:46,10.58,100,10.59,21344222,JEN,deep
8823,2/8/2024 8:46,10.59,100,10.61,21344222,JEN,deep
8824,2/8/2024 9:46,10.57,100,10.58,21344222,JEN,deep
8825,2/8/2024 10:46,10.56,100,10.57,21344222,JEN,deep
8826,2/8/2024 11:46,10.59,100,10.61,21344222,JEN,deep
8827,2/8/2024 12:46,10.58,100,10.59,21344222,JEN,deep
8828,2/8/2024 13:46,10.59,100,10.61,21344222,JEN,deep
8829,2/8/2024 14:46,10.56,100,10.57,21344222,JEN,deep
8830,2/8/2024 15:46,10.59,100,10.61,21344222,JEN,deep
8831,2/8/2024 16:46,10.56,100,10.57,21344222,JEN,deep
8832,2/8/2024 17:46,10.57,100,10.58,21344222,JEN,deep
8833,2/8/2024 18:46,10.58,100,10.59,21344222,JEN,deep
8834,2/8/2024 19:46,10.56,100,10.57,21344222,JEN,deep
8835,2/8/2024 20:46,10.56,100,10.57,21344222,JEN,deep
8836,2/8/2024 21:46,10.6,100,10.62,21344222,JEN,deep
8837,2/8/2024 22:46,10.55,100,10.56,21344222,JEN,deep
8838,2/8/2024 23:46,10.58,100,10.59,21344222,JEN,deep
8839,2/9/2024 0:46,10.62,100,10.63,21344222,JEN,deep
8840,2/9/2024 1:46,10.59,100,10.61,21344222,JEN,deep
8841,2/9/2024 2:46,10.59,100,10.61,21344222,JEN,deep
8842,2/9/2024 3:46,10.58,100,10.59,21344222,JEN,deep
8843,2/9/2024 4:46,10.59,100,10.61,21344222,JEN,deep
8844,2/9/2024 5:46,10.57,100,10.58,21344222,JEN,deep
8845,2/9/2024 6:46,10.58,100,10.59,21344222,JEN,deep
8846,2/9/2024 7:46,10.58,100,10.59,21344222,JEN,deep
8847,2/9/2024 8:46,10.59,100,10.61,21344222,JEN,deep
8848,2/9/2024 9:46,10.57,100,10.58,21344222,JEN,deep
8849,2/9/2024 10:46,10.57,100,10.58,21344222,JEN,deep
8850,2/9/2024 11:46,10.56,100,10.57,21344222,JEN,deep
8851,2/9/2024 12:46,10.58,100,10.59,21344222,JEN,deep
8852,2/9/2024 13:46,10.58,100,10.59,21344222,JEN,deep
8853,2/9/2024 14:46,10.56,100,10.57,21344222,JEN,deep
8854,2/9/2024 15:46,10.57,100,10.58,21344222,JEN,deep
8855,2/9/2024 16:46,10.55,100,10.56,21344222,JEN,deep
8856,2/9/2024 17:46,10.57,100,10.58,21344222,JEN,deep
8857,2/9/2024 18:46,10.6,100,10.62,21344222,JEN,deep
8858,2/9/2024 19:46,10.55,100,10.56,21344222,JEN,deep
8859,2/9/2024 20:46,10.57,100,10.58,21344222,JEN,deep
8860,2/9/2024 21:46,10.57,100,10.58,21344222,JEN,deep
8861,2/9/2024 22:46,10.57,100,10.58,21344222,JEN,deep
8862,2/9/2024 23:46,10.58,100,10.59,21344222,JEN,deep
8863,2/10/2024 0:46,10.56,100,10.57,21344222,JEN,deep
8864,2/10/2024 1:46,10.58,100,10.59,21344222,JEN,deep
8865,2/10/2024 2:46,10.59,100,10.61,21344222,JEN,deep
8866,2/10/2024 3:46,10.59,100,10.61,21344222,JEN,deep
8867,2/10/2024 4:46,10.57,100,10.58,21344222,JEN,deep
8868,2/10/2024 5:46,10.55,100,10.56,21344222,JEN,deep
8869,2/10/2024 6:46,10.58,100,10.59,21344222,JEN,deep
8870,2/10/2024 7:46,10.57,100,10.58,21344222,JEN,deep
8871,2/10/2024 8:46,10.58,100,10.59,21344222,JEN,deep
8872,2/10/2024 9:46,10.59,100,10.61,21344222,JEN,deep
8873,2/10/2024 10:46,10.59,100,10.61,21344222,JEN,deep
8874,2/10/2024 11:46,10.58,100,10.59,21344222,JEN,deep
8875,2/10/2024 12:46,10.55,100,10.56,21344222,JEN,deep
8876,2/10/2024 13:46,10.58,100,10.59,21344222,JEN,deep
8877,2/10/2024 14:46,10.57,100,10.58,21344222,JEN,deep
8878,2/10/2024 15:46,10.59,100,10.61,21344222,JEN,deep
8879,2/10/2024 16:46,10.58,100,10.59,21344222,JEN,deep
8880,2/10/2024 17:46,10.59,100,10.61,21344222,JEN,deep
8881,2/10/2024 18:46,10.56,100,10.57,21344222,JEN,deep
8882,2/10/2024 19:46,10.6,100,10.62,21344222,JEN,deep
8883,2/10/2024 20:46,10.58,100,10.59,21344222,JEN,deep
8884,2/10/2024 21:46,10.57,100,10.58,21344222,JEN,deep
8885,2/10/2024 22:46,10.58,100,10.59,21344222,JEN,deep
8886,2/10/2024 23:46,10.56,100,10.57,21344222,JEN,deep
8887,2/11/2024 0:46,10.56,100,10.57,21344222,JEN,deep
8888,2/11/2024 1:46,10.56,100,10.57,21344222,JEN,deep
8889,2/11/2024 2:46,10.6,100,10.62,21344222,JEN,deep
8890,2/11/2024 3:46,10.58,100,10.59,21344222,JEN,deep
8891,2/11/2024 4:46,10.59,100,10.61,21344222,JEN,deep
8892,2/11/2024 5:46,10.57,100,10.58,21344222,JEN,deep
8893,2/11/2024 6:46,10.57,100,10.58,21344222,JEN,deep
8894,2/11/2024 7:46,10.57,100,10.58,21344222,JEN,deep
8895,2/11/2024 8:46,10.58,100,10.59,21344222,JEN,deep
8896,2/11/2024 9:46,10.57,100,10.58,21344222,JEN,deep
8897,2/11/2024 10:46,10.59,100,10.61,21344222,JEN,deep
8898,2/11/2024 11:46,10.59,100,10.61,21344222,JEN,deep
8899,2/11/2024 12:46,10.59,100,10.61,21344222,JEN,deep
8900,2/11/2024 13:46,10.58,100,10.59,21344222,JEN,deep
8901,2/11/2024 14:46,10.56,100,10.57,21344222,JEN,deep
8902,2/11/2024 15:46,10.55,100,10.56,21344222,JEN,deep
8903,2/11/2024 16:46,10.57,100,10.58,21344222,JEN,deep
8904,2/11/2024 17:46,10.57,100,10.58,21344222,JEN,deep
8905,2/11/2024 18:46,10.58,100,10.59,21344222,JEN,deep
8906,2/11/2024 19:46,10.56,100,10.57,21344222,JEN,deep
8907,2/11/2024 20:46,10.56,100,10.57,21344222,JEN,deep
8908,2/11/2024 21:46,10.57,100,10.58,21344222,JEN,deep
8909,2/11/2024 22:46,10.58,100,10.59,21344222,JEN,deep
8910,2/11/2024 23:46,10.56,100,10.57,21344222,JEN,deep
8911,2/12/2024 0:46,10.56,100,10.57,21344222,JEN,deep
8912,2/12/2024 1:46,10.57,100,10.58,21344222,JEN,deep
8913,2/12/2024 2:46,10.59,100,10.61,21344222,JEN,deep
8914,2/12/2024 3:46,10.59,100,10.61,21344222,JEN,deep
8915,2/12/2024 4:46,10.56,100,10.57,21344222,JEN,deep
8916,2/12/2024 5:46,10.57,100,10.58,21344222,JEN,deep
8917,2/12/2024 6:46,10.58,100,10.59,21344222,JEN,deep
8918,2/12/2024 7:46,10.55,100,10.56,21344222,JEN,deep
8919,2/12/2024 8:46,10.56,100,10.57,21344222,JEN,deep
8920,2/12/2024 9:46,10.57,100,10.58,21344222,JEN,deep
8921,2/12/2024 10:46,10.56,100,10.57,21344222,JEN,deep
8922,2/12/2024 11:46,10.57,100,10.58,21344222,JEN,deep
8923,2/12/2024 12:46,10.54,100,10.55,21344222,JEN,deep
8924,2/12/2024 13:46,10.59,100,10.61,21344222,JEN,deep
8925,2/12/2024 14:46,10.55,100,10.56,21344222,JEN,deep
8926,2/12/2024 15:46,10.57,100,10.58,21344222,JEN,deep
8927,2/12/2024 16:46,10.56,100,10.57,21344222,JEN,deep
8928,2/12/2024 17:46,10.57,100,10.58,21344222,JEN,deep
8929,2/12/2024 18:46,10.58,100,10.59,21344222,JEN,deep
8930,2/12/2024 19:46,10.6,100,10.62,21344222,JEN,deep
8931,2/12/2024 20:46,10.58,100,10.59,21344222,JEN,deep
8932,2/12/2024 21:46,10.59,100,10.61,21344222,JEN,deep
8933,2/12/2024 22:46,10.57,100,10.58,21344222,JEN,deep
8934,2/12/2024 23:46,10.56,100,10.57,21344222,JEN,deep
8935,02/13/2024 00:46:17,10.56,100,10.57,21344222,JEN,deep
8936,02/13/2024 01:46:17,10.55,100,10.56,21344222,JEN,deep
8937,02/13/2024 02:46:17,10.58,100,10.59,21344222,JEN,deep
8938,02/13/2024 03:46:17,10.59,100,10.61,21344222,JEN,deep
8939,02/13/2024 04:46:17,10.59,100,10.61,21344222,JEN,deep
8940,02/13/2024 05:46:17,10.55,100,10.56,21344222,JEN,deep
8941,02/13/2024 06:46:17,10.57,100,10.58,21344222,JEN,deep
8942,02/13/2024 07:46:17,10.6,100,10.62,21344222,JEN,deep
8943,02/13/2024 08:46:17,10.58,100,10.59,21344222,JEN,deep
8944,02/13/2024 09:46:17,10.56,100,10.57,21344222,JEN,deep
8945,02/13/2024 10:46:17,10.55,100,10.56,21344222,JEN,deep
8946,02/13/2024 11:46:17,10.56,100,10.57,21344222,JEN,deep
8947,02/13/2024 12:46:17,10.59,100,10.61,21344222,JEN,deep
8948,02/13/2024 13:46:17,10.56,100,10.57,21344222,JEN,deep
8949,02/13/2024 14:46:17,10.56,100,10.57,21344222,JEN,deep
8950,02/13/2024 15:46:17,10.56,100,10.57,21344222,JEN,deep
8951,02/13/2024 16:46:17,10.56,100,10.57,21344222,JEN,deep
8952,02/13/2024 17:46:17,10.55,100,10.56,21344222,JEN,deep
8953,02/13/2024 18:46:17,10.56,100,10.57,21344222,JEN,deep
8954,02/13/2024 19:46:17,10.57,100,10.58,21344222,JEN,deep
8955,02/13/2024 20:46:17,10.55,100,10.56,21344222,JEN,deep
8956,02/13/2024 21:46:17,10.59,100,10.61,21344222,JEN,deep
8957,02/13/2024 22:46:17,10.58,100,10.59,21344222,JEN,deep
8958,02/13/2024 23:46:17,10.56,100,10.57,21344222,JEN,deep
8959,02/14/2024 00:46:17,10.58,100,10.59,21344222,JEN,deep
8960,02/14/2024 01:46:17,10.57,100,10.58,21344222,JEN,deep
8961,02/14/2024 02:46:17,10.58,100,10.59,21344222,JEN,deep
8962,02/14/2024 03:46:17,10.58,100,10.59,21344222,JEN,deep
8963,02/14/2024 04:46:17,10.58,100,10.59,21344222,JEN,deep
8964,02/14/2024 05:46:17,10.59,100,10.61,21344222,JEN,deep
8965,02/14/2024 06:46:17,10.58,100,10.59,21344222,JEN,deep
8966,02/14/2024 07:46:17,10.57,100,10.58,21344222,JEN,deep
8967,02/14/2024 08:46:17,10.56,100,10.57,21344222,JEN,deep
8968,02/14/2024 09:46:17,10.57,100,10.58,21344222,JEN,deep
8969,02/14/2024 10:46:17,10.58,100,10.59,21344222,JEN,deep
8970,02/14/2024 11:46:17,10.56,100,10.57,21344222,JEN,deep
8971,02/14/2024 12:46:17,10.56,100,10.57,21344222,JEN,deep
8972,02/14/2024 13:46:17,10.56,100,10.57,21344222,JEN,deep
8973,02/14/2024 14:46:17,10.57,100,10.58,21344222,JEN,deep
8974,02/14/2024 15:46:17,10.59,100,10.61,21344222,JEN,deep
8975,02/14/2024 16:46:17,10.57,100,10.58,21344222,JEN,deep
8976,02/14/2024 17:46:17,10.57,100,10.58,21344222,JEN,deep
8977,02/14/2024 18:46:17,10.55,100,10.56,21344222,JEN,deep
8978,02/14/2024 19:46:17,10.57,100,10.58,21344222,JEN,deep
8979,02/14/2024 20:46:17,10.58,100,10.59,21344222,JEN,deep
8980,02/14/2024 21:46:17,10.58,100,10.59,21344222,JEN,deep
8981,02/14/2024 22:46:17,10.57,100,10.58,21344222,JEN,deep
8982,02/14/2024 23:46:17,10.58,100,10.59,21344222,JEN,deep
8983,02/15/2024 00:46:17,10.57,100,10.58,21344222,JEN,deep
8984,02/15/2024 01:46:17,10.57,100,10.58,21344222,JEN,deep
8985,02/15/2024 02:46:17,10.58,100,10.59,21344222,JEN,deep
8986,02/15/2024 03:46:17,10.57,100,10.58,21344222,JEN,deep
8987,02/15/2024 04:46:17,10.59,100,10.61,21344222,JEN,deep
8988,02/15/2024 05:46:17,10.56,100,10.57,21344222,JEN,deep
8989,02/15/2024 06:46:17,10.56,100,10.57,21344222,JEN,deep
8990,02/15/2024 07:46:17,10.6,100,10.62,21344222,JEN,deep
8991,02/15/2024 08:46:17,10.57,100,10.58,21344222,JEN,deep
8992,02/15/2024 09:46:17,10.58,100,10.59,21344222,JEN,deep
8993,02/15/2024 10:46:17,10.59,100,10.61,21344222,JEN,deep
8994,02/15/2024 11:46:17,10.58,100,10.59,21344222,JEN,deep
8995,02/15/2024 12:46:17,10.58,100,10.59,21344222,JEN,deep
8996,02/15/2024 13:46:17,10.57,100,10.58,21344222,JEN,deep
8997,02/15/2024 14:46:17,10.58,100,10.59,21344222,JEN,deep
8998,02/15/2024 15:46:17,10.57,100,10.58,21344222,JEN,deep
8999,02/15/2024 16:46:17,10.59,100,10.61,21344222,JEN,deep
9000,02/15/2024 17:46:17,10.6,100,10.62,21344222,JEN,deep
9001,02/15/2024 18:46:17,10.57,100,10.58,21344222,JEN,deep
9002,02/15/2024 19:46:17,10.6,100,10.62,21344222,JEN,deep
9003,02/15/2024 20:46:17,10.57,100,10.58,21344222,JEN,deep
9004,02/15/2024 21:46:17,10.58,100,10.59,21344222,JEN,deep
9005,02/15/2024 22:46:17,10.56,100,10.57,21344222,JEN,deep
9006,02/15/2024 23:46:17,10.59,100,10.61,21344222,JEN,deep
9007,02/16/2024 00:46:17,10.59,100,10.61,21344222,JEN,deep
9008,02/16/2024 01:46:17,10.59,100,10.61,21344222,JEN,deep
9009,02/16/2024 02:46:17,10.59,100,10.61,21344222,JEN,deep
9010,02/16/2024 03:46:17,10.57,100,10.58,21344222,JEN,deep
9011,02/16/2024 04:46:17,10.56,100,10.57,21344222,JEN,deep
9012,02/16/2024 05:46:17,10.57,100,10.58,21344222,JEN,deep
9013,02/16/2024 06:46:17,10.59,100,10.61,21344222,JEN,deep
9014,02/16/2024 07:46:17,10.56,100,10.57,21344222,JEN,deep
9015,02/16/2024 08:46:17,10.57,100,10.58,21344222,JEN,deep
9016,02/16/2024 09:46:17,10.59,100,10.61,21344222,JEN,deep
9017,02/16/2024 10:46:17,10.58,100,10.59,21344222,JEN,deep
9018,02/16/2024 11:46:17,10.56,100,10.57,21344222,JEN,deep
9019,02/16/2024 12:46:17,10.58,100,10.59,21344222,JEN,deep
9020,02/16/2024 13:46:17,10.56,100,10.57,21344222,JEN,deep
9021,02/16/2024 14:46:17,10.57,100,10.58,21344222,JEN,deep
9022,02/16/2024 15:46:17,10.59,100,10.61,21344222,JEN,deep
9023,02/16/2024 16:46:17,10.56,100,10.57,21344222,JEN,deep
9024,02/16/2024 17:46:17,10.56,100,10.57,21344222,JEN,deep
9025,02/16/2024 18:46:17,10.58,100,10.59,21344222,JEN,deep
9026,02/16/2024 19:46:17,10.56,100,10.57,21344222,JEN,deep
9027,02/16/2024 20:46:17,10.57,100,10.58,21344222,JEN,deep
9028,02/16/2024 21:46:17,10.59,100,10.61,21344222,JEN,deep
9029,02/16/2024 22:46:17,10.58,100,10.59,21344222,JEN,deep
9030,02/16/2024 23:46:17,10.57,100,10.58,21344222,JEN,deep
9031,02/17/2024 00:46:17,10.58,100,10.59,21344222,JEN,deep
9032,02/17/2024 01:46:17,10.58,100,10.59,21344222,JEN,deep
9033,02/17/2024 02:46:17,10.59,100,10.61,21344222,JEN,deep
9034,02/17/2024 03:46:17,10.55,100,10.56,21344222,JEN,deep
9035,02/17/2024 04:46:17,10.56,100,10.57,21344222,JEN,deep
9036,02/17/2024 05:46:17,10.59,100,10.61,21344222,JEN,deep
9037,02/17/2024 06:46:17,10.56,100,10.57,21344222,JEN,deep
9038,02/17/2024 07:46:17,10.55,100,10.56,21344222,JEN,deep
9039,02/17/2024 08:46:17,10.58,100,10.59,21344222,JEN,deep
9040,02/17/2024 09:46:17,10.57,100,10.58,21344222,JEN,deep
9041,02/17/2024 10:46:17,10.56,100,10.57,21344222,JEN,deep
9042,02/17/2024 11:46:17,10.57,100,10.58,21344222,JEN,deep
9043,02/17/2024 12:46:17,10.59,100,10.61,21344222,JEN,deep
9044,02/17/2024 13:46:17,10.59,100,10.61,21344222,JEN,deep
9045,02/17/2024 14:46:17,10.56,100,10.57,21344222,JEN,deep
9046,02/17/2024 15:46:17,10.58,100,10.59,21344222,JEN,deep
9047,02/17/2024 16:46:17,10.55,100,10.56,21344222,JEN,deep
9048,02/17/2024 17:46:17,10.58,100,10.59,21344222,JEN,deep
9049,02/17/2024 18:46:17,10.56,100,10.57,21344222,JEN,deep
9050,02/17/2024 19:46:17,10.56,100,10.57,21344222,JEN,deep
9051,02/17/2024 20:46:17,10.59,100,10.61,21344222,JEN,deep
9052,02/17/2024 21:46:17,10.58,100,10.59,21344222,JEN,deep
9053,02/17/2024 22:46:17,10.56,100,10.57,21344222,JEN,deep
9054,02/17/2024 23:46:17,10.57,100,10.58,21344222,JEN,deep
9055,02/18/2024 00:46:17,10.57,100,10.58,21344222,JEN,deep
9056,02/18/2024 01:46:17,10.59,100,10.61,21344222,JEN,deep
9057,02/18/2024 02:46:17,10.56,100,10.57,21344222,JEN,deep
9058,02/18/2024 03:46:17,10.55,100,10.56,21344222,JEN,deep
9059,02/18/2024 04:46:17,10.55,100,10.56,21344222,JEN,deep
9060,02/18/2024 05:46:17,10.58,100,10.59,21344222,JEN,deep
9061,02/18/2024 06:46:17,10.58,100,10.59,21344222,JEN,deep
9062,02/18/2024 07:46:17,10.58,100,10.59,21344222,JEN,deep
9063,02/18/2024 08:46:17,10.57,100,10.58,21344222,JEN,deep
9064,02/18/2024 09:46:17,10.59,100,10.61,21344222,JEN,deep
9065,02/18/2024 10:46:17,10.56,100,10.57,21344222,JEN,deep
9066,02/18/2024 11:46:17,10.57,100,10.58,21344222,JEN,deep
9067,02/18/2024 12:46:17,10.59,100,10.61,21344222,JEN,deep
9068,02/18/2024 13:46:17,10.59,100,10.61,21344222,JEN,deep
9069,02/18/2024 14:46:17,10.56,100,10.57,21344222,JEN,deep
9070,02/18/2024 15:46:17,10.59,100,10.61,21344222,JEN,deep
9071,02/18/2024 16:46:17,10.54,100,10.55,21344222,JEN,deep
9072,02/18/2024 17:46:17,10.59,100,10.61,21344222,JEN,deep
9073,02/18/2024 18:46:17,10.6,100,10.62,21344222,JEN,deep
9074,02/18/2024 19:46:17,10.57,100,10.58,21344222,JEN,deep
9075,02/18/2024 20:46:17,10.58,100,10.59,21344222,JEN,deep
9076,02/18/2024 21:46:17,10.58,100,10.59,21344222,JEN,deep
9077,02/18/2024 22:46:17,10.59,100,10.61,21344222,JEN,deep
9078,02/18/2024 23:46:17,10.59,100,10.61,21344222,JEN,deep
9079,02/19/2024 00:46:17,10.57,100,10.58,21344222,JEN,deep
9080,02/19/2024 01:46:17,10.55,100,10.56,21344222,JEN,deep
9081,02/19/2024 02:46:17,10.55,100,10.56,21344222,JEN,deep
9082,02/19/2024 03:46:17,10.57,100,10.58,21344222,JEN,deep
9083,02/19/2024 04:46:17,10.6,100,10.62,21344222,JEN,deep
9084,02/19/2024 05:46:17,10.59,100,10.61,21344222,JEN,deep
9085,02/19/2024 06:46:17,10.58,100,10.59,21344222,JEN,deep
9086,02/19/2024 07:46:17,10.57,100,10.58,21344222,JEN,deep
9087,02/19/2024 08:46:17,10.64,100,10.65,21344222,JEN,deep
9088,02/19/2024 09:46:17,10.58,100,10.59,21344222,JEN,deep
9089,02/19/2024 10:46:17,10.59,100,10.61,21344222,JEN,deep
9090,02/19/2024 11:46:17,10.56,100,10.57,21344222,JEN,deep
9091,02/19/2024 12:46:17,10.57,100,10.58,21344222,JEN,deep
9092,02/19/2024 13:46:17,10.59,100,10.61,21344222,JEN,deep
9093,02/19/2024 14:46:17,10.57,100,10.58,21344222,JEN,deep
9094,02/19/2024 15:46:17,10.58,100,10.59,21344222,JEN,deep
9095,02/19/2024 16:46:17,10.57,100,10.58,21344222,JEN,deep
9096,02/19/2024 17:46:17,10.59,100,10.61,21344222,JEN,deep
9097,02/19/2024 18:46:17,10.58,100,10.59,21344222,JEN,deep
9098,02/19/2024 19:46:17,10.59,100,10.61,21344222,JEN,deep
9099,02/19/2024 20:46:17,10.62,100,10.63,21344222,JEN,deep
9100,02/19/2024 21:46:17,10.62,100,10.63,21344222,JEN,deep
9101,02/19/2024 22:46:17,10.59,100,10.61,21344222,JEN,deep
9102,02/19/2024 23:46:17,10.57,100,10.58,21344222,JEN,deep
9103,02/20/2024 00:46:17,10.59,100,10.61,21344222,JEN,deep
9104,02/20/2024 01:46:17,10.58,100,10.59,21344222,JEN,deep
9105,02/20/2024 02:46:17,10.59,100,10.61,21344222,JEN,deep
9106,02/20/2024 03:46:17,10.58,100,10.59,21344222,JEN,deep
9107,02/20/2024 04:46:17,10.56,100,10.57,21344222,JEN,deep
9108,02/20/2024 05:46:17,10.58,100,10.59,21344222,JEN,deep
9109,02/20/2024 06:46:17,10.59,100,10.61,21344222,JEN,deep
9110,02/20/2024 07:46:17,10.59,100,10.61,21344222,JEN,deep
9111,02/20/2024 08:46:17,10.59,100,10.61,21344222,JEN,deep
9112,02/20/2024 09:46:17,10.6,100,10.62,21344222,JEN,deep
9113,02/20/2024 10:46:17,10.59,100,10.61,21344222,JEN,deep
9114,02/20/2024 11:46:17,10.59,100,10.61,21344222,JEN,deep
9115,02/20/2024 12:46:17,10.59,100,10.61,21344222,JEN,deep
9116,02/20/2024 13:46:17,10.58,100,10.59,21344222,JEN,deep
9117,02/20/2024 14:46:17,10.6,100,10.62,21344222,JEN,deep
9118,02/20/2024 15:46:17,10.59,100,10.61,21344222,JEN,deep
9119,02/20/2024 16:46:17,10.59,100,10.61,21344222,JEN,deep
9120,02/20/2024 17:46:17,10.58,100,10.59,21344222,JEN,deep
9121,02/20/2024 18:46:17,10.57,100,10.58,21344222,JEN,deep
9122,02/20/2024 19:46:17,10.59,100,10.61,21344222,JEN,deep
9123,02/20/2024 20:46:17,10.59,100,10.61,21344222,JEN,deep
9124,02/20/2024 21:46:17,10.58,100,10.59,21344222,JEN,deep
9125,02/20/2024 22:46:17,10.62,100,10.63,21344222,JEN,deep
9126,02/20/2024 23:46:17,10.59,100,10.61,21344222,JEN,deep
9127,02/21/2024 00:46:17,10.58,100,10.59,21344222,JEN,deep
9128,02/21/2024 01:46:17,10.56,100,10.57,21344222,JEN,deep
9129,02/21/2024 02:46:17,10.59,100,10.61,21344222,JEN,deep
9130,02/21/2024 03:46:17,10.59,100,10.61,21344222,JEN,deep
9131,02/21/2024 04:46:17,10.59,100,10.61,21344222,JEN,deep
9132,02/21/2024 05:46:17,10.58,100,10.59,21344222,JEN,deep
9133,02/21/2024 06:46:17,10.6,100,10.62,21344222,JEN,deep
9134,02/21/2024 07:46:17,10.59,100,10.61,21344222,JEN,deep
9135,02/21/2024 08:46:17,10.59,100,10.61,21344222,JEN,deep
9136,02/21/2024 09:46:17,10.59,100,10.61,21344222,JEN,deep
9137,02/21/2024 10:46:17,10.6,100,10.62,21344222,JEN,deep
9138,02/21/2024 11:46:17,10.58,100,10.59,21344222,JEN,deep
9139,02/21/2024 12:46:17,10.59,100,10.61,21344222,JEN,deep
9140,02/21/2024 13:46:17,10.59,100,10.61,21344222,JEN,deep
9141,02/21/2024 14:46:17,10.58,100,10.59,21344222,JEN,deep
9142,02/21/2024 15:46:17,10.56,100,10.57,21344222,JEN,deep
9143,02/21/2024 16:46:17,10.59,100,10.61,21344222,JEN,deep
9144,02/21/2024 17:46:17,10.56,100,10.57,21344222,JEN,deep
9145,02/21/2024 18:46:17,10.56,100,10.57,21344222,JEN,deep
9146,02/21/2024 19:46:17,10.59,100,10.61,21344222,JEN,deep
9147,02/21/2024 20:46:17,10.56,100,10.57,21344222,JEN,deep
9148,02/21/2024 21:46:17,10.62,100,10.63,21344222,JEN,deep
9149,02/21/2024 22:46:17,10.59,100,10.61,21344222,JEN,deep
9150,02/21/2024 23:46:17,10.59,100,10.61,21344222,JEN,deep
9151,02/22/2024 00:46:17,10.6,100,10.62,21344222,JEN,deep
9152,02/22/2024 01:46:17,10.59,100,10.61,21344222,JEN,deep
9153,02/22/2024 02:46:17,10.58,100,10.59,21344222,JEN,deep
9154,02/22/2024 03:46:17,10.6,100,10.62,21344222,JEN,deep
9155,02/22/2024 04:46:17,10.57,100,10.58,21344222,JEN,deep
9156,02/22/2024 05:46:17,10.59,100,10.61,21344222,JEN,deep
9157,02/22/2024 06:46:17,10.58,100,10.59,21344222,JEN,deep
9158,02/22/2024 07:46:17,10.59,100,10.61,21344222,JEN,deep
9159,02/22/2024 08:46:17,10.59,100,10.61,21344222,JEN,deep
9160,02/22/2024 09:46:17,10.58,100,10.59,21344222,JEN,deep
9161,02/22/2024 10:46:17,10.59,100,10.61,21344222,JEN,deep
9162,02/22/2024 11:46:17,10.57,100,10.58,21344222,JEN,deep
9163,02/22/2024 12:46:17,10.57,100,10.58,21344222,JEN,deep
9164,02/22/2024 13:46:17,10.57,100,10.58,21344222,JEN,deep
9165,02/22/2024 14:46:17,10.56,100,10.57,21344222,JEN,deep
9166,02/22/2024 15:46:17,10.55,100,10.56,21344222,JEN,deep
9167,02/22/2024 16:46:17,10.57,100,10.58,21344222,JEN,deep
9168,02/22/2024 17:46:17,10.55,100,10.56,21344222,JEN,deep
9169,02/22/2024 18:46:17,10.57,100,10.58,21344222,JEN,deep
9170,02/22/2024 19:46:17,10.57,100,10.58,21344222,JEN,deep
9171,02/22/2024 20:46:17,10.55,100,10.56,21344222,JEN,deep
9172,02/22/2024 21:46:17,10.56,100,10.57,21344222,JEN,deep
9173,02/22/2024 22:46:17,10.55,100,10.56,21344222,JEN,deep
9174,02/22/2024 23:46:17,10.58,100,10.59,21344222,JEN,deep
9175,02/23/2024 00:46:17,10.58,100,10.59,21344222,JEN,deep
9176,02/23/2024 01:46:17,10.58,100,10.59,21344222,JEN,deep
9177,02/23/2024 02:46:17,10.57,100,10.58,21344222,JEN,deep
9178,02/23/2024 03:46:17,10.59,100,10.61,21344222,JEN,deep
9179,02/23/2024 04:46:17,10.58,100,10.59,21344222,JEN,deep
9180,02/23/2024 05:46:17,10.6,100,10.62,21344222,JEN,deep
9181,02/23/2024 06:46:17,10.56,100,10.57,21344222,JEN,deep
9182,02/23/2024 07:46:17,10.54,100,10.55,21344222,JEN,deep
9183,02/23/2024 08:46:17,10.6,100,10.62,21344222,JEN,deep
9184,02/23/2024 09:46:17,10.57,100,10.58,21344222,JEN,deep
9185,02/23/2024 10:46:17,10.58,100,10.59,21344222,JEN,deep
9186,02/23/2024 11:46:17,10.55,100,10.56,21344222,JEN,deep
9187,02/23/2024 12:46:17,10.55,100,10.56,21344222,JEN,deep
9188,02/23/2024 13:46:17,10.59,100,10.61,21344222,JEN,deep
9189,02/23/2024 14:46:17,10.57,100,10.58,21344222,JEN,deep
9190,02/23/2024 15:46:17,10.55,100,10.56,21344222,JEN,deep
9191,02/23/2024 16:46:17,10.57,100,10.58,21344222,JEN,deep
9192,02/23/2024 17:46:17,10.59,100,10.61,21344222,JEN,deep
9193,02/23/2024 18:46:17,10.55,100,10.56,21344222,JEN,deep
9194,02/23/2024 19:46:17,10.58,100,10.59,21344222,JEN,deep
9195,02/23/2024 20:46:17,10.58,100,10.59,21344222,JEN,deep
9196,02/23/2024 21:46:17,10.57,100,10.58,21344222,JEN,deep
9197,02/23/2024 22:46:17,10.56,100,10.57,21344222,JEN,deep
9198,02/23/2024 23:46:17,10.58,100,10.59,21344222,JEN,deep
9199,02/24/2024 00:46:17,10.59,100,10.61,21344222,JEN,deep
9200,02/24/2024 01:46:17,10.57,100,10.58,21344222,JEN,deep
9201,02/24/2024 02:46:17,10.58,100,10.59,21344222,JEN,deep
9202,02/24/2024 03:46:17,10.57,100,10.58,21344222,JEN,deep
9203,02/24/2024 04:46:17,10.59,100,10.61,21344222,JEN,deep
9204,02/24/2024 05:46:17,10.57,100,10.58,21344222,JEN,deep
9205,02/24/2024 06:46:17,10.6,100,10.62,21344222,JEN,deep
9206,02/24/2024 07:46:17,10.57,100,10.58,21344222,JEN,deep
9207,02/24/2024 08:46:17,10.58,100,10.59,21344222,JEN,deep
9208,02/24/2024 09:46:17,10.58,100,10.59,21344222,JEN,deep
9209,02/24/2024 10:46:17,10.56,100,10.57,21344222,JEN,deep
9210,02/24/2024 11:46:17,10.59,100,10.61,21344222,JEN,deep
9211,02/24/2024 12:46:17,10.58,100,10.59,21344222,JEN,deep
9212,02/24/2024 13:46:17,10.59,100,10.61,21344222,JEN,deep
9213,02/24/2024 14:46:17,10.6,100,10.62,21344222,JEN,deep
9214,02/24/2024 15:46:17,10.62,100,10.63,21344222,JEN,deep
9215,02/24/2024 16:46:17,10.57,100,10.58,21344222,JEN,deep
9216,02/24/2024 17:46:17,10.62,100,10.63,21344222,JEN,deep
9217,02/24/2024 18:46:17,10.62,100,10.63,21344222,JEN,deep
9218,02/24/2024 19:46:17,10.6,100,10.62,21344222,JEN,deep
9219,02/24/2024 20:46:17,10.58,100,10.59,21344222,JEN,deep
9220,02/24/2024 21:46:17,10.6,100,10.62,21344222,JEN,deep
9221,02/24/2024 22:46:17,10.59,100,10.61,21344222,JEN,deep
9222,02/24/2024 23:46:17,10.59,100,10.61,21344222,JEN,deep
9223,02/25/2024 00:46:17,10.62,100,10.63,21344222,JEN,deep
9224,02/25/2024 01:46:17,10.59,100,10.61,21344222,JEN,deep
9225,02/25/2024 02:46:17,10.57,100,10.58,21344222,JEN,deep
9226,02/25/2024 03:46:17,10.59,100,10.61,21344222,JEN,deep
9227,02/25/2024 04:46:17,10.59,100,10.61,21344222,JEN,deep
9228,02/25/2024 05:46:17,10.57,100,10.58,21344222,JEN,deep
9229,02/25/2024 06:46:17,10.57,100,10.58,21344222,JEN,deep
9230,02/25/2024 07:46:17,10.6,100,10.62,21344222,JEN,deep
9231,02/25/2024 08:46:17,10.59,100,10.61,21344222,JEN,deep
9232,02/25/2024 09:46:17,10.59,100,10.61,21344222,JEN,deep
9233,02/25/2024 10:46:17,10.57,100,10.58,21344222,JEN,deep
9234,02/25/2024 11:46:17,10.62,100,10.63,21344222,JEN,deep
9235,02/25/2024 12:46:17,10.59,100,10.61,21344222,JEN,deep
9236,02/25/2024 13:46:17,10.57,100,10.58,21344222,JEN,deep
9237,02/25/2024 14:46:17,10.59,100,10.61,21344222,JEN,deep
9238,02/25/2024 15:46:17,10.58,100,10.59,21344222,JEN,deep
9239,02/25/2024 16:46:17,10.59,100,10.61,21344222,JEN,deep
9240,02/25/2024 17:46:17,10.58,100,10.59,21344222,JEN,deep
9241,02/25/2024 18:46:17,10.57,100,10.58,21344222,JEN,deep
9242,02/25/2024 19:46:17,10.6,100,10.62,21344222,JEN,deep
9243,02/25/2024 20:46:17,10.6,100,10.62,21344222,JEN,deep
9244,02/25/2024 21:46:17,10.6,100,10.62,21344222,JEN,deep
9245,02/25/2024 22:46:17,10.58,100,10.59,21344222,JEN,deep
9246,02/25/2024 23:46:17,10.57,100,10.58,21344222,JEN,deep
9247,02/26/2024 00:46:17,10.6,100,10.62,21344222,JEN,deep
9248,02/26/2024 01:46:17,10.6,100,10.62,21344222,JEN,deep
9249,02/26/2024 02:46:17,10.59,100,10.61,21344222,JEN,deep
9250,02/26/2024 03:46:17,10.59,100,10.61,21344222,JEN,deep
9251,02/26/2024 04:46:17,10.62,100,10.63,21344222,JEN,deep
9252,02/26/2024 05:46:17,10.59,100,10.61,21344222,JEN,deep
9253,02/26/2024 06:46:17,10.59,100,10.61,21344222,JEN,deep
9254,02/26/2024 07:46:17,10.62,100,10.63,21344222,JEN,deep
9255,02/26/2024 08:46:17,10.59,100,10.61,21344222,JEN,deep
9256,02/26/2024 09:46:17,10.58,100,10.59,21344222,JEN,deep
9257,02/26/2024 10:46:17,10.59,100,10.61,21344222,JEN,deep
9258,02/26/2024 11:46:17,10.59,100,10.61,21344222,JEN,deep
9259,02/26/2024 12:46:17,10.58,100,10.59,21344222,JEN,deep
9260,02/26/2024 13:46:17,10.56,100,10.57,21344222,JEN,deep
9261,02/26/2024 14:46:17,10.59,100,10.61,21344222,JEN,deep
9262,02/26/2024 15:46:17,10.58,100,10.59,21344222,JEN,deep
9263,02/26/2024 16:46:17,10.59,100,10.61,21344222,JEN,deep
9264,02/26/2024 17:46:17,10.59,100,10.61,21344222,JEN,deep
9265,02/26/2024 18:46:17,10.58,100,10.59,21344222,JEN,deep
9266,02/26/2024 19:46:17,10.57,100,10.58,21344222,JEN,deep
9267,02/26/2024 20:46:17,10.6,100,10.62,21344222,JEN,deep
9268,02/26/2024 21:46:17,10.57,100,10.58,21344222,JEN,deep
9269,02/26/2024 22:46:17,10.57,100,10.58,21344222,JEN,deep
9270,02/26/2024 23:46:17,10.59,100,10.61,21344222,JEN,deep
9271,02/27/2024 00:46:17,10.58,100,10.59,21344222,JEN,deep
9272,02/27/2024 01:46:17,10.59,100,10.61,21344222,JEN,deep
9273,02/27/2024 02:46:17,10.59,100,10.61,21344222,JEN,deep
9274,02/27/2024 03:46:17,10.59,100,10.61,21344222,JEN,deep
9275,02/27/2024 04:46:17,10.6,100,10.62,21344222,JEN,deep
9276,02/27/2024 05:46:17,10.63,100,10.64,21344222,JEN,deep
9277,02/27/2024 06:46:17,10.6,100,10.62,21344222,JEN,deep
9278,02/27/2024 07:46:17,10.62,100,10.63,21344222,JEN,deep
9279,02/27/2024 08:46:17,10.57,100,10.58,21344222,JEN,deep
9280,02/27/2024 09:46:17,10.62,100,10.63,21344222,JEN,deep
9281,02/27/2024 10:46:17,10.59,100,10.61,21344222,JEN,deep
9282,02/27/2024 11:46:17,10.6,100,10.62,21344222,JEN,deep
9283,02/27/2024 12:46:17,10.58,100,10.59,21344222,JEN,deep
9284,02/27/2024 13:46:17,10.6,100,10.62,21344222,JEN,deep
9285,02/27/2024 14:46:17,10.56,100,10.57,21344222,JEN,deep
9286,02/27/2024 15:46:17,10.59,100,10.61,21344222,JEN,deep
9287,02/27/2024 16:46:17,10.6,100,10.62,21344222,JEN,deep
9288,02/27/2024 17:46:17,10.6,100,10.62,21344222,JEN,deep
9289,02/27/2024 18:46:17,10.6,100,10.62,21344222,JEN,deep
9290,02/27/2024 19:46:17,10.58,100,10.59,21344222,JEN,deep
9291,02/27/2024 20:46:17,10.6,100,10.62,21344222,JEN,deep
9292,02/27/2024 21:46:17,10.58,100,10.59,21344222,JEN,deep
9293,02/27/2024 22:46:17,10.62,100,10.63,21344222,JEN,deep
9294,02/27/2024 23:46:17,10.64,100,10.65,21344222,JEN,deep
9295,02/28/2024 00:46:17,10.59,100,10.61,21344222,JEN,deep
9296,02/28/2024 01:46:17,10.62,100,10.63,21344222,JEN,deep
9297,02/28/2024 02:46:17,10.57,100,10.58,21344222,JEN,deep
9298,02/28/2024 03:46:17,10.59,100,10.61,21344222,JEN,deep
9299,02/28/2024 04:46:17,10.6,100,10.62,21344222,JEN,deep
9300,02/28/2024 05:46:17,10.56,100,10.57,21344222,JEN,deep
9301,02/28/2024 06:46:17,10.57,100,10.58,21344222,JEN,deep
9302,02/28/2024 07:46:17,10.6,100,10.62,21344222,JEN,deep
9303,02/28/2024 08:46:17,10.58,100,10.59,21344222,JEN,deep
9304,02/28/2024 09:46:17,10.6,100,10.62,21344222,JEN,deep
9305,02/28/2024 10:46:17,10.59,100,10.61,21344222,JEN,deep
9306,02/28/2024 11:46:17,10.6,100,10.62,21344222,JEN,deep
9307,02/28/2024 12:46:17,10.6,100,10.62,21344222,JEN,deep
9308,02/28/2024 13:46:17,10.59,100,10.61,21344222,JEN,deep
9309,02/28/2024 14:46:17,10.56,100,10.57,21344222,JEN,deep
9310,02/28/2024 15:46:17,10.59,100,10.61,21344222,JEN,deep
9311,02/28/2024 16:46:17,10.59,100,10.61,21344222,JEN,deep
9312,02/28/2024 17:46:17,10.58,100,10.59,21344222,JEN,deep
9313,02/28/2024 18:46:17,10.58,100,10.59,21344222,JEN,deep
9314,02/28/2024 19:46:17,10.58,100,10.59,21344222,JEN,deep
9315,02/28/2024 20:46:17,10.62,100,10.63,21344222,JEN,deep
9316,02/28/2024 21:46:17,10.6,100,10.62,21344222,JEN,deep
9317,02/28/2024 22:46:17,10.59,100,10.61,21344222,JEN,deep
9318,02/28/2024 23:46:17,10.59,100,10.61,21344222,JEN,deep
9319,02/29/2024 00:46:17,10.6,100,10.62,21344222,JEN,deep
9320,02/29/2024 01:46:17,10.6,100,10.62,21344222,JEN,deep
9321,02/29/2024 02:46:17,10.57,100,10.58,21344222,JEN,deep
9322,02/29/2024 03:46:17,10.59,100,10.61,21344222,JEN,deep
9323,02/29/2024 04:46:17,10.58,100,10.59,21344222,JEN,deep
9324,02/29/2024 05:46:17,10.58,100,10.59,21344222,JEN,deep
9325,02/29/2024 06:46:17,10.56,100,10.57,21344222,JEN,deep
9326,02/29/2024 07:46:17,10.56,100,10.57,21344222,JEN,deep
9327,02/29/2024 08:46:17,10.57,100,10.58,21344222,JEN,deep
9328,02/29/2024 09:46:17,10.56,100,10.57,21344222,JEN,deep
9329,02/29/2024 10:46:17,10.57,100,10.58,21344222,JEN,deep
9330,02/29/2024 11:46:17,10.59,100,10.61,21344222,JEN,deep
9331,02/29/2024 12:46:17,10.56,100,10.57,21344222,JEN,deep
9332,02/29/2024 13:46:17,10.56,100,10.57,21344222,JEN,deep
9333,02/29/2024 14:46:17,10.57,100,10.58,21344222,JEN,deep
9334,02/29/2024 15:46:17,10.54,100,10.55,21344222,JEN,deep
9335,02/29/2024 16:46:17,10.58,100,10.59,21344222,JEN,deep
9336,02/29/2024 17:46:17,10.57,100,10.58,21344222,JEN,deep
9337,02/29/2024 18:46:17,10.55,100,10.56,21344222,JEN,deep
9338,02/29/2024 19:46:17,10.56,100,10.57,21344222,JEN,deep
9339,02/29/2024 20:46:17,10.6,100,10.62,21344222,JEN,deep
9340,02/29/2024 21:46:17,10.58,100,10.59,21344222,JEN,deep
9341,02/29/2024 22:46:17,10.6,100,10.62,21344222,JEN,deep
9342,02/29/2024 23:46:17,10.59,100,10.61,21344222,JEN,deep
9343,3/1/2024 0:46,10.58,100,10.59,21344222,JEN,deep
9344,3/1/2024 1:46,10.56,100,10.57,21344222,JEN,deep
9345,3/1/2024 2:46,10.58,100,10.59,21344222,JEN,deep
9346,3/1/2024 3:46,10.6,100,10.62,21344222,JEN,deep
9347,3/1/2024 4:46,10.58,100,10.59,21344222,JEN,deep
9348,3/1/2024 5:46,10.58,100,10.59,21344222,JEN,deep
9349,3/1/2024 6:46,10.58,100,10.59,21344222,JEN,deep
9350,3/1/2024 7:46,10.57,100,10.58,21344222,JEN,deep
9351,3/1/2024 8:46,10.6,100,10.62,21344222,JEN,deep
9352,3/1/2024 9:46,10.57,100,10.58,21344222,JEN,deep
9353,3/1/2024 10:46,10.56,100,10.57,21344222,JEN,deep
9354,3/1/2024 11:46,10.56,100,10.57,21344222,JEN,deep
9355,3/1/2024 12:46,10.56,100,10.57,21344222,JEN,deep
9356,3/1/2024 13:46,10.58,100,10.59,21344222,JEN,deep
9357,3/1/2024 14:46,10.57,100,10.58,21344222,JEN,deep
9358,3/1/2024 15:46,10.55,100,10.56,21344222,JEN,deep
9359,3/1/2024 16:46,10.57,100,10.58,21344222,JEN,deep
9360,3/1/2024 17:46,10.58,100,10.59,21344222,JEN,deep
9361,3/1/2024 18:46,10.57,100,10.58,21344222,JEN,deep
9362,3/1/2024 19:46,10.54,100,10.55,21344222,JEN,deep
9363,3/1/2024 20:46,10.59,100,10.61,21344222,JEN,deep
9364,3/1/2024 21:46,10.59,100,10.61,21344222,JEN,deep
9365,3/1/2024 22:46,10.59,100,10.61,21344222,JEN,deep
9366,3/1/2024 23:46,10.57,100,10.58,21344222,JEN,deep
9367,3/2/2024 0:46,10.56,100,10.57,21344222,JEN,deep
9368,3/2/2024 1:46,10.57,100,10.58,21344222,JEN,deep
9369,3/2/2024 2:46,10.59,100,10.61,21344222,JEN,deep
9370,3/2/2024 3:46,10.57,100,10.58,21344222,JEN,deep
9371,3/2/2024 4:46,10.58,100,10.59,21344222,JEN,deep
9372,3/2/2024 5:46,10.57,100,10.58,21344222,JEN,deep
9373,3/2/2024 6:46,10.58,100,10.59,21344222,JEN,deep
9374,3/2/2024 7:46,10.58,100,10.59,21344222,JEN,deep
9375,3/2/2024 8:46,10.6,100,10.62,21344222,JEN,deep
9376,3/2/2024 9:46,10.59,100,10.61,21344222,JEN,deep
9377,3/2/2024 10:46,10.58,100,10.59,21344222,JEN,deep
9378,3/2/2024 11:46,10.59,100,10.61,21344222,JEN,deep
9379,3/2/2024 12:46,10.59,100,10.61,21344222,JEN,deep
9380,3/2/2024 13:46,10.56,100,10.57,21344222,JEN,deep
9381,3/2/2024 14:46,10.55,100,10.56,21344222,JEN,deep
9382,3/2/2024 15:46,10.56,100,10.57,21344222,JEN,deep
9383,3/2/2024 16:46,10.57,100,10.58,21344222,JEN,deep
9384,3/2/2024 17:46,10.58,100,10.59,21344222,JEN,deep
9385,3/2/2024 18:46,10.58,100,10.59,21344222,JEN,deep
9386,3/2/2024 19:46,10.59,100,10.61,21344222,JEN,deep
9387,3/2/2024 20:46,10.59,100,10.61,21344222,JEN,deep
9388,3/2/2024 21:46,10.59,100,10.61,21344222,JEN,deep
9389,3/2/2024 22:46,10.59,100,10.61,21344222,JEN,deep
9390,3/2/2024 23:46,10.59,100,10.61,21344222,JEN,deep
9391,3/3/2024 0:46,10.59,100,10.61,21344222,JEN,deep
9392,3/3/2024 1:46,10.59,100,10.61,21344222,JEN,deep
9393,3/3/2024 2:46,10.6,100,10.62,21344222,JEN,deep
9394,3/3/2024 3:46,10.59,100,10.61,21344222,JEN,deep
9395,3/3/2024 4:46,10.59,100,10.61,21344222,JEN,deep
9396,3/3/2024 5:46,10.6,100,10.62,21344222,JEN,deep
9397,3/3/2024 6:46,10.6,100,10.62,21344222,JEN,deep
9398,3/3/2024 7:46,10.59,100,10.61,21344222,JEN,deep
9399,3/3/2024 8:46,10.62,100,10.63,21344222,JEN,deep
9400,3/3/2024 9:46,10.59,100,10.61,21344222,JEN,deep
9401,3/3/2024 10:46,10.58,100,10.59,21344222,JEN,deep
9402,3/3/2024 11:46,10.57,100,10.58,21344222,JEN,deep
9403,3/3/2024 12:46,10.58,100,10.59,21344222,JEN,deep
9404,3/3/2024 13:46,10.58,100,10.59,21344222,JEN,deep
9405,3/3/2024 14:46,10.59,100,10.61,21344222,JEN,deep
9406,3/3/2024 15:46,10.58,100,10.59,21344222,JEN,deep
9407,3/3/2024 16:46,10.56,100,10.57,21344222,JEN,deep
9408,3/3/2024 17:46,10.56,100,10.57,21344222,JEN,deep
9409,3/3/2024 18:46,10.57,100,10.58,21344222,JEN,deep
9410,3/3/2024 19:46,10.6,100,10.62,21344222,JEN,deep
9411,3/3/2024 20:46,10.59,100,10.61,21344222,JEN,deep
9412,3/3/2024 21:46,10.6,100,10.62,21344222,JEN,deep
9413,3/3/2024 22:46,10.59,100,10.61,21344222,JEN,deep
9414,3/3/2024 23:46,10.62,100,10.63,21344222,JEN,deep
9415,3/4/2024 0:46,10.64,100,10.65,21344222,JEN,deep
9416,3/4/2024 1:46,10.59,100,10.61,21344222,JEN,deep
9417,3/4/2024 2:46,10.59,100,10.61,21344222,JEN,deep
9418,3/4/2024 3:46,10.63,100,10.64,21344222,JEN,deep
9419,3/4/2024 4:46,10.62,100,10.63,21344222,JEN,deep
9420,3/4/2024 5:46,10.59,100,10.61,21344222,JEN,deep
9421,3/4/2024 6:46,10.6,100,10.62,21344222,JEN,deep
9422,3/4/2024 7:46,10.65,100,10.66,21344222,JEN,deep
9423,3/4/2024 8:46,10.59,100,10.61,21344222,JEN,deep
9424,3/4/2024 9:46,10.58,100,10.59,21344222,JEN,deep
9425,3/4/2024 10:46,10.59,100,10.61,21344222,JEN,deep
9426,3/4/2024 11:46,10.6,100,10.62,21344222,JEN,deep
9427,3/4/2024 12:46,10.6,100,10.62,21344222,JEN,deep
9428,3/4/2024 13:46,10.6,100,10.62,21344222,JEN,deep
9429,3/4/2024 14:46,10.63,100,10.64,21344222,JEN,deep
9430,3/4/2024 15:46,10.58,100,10.59,21344222,JEN,deep
9431,3/4/2024 16:46,10.59,100,10.61,21344222,JEN,deep
9432,3/4/2024 17:46,10.62,100,10.63,21344222,JEN,deep
9433,3/4/2024 18:46,10.59,100,10.61,21344222,JEN,deep
9434,3/4/2024 19:46,10.62,100,10.63,21344222,JEN,deep
9435,3/4/2024 20:46,10.62,100,10.63,21344222,JEN,deep
9436,3/4/2024 21:46,10.63,100,10.64,21344222,JEN,deep
9437,3/4/2024 22:46,10.6,100,10.62,21344222,JEN,deep
9438,3/4/2024 23:46,10.62,100,10.63,21344222,JEN,deep
9439,3/5/2024 0:46,10.63,100,10.64,21344222,JEN,deep
9440,3/5/2024 1:46,10.62,100,10.63,21344222,JEN,deep
9441,3/5/2024 2:46,10.63,100,10.64,21344222,JEN,deep
9442,3/5/2024 3:46,10.63,100,10.64,21344222,JEN,deep
9443,3/5/2024 4:46,10.62,100,10.63,21344222,JEN,deep
9444,3/5/2024 5:46,10.59,100,10.61,21344222,JEN,deep
9445,3/5/2024 6:46,10.63,100,10.64,21344222,JEN,deep
9446,3/5/2024 7:46,10.59,100,10.61,21344222,JEN,deep
9447,3/5/2024 8:46,10.62,100,10.63,21344222,JEN,deep
9448,3/5/2024 9:46,10.63,100,10.64,21344222,JEN,deep
9449,3/5/2024 10:46,10.63,100,10.64,21344222,JEN,deep
9450,3/5/2024 11:46,10.6,100,10.62,21344222,JEN,deep
9451,3/5/2024 12:46,10.59,100,10.61,21344222,JEN,deep
9452,3/5/2024 13:46,10.59,100,10.61,21344222,JEN,deep
9453,3/5/2024 14:46,10.6,100,10.62,21344222,JEN,deep
9454,3/5/2024 15:46,10.59,100,10.61,21344222,JEN,deep
9455,3/5/2024 16:46,10.58,100,10.59,21344222,JEN,deep
9456,3/5/2024 17:46,10.62,100,10.63,21344222,JEN,deep
9457,3/5/2024 18:46,10.62,100,10.63,21344222,JEN,deep
9458,3/5/2024 19:46,10.59,100,10.61,21344222,JEN,deep
9459,3/5/2024 20:46,10.59,100,10.61,21344222,JEN,deep
9460,3/5/2024 21:46,10.58,100,10.59,21344222,JEN,deep
9461,3/5/2024 22:46,10.6,100,10.62,21344222,JEN,deep
9462,3/5/2024 23:46,10.6,100,10.62,21344222,JEN,deep
9463,3/6/2024 0:46,10.62,100,10.63,21344222,JEN,deep
9464,3/6/2024 1:46,10.6,100,10.62,21344222,JEN,deep
9465,3/6/2024 2:46,10.62,100,10.63,21344222,JEN,deep
9466,3/6/2024 3:46,10.64,100,10.65,21344222,JEN,deep
9467,3/6/2024 4:46,10.64,100,10.65,21344222,JEN,deep
9468,3/6/2024 5:46,10.6,100,10.62,21344222,JEN,deep
9469,3/6/2024 6:46,10.63,100,10.64,21344222,JEN,deep
9470,3/6/2024 7:46,10.63,100,10.64,21344222,JEN,deep
9471,3/6/2024 8:46,10.62,100,10.63,21344222,JEN,deep
9472,3/6/2024 9:46,10.6,100,10.62,21344222,JEN,deep
9473,3/6/2024 10:46,10.6,100,10.62,21344222,JEN,deep
9474,3/6/2024 11:46,10.57,100,10.58,21344222,JEN,deep
9475,3/6/2024 12:46,10.58,100,10.59,21344222,JEN,deep
9476,3/6/2024 13:46,10.6,100,10.62,21344222,JEN,deep
9477,3/6/2024 14:46,10.59,100,10.61,21344222,JEN,deep
9478,3/6/2024 15:46,10.58,100,10.59,21344222,JEN,deep
9479,3/6/2024 16:46,10.59,100,10.61,21344222,JEN,deep
9480,3/6/2024 17:46,10.59,100,10.61,21344222,JEN,deep
9481,3/6/2024 18:46,10.58,100,10.59,21344222,JEN,deep
9482,3/6/2024 19:46,10.63,100,10.64,21344222,JEN,deep
9483,3/6/2024 20:46,10.59,100,10.61,21344222,JEN,deep
9484,3/6/2024 21:46,10.62,100,10.63,21344222,JEN,deep
9485,3/6/2024 22:46,10.58,100,10.59,21344222,JEN,deep
9486,3/6/2024 23:46,10.6,100,10.62,21344222,JEN,deep
9487,3/7/2024 0:46,10.59,100,10.61,21344222,JEN,deep
9488,3/7/2024 1:46,10.59,100,10.61,21344222,JEN,deep
9489,3/7/2024 2:46,10.58,100,10.59,21344222,JEN,deep
9490,3/7/2024 3:46,10.62,100,10.63,21344222,JEN,deep
9491,3/7/2024 4:46,10.59,100,10.61,21344222,JEN,deep
9492,3/7/2024 5:46,10.58,100,10.59,21344222,JEN,deep
9493,3/7/2024 6:46,10.6,100,10.62,21344222,JEN,deep
9494,3/7/2024 7:46,10.58,100,10.59,21344222,JEN,deep
9495,3/7/2024 8:46,10.6,100,10.62,21344222,JEN,deep
9496,3/7/2024 9:46,10.57,100,10.58,21344222,JEN,deep
9497,3/7/2024 10:46,10.6,100,10.62,21344222,JEN,deep
9498,3/7/2024 11:46,10.58,100,10.59,21344222,JEN,deep
9499,3/7/2024 12:46,10.58,100,10.59,21344222,JEN,deep
9500,3/7/2024 13:46,10.59,100,10.61,21344222,JEN,deep
9501,3/7/2024 14:46,10.58,100,10.59,21344222,JEN,deep
9502,3/7/2024 15:46,10.62,100,10.63,21344222,JEN,deep
9503,3/7/2024 16:46,10.59,100,10.61,21344222,JEN,deep
9504,3/7/2024 17:46,10.6,100,10.62,21344222,JEN,deep
9505,3/7/2024 18:46,10.6,100,10.62,21344222,JEN,deep
9506,3/7/2024 19:46,10.59,100,10.61,21344222,JEN,deep
9507,3/7/2024 20:46,10.62,100,10.63,21344222,JEN,deep
9508,3/7/2024 21:46,10.64,100,10.65,21344222,JEN,deep
9509,3/7/2024 22:46,10.59,100,10.61,21344222,JEN,deep
9510,3/7/2024 23:46,10.59,100,10.61,21344222,JEN,deep
9511,3/8/2024 0:46,10.59,100,10.61,21344222,JEN,deep
9512,3/8/2024 1:46,10.62,100,10.63,21344222,JEN,deep
9513,3/8/2024 2:46,10.59,100,10.61,21344222,JEN,deep
9514,3/8/2024 3:46,10.62,100,10.63,21344222,JEN,deep
9515,3/8/2024 4:46,10.6,100,10.62,21344222,JEN,deep
9516,3/8/2024 5:46,10.6,100,10.62,21344222,JEN,deep
9517,3/8/2024 6:46,10.63,100,10.64,21344222,JEN,deep
9518,3/8/2024 7:46,10.59,100,10.61,21344222,JEN,deep
9519,3/8/2024 8:46,10.6,100,10.62,21344222,JEN,deep
9520,3/8/2024 9:46,10.59,100,10.61,21344222,JEN,deep
9521,3/8/2024 10:46,10.59,100,10.61,21344222,JEN,deep
9522,3/8/2024 11:46,10.58,100,10.59,21344222,JEN,deep
9523,3/8/2024 12:46,10.62,100,10.63,21344222,JEN,deep
9524,3/8/2024 13:46,10.59,100,10.61,21344222,JEN,deep
9525,3/8/2024 14:46,10.59,100,10.61,21344222,JEN,deep
9526,3/8/2024 15:46,10.57,100,10.58,21344222,JEN,deep
9527,3/8/2024 16:46,10.58,100,10.59,21344222,JEN,deep
9528,3/8/2024 17:46,10.57,100,10.58,21344222,JEN,deep
9529,3/8/2024 18:46,10.6,100,10.62,21344222,JEN,deep
9530,3/8/2024 19:46,10.6,100,10.62,21344222,JEN,deep
9531,3/8/2024 20:46,10.6,100,10.62,21344222,JEN,deep
9532,3/8/2024 21:46,10.58,100,10.59,21344222,JEN,deep
9533,3/8/2024 22:46,10.63,100,10.64,21344222,JEN,deep
9534,3/8/2024 23:46,10.59,100,10.61,21344222,JEN,deep
9535,3/9/2024 0:46,10.57,100,10.58,21344222,JEN,deep
9536,3/9/2024 1:46,10.63,100,10.64,21344222,JEN,deep
9537,3/9/2024 2:46,10.59,100,10.61,21344222,JEN,deep
9538,3/9/2024 3:46,10.6,100,10.62,21344222,JEN,deep
9539,3/9/2024 4:46,10.62,100,10.63,21344222,JEN,deep
9540,3/9/2024 5:46,10.64,100,10.65,21344222,JEN,deep
9541,3/9/2024 6:46,10.6,100,10.62,21344222,JEN,deep
9542,3/9/2024 7:46,10.6,100,10.62,21344222,JEN,deep
9543,3/9/2024 8:46,10.62,100,10.63,21344222,JEN,deep
9544,3/9/2024 9:46,10.59,100,10.61,21344222,JEN,deep
9545,3/9/2024 10:46,10.58,100,10.59,21344222,JEN,deep
9546,3/9/2024 11:46,10.64,100,10.65,21344222,JEN,deep
9547,3/9/2024 12:46,10.58,100,10.59,21344222,JEN,deep
9548,3/9/2024 13:46,10.59,100,10.61,21344222,JEN,deep
9549,3/9/2024 14:46,10.57,100,10.58,21344222,JEN,deep
9550,3/9/2024 15:46,10.6,100,10.62,21344222,JEN,deep
9551,3/9/2024 16:46,10.57,100,10.58,21344222,JEN,deep
9552,3/9/2024 17:46,10.62,100,10.63,21344222,JEN,deep
9553,3/9/2024 18:46,10.59,100,10.61,21344222,JEN,deep
9554,3/9/2024 19:46,10.58,100,10.59,21344222,JEN,deep
9555,3/9/2024 20:46,10.6,100,10.62,21344222,JEN,deep
9556,3/9/2024 21:46,10.62,100,10.63,21344222,JEN,deep
9557,3/9/2024 22:46,10.63,100,10.64,21344222,JEN,deep
9558,3/9/2024 23:46,10.63,100,10.64,21344222,JEN,deep
9559,3/10/2024 0:46,10.6,100,10.62,21344222,JEN,deep
9560,3/10/2024 1:46,10.63,100,10.64,21344222,JEN,deep
9561,3/10/2024 2:46,10.6,100,10.62,21344222,JEN,deep
9562,3/10/2024 3:46,10.62,100,10.63,21344222,JEN,deep
9563,3/10/2024 4:46,10.64,100,10.65,21344222,JEN,deep
9564,3/10/2024 5:46,10.62,100,10.63,21344222,JEN,deep
9565,3/10/2024 6:46,10.64,100,10.65,21344222,JEN,deep
9566,3/10/2024 7:46,10.63,100,10.64,21344222,JEN,deep
9567,3/10/2024 8:46,10.63,100,10.64,21344222,JEN,deep
9568,3/10/2024 9:46,10.59,100,10.61,21344222,JEN,deep
9569,3/10/2024 10:46,10.59,100,10.61,21344222,JEN,deep
9570,3/10/2024 11:46,10.64,100,10.65,21344222,JEN,deep
9571,3/10/2024 12:46,10.62,100,10.63,21344222,JEN,deep
9572,3/10/2024 13:46,10.63,100,10.64,21344222,JEN,deep
9573,3/10/2024 14:46,10.6,100,10.62,21344222,JEN,deep
9574,3/10/2024 15:46,10.63,100,10.64,21344222,JEN,deep
9575,3/10/2024 16:46,10.6,100,10.62,21344222,JEN,deep
9576,3/10/2024 17:46,10.6,100,10.62,21344222,JEN,deep
9577,3/10/2024 18:46,10.59,100,10.61,21344222,JEN,deep
9578,3/10/2024 19:46,10.59,100,10.61,21344222,JEN,deep
9579,3/10/2024 20:46,10.62,100,10.63,21344222,JEN,deep
9580,3/10/2024 21:46,10.6,100,10.62,21344222,JEN,deep
9581,3/10/2024 22:46,10.62,100,10.63,21344222,JEN,deep
9582,3/10/2024 23:46,10.63,100,10.64,21344222,JEN,deep
9583,3/11/2024 0:46,10.65,100,10.66,21344222,JEN,deep
9584,3/11/2024 1:46,10.63,100,10.64,21344222,JEN,deep
9585,3/11/2024 2:46,10.64,100,10.65,21344222,JEN,deep
9586,3/11/2024 3:46,10.63,100,10.64,21344222,JEN,deep
9587,3/11/2024 4:46,10.6,100,10.62,21344222,JEN,deep
9588,3/11/2024 5:46,10.62,100,10.63,21344222,JEN,deep
9589,3/11/2024 6:46,10.63,100,10.64,21344222,JEN,deep
9590,3/11/2024 7:46,10.59,100,10.61,21344222,JEN,deep
9591,3/11/2024 8:46,10.62,100,10.63,21344222,JEN,deep
9592,3/11/2024 9:46,10.59,100,10.61,21344222,JEN,deep
9593,3/11/2024 10:46,10.62,100,10.63,21344222,JEN,deep
9594,3/11/2024 11:46,10.63,100,10.64,21344222,JEN,deep
9595,3/11/2024 12:46,10.59,100,10.61,21344222,JEN,deep
9596,3/11/2024 13:46,10.6,100,10.62,21344222,JEN,deep
9597,3/11/2024 14:46,10.63,100,10.64,21344222,JEN,deep
9598,3/11/2024 15:46,10.63,100,10.64,21344222,JEN,deep
9599,3/11/2024 16:46,10.6,100,10.62,21344222,JEN,deep
9600,3/11/2024 17:46,10.62,100,10.63,21344222,JEN,deep
9601,3/11/2024 18:46,10.62,100,10.63,21344222,JEN,deep
9602,3/11/2024 19:46,10.59,100,10.61,21344222,JEN,deep
9603,3/11/2024 20:46,10.63,100,10.64,21344222,JEN,deep
9604,3/11/2024 21:46,10.64,100,10.65,21344222,JEN,deep
9605,3/11/2024 22:46,10.6,100,10.62,21344222,JEN,deep
9606,3/11/2024 23:46,10.59,100,10.61,21344222,JEN,deep
9607,3/12/2024 0:46,10.62,100,10.63,21344222,JEN,deep
9608,3/12/2024 1:46,10.59,100,10.61,21344222,JEN,deep
9609,3/12/2024 2:46,10.64,100,10.65,21344222,JEN,deep
9610,3/12/2024 3:46,10.63,100,10.64,21344222,JEN,deep
9611,3/12/2024 4:46,10.64,100,10.65,21344222,JEN,deep
9612,3/12/2024 5:46,10.65,100,10.66,21344222,JEN,deep
9613,3/12/2024 6:46,10.65,100,10.66,21344222,JEN,deep
9614,3/12/2024 7:46,10.6,100,10.62,21344222,JEN,deep
9615,3/12/2024 8:46,10.6,100,10.62,21344222,JEN,deep
9616,3/12/2024 9:46,10.6,100,10.62,21344222,JEN,deep
9617,3/12/2024 10:46,10.59,100,10.61,21344222,JEN,deep
9618,3/12/2024 11:46,10.59,100,10.61,21344222,JEN,deep
9619,3/12/2024 12:46,10.59,100,10.61,21344222,JEN,deep
9620,3/12/2024 13:46,10.6,100,10.62,21344222,JEN,deep
9621,3/12/2024 14:46,10.59,100,10.61,21344222,JEN,deep
9622,3/12/2024 15:46,10.58,100,10.59,21344222,JEN,deep
9623,3/12/2024 16:46,10.59,100,10.61,21344222,JEN,deep
9624,3/12/2024 17:46,10.59,100,10.61,21344222,JEN,deep
9625,3/12/2024 18:46,10.59,100,10.61,21344222,JEN,deep
9626,3/12/2024 19:46,10.58,100,10.59,21344222,JEN,deep
9627,3/12/2024 20:46,10.59,100,10.61,21344222,JEN,deep
9628,3/12/2024 21:46,10.63,100,10.64,21344222,JEN,deep
9629,3/12/2024 22:46,10.59,100,10.61,21344222,JEN,deep
9630,3/12/2024 23:46,10.6,100,10.62,21344222,JEN,deep
9631,03/13/2024 00:46:17,10.6,100,10.62,21344222,JEN,deep
9632,03/13/2024 01:46:17,10.58,100,10.59,21344222,JEN,deep
9633,03/13/2024 02:46:17,10.59,100,10.61,21344222,JEN,deep
9634,03/13/2024 03:46:17,10.6,100,10.62,21344222,JEN,deep
9635,03/13/2024 04:46:17,10.62,100,10.63,21344222,JEN,deep
9636,03/13/2024 05:46:17,10.64,100,10.65,21344222,JEN,deep
9637,03/13/2024 06:46:17,10.65,100,10.66,21344222,JEN,deep
9638,03/13/2024 07:46:17,10.64,100,10.65,21344222,JEN,deep
9639,03/13/2024 08:46:17,10.59,100,10.61,21344222,JEN,deep
9640,03/13/2024 09:46:17,10.6,100,10.62,21344222,JEN,deep
9641,03/13/2024 10:46:17,10.62,100,10.63,21344222,JEN,deep
9642,03/13/2024 11:46:17,10.64,100,10.65,21344222,JEN,deep
9643,03/13/2024 12:46:17,10.62,100,10.63,21344222,JEN,deep
9644,03/13/2024 13:46:17,10.59,100,10.61,21344222,JEN,deep
9645,03/13/2024 14:46:17,10.6,100,10.62,21344222,JEN,deep
9646,03/13/2024 15:46:17,10.59,100,10.61,21344222,JEN,deep
9647,03/13/2024 16:46:17,10.59,100,10.61,21344222,JEN,deep
9648,03/13/2024 17:46:17,10.59,100,10.61,21344222,JEN,deep
9649,03/13/2024 18:46:17,10.58,100,10.59,21344222,JEN,deep
9650,03/13/2024 19:46:17,10.59,100,10.61,21344222,JEN,deep
9651,03/13/2024 20:46:17,10.59,100,10.61,21344222,JEN,deep
9652,03/13/2024 21:46:17,10.59,100,10.61,21344222,JEN,deep
9653,03/13/2024 22:46:17,10.57,100,10.58,21344222,JEN,deep
9654,03/13/2024 23:46:17,10.58,100,10.59,21344222,JEN,deep
9655,03/14/2024 00:46:17,10.62,100,10.63,21344222,JEN,deep
9656,03/14/2024 01:46:17,10.63,100,10.64,21344222,JEN,deep
9657,03/14/2024 02:46:17,10.62,100,10.63,21344222,JEN,deep
9658,03/14/2024 03:46:17,10.62,100,10.63,21344222,JEN,deep
9659,03/14/2024 04:46:17,10.64,100,10.65,21344222,JEN,deep
9660,03/14/2024 05:46:17,10.59,100,10.61,21344222,JEN,deep
9661,03/14/2024 06:46:17,10.63,100,10.64,21344222,JEN,deep
9662,03/14/2024 07:46:17,10.59,100,10.61,21344222,JEN,deep
9663,03/14/2024 08:46:17,10.6,100,10.62,21344222,JEN,deep
9664,03/14/2024 09:46:17,10.58,100,10.59,21344222,JEN,deep
9665,03/14/2024 10:46:17,10.63,100,10.64,21344222,JEN,deep
9666,03/14/2024 11:46:17,10.59,100,10.61,21344222,JEN,deep
9667,03/14/2024 12:46:17,10.59,100,10.61,21344222,JEN,deep
9668,03/14/2024 13:46:17,10.59,100,10.61,21344222,JEN,deep
9669,03/14/2024 14:46:17,10.6,100,10.62,21344222,JEN,deep
9670,03/14/2024 15:46:17,10.59,100,10.61,21344222,JEN,deep
9671,03/14/2024 16:46:17,10.6,100,10.62,21344222,JEN,deep
9672,03/14/2024 17:46:17,10.6,100,10.62,21344222,JEN,deep
9673,03/14/2024 18:46:17,10.57,100,10.58,21344222,JEN,deep
9674,03/14/2024 19:46:17,10.6,100,10.62,21344222,JEN,deep
9675,03/14/2024 20:46:17,10.59,100,10.61,21344222,JEN,deep
9676,03/14/2024 21:46:17,10.62,100,10.63,21344222,JEN,deep
9677,03/14/2024 22:46:17,10.62,100,10.63,21344222,JEN,deep
9678,03/14/2024 23:46:17,10.6,100,10.62,21344222,JEN,deep
9679,03/15/2024 00:46:17,10.64,100,10.65,21344222,JEN,deep
9680,03/15/2024 01:46:17,10.6,100,10.62,21344222,JEN,deep
9681,03/15/2024 02:46:17,10.63,100,10.64,21344222,JEN,deep
9682,03/15/2024 03:46:17,10.62,100,10.63,21344222,JEN,deep
9683,03/15/2024 04:46:17,10.62,100,10.63,21344222,JEN,deep
9684,03/15/2024 05:46:17,10.6,100,10.62,21344222,JEN,deep
9685,03/15/2024 06:46:17,10.65,100,10.66,21344222,JEN,deep
9686,03/15/2024 07:46:17,10.6,100,10.62,21344222,JEN,deep
9687,03/15/2024 08:46:17,10.64,100,10.65,21344222,JEN,deep
9688,03/15/2024 09:46:17,10.6,100,10.62,21344222,JEN,deep
9689,03/15/2024 10:46:17,10.6,100,10.62,21344222,JEN,deep
9690,03/15/2024 11:46:17,10.6,100,10.62,21344222,JEN,deep
9691,03/15/2024 12:46:17,10.59,100,10.61,21344222,JEN,deep
9692,03/15/2024 13:46:17,10.62,100,10.63,21344222,JEN,deep
9693,03/15/2024 14:46:17,10.6,100,10.62,21344222,JEN,deep
9694,03/15/2024 15:46:17,10.64,100,10.65,21344222,JEN,deep
9695,03/15/2024 16:46:17,10.62,100,10.63,21344222,JEN,deep
9696,03/15/2024 17:46:17,10.63,100,10.64,21344222,JEN,deep
9697,03/15/2024 18:46:17,10.62,100,10.63,21344222,JEN,deep
9698,03/15/2024 19:46:17,10.63,100,10.64,21344222,JEN,deep
9699,03/15/2024 20:46:17,10.59,100,10.61,21344222,JEN,deep
9700,03/15/2024 21:46:17,10.64,100,10.65,21344222,JEN,deep
9701,03/15/2024 22:46:17,10.66,100,10.67,21344222,JEN,deep
9702,03/15/2024 23:46:17,10.64,100,10.65,21344222,JEN,deep
9703,03/16/2024 00:46:17,10.63,100,10.64,21344222,JEN,deep
9704,03/16/2024 01:46:17,10.63,100,10.64,21344222,JEN,deep
9705,03/16/2024 02:46:17,10.65,100,10.66,21344222,JEN,deep
9706,03/16/2024 03:46:17,10.65,100,10.66,21344222,JEN,deep
9707,03/16/2024 04:46:17,10.62,100,10.63,21344222,JEN,deep
9708,03/16/2024 05:46:17,10.63,100,10.64,21344222,JEN,deep
9709,03/16/2024 06:46:17,10.62,100,10.63,21344222,JEN,deep
9710,03/16/2024 07:46:17,10.65,100,10.66,21344222,JEN,deep
9711,03/16/2024 08:46:17,10.66,100,10.67,21344222,JEN,deep
9712,03/16/2024 09:46:17,10.62,100,10.63,21344222,JEN,deep
9713,03/16/2024 10:46:17,10.63,100,10.64,21344222,JEN,deep
9714,03/16/2024 11:46:17,10.6,100,10.62,21344222,JEN,deep
9715,03/16/2024 12:46:17,10.62,100,10.63,21344222,JEN,deep
9716,03/16/2024 13:46:17,10.59,100,10.61,21344222,JEN,deep
9717,03/16/2024 14:46:17,10.62,100,10.63,21344222,JEN,deep
9718,03/16/2024 15:46:17,10.63,100,10.64,21344222,JEN,deep
9719,03/16/2024 16:46:17,10.63,100,10.64,21344222,JEN,deep
9720,03/16/2024 17:46:17,10.63,100,10.64,21344222,JEN,deep
9721,03/16/2024 18:46:17,10.62,100,10.63,21344222,JEN,deep
9722,03/16/2024 19:46:17,10.62,100,10.63,21344222,JEN,deep
9723,03/16/2024 20:46:17,10.65,100,10.66,21344222,JEN,deep
9724,03/16/2024 21:46:17,10.65,100,10.66,21344222,JEN,deep
9725,03/16/2024 22:46:17,10.62,100,10.63,21344222,JEN,deep
9726,03/16/2024 23:46:17,10.63,100,10.64,21344222,JEN,deep
9727,03/17/2024 00:46:17,10.63,100,10.64,21344222,JEN,deep
9728,03/17/2024 01:46:17,10.65,100,10.66,21344222,JEN,deep
9729,03/17/2024 02:46:17,10.63,100,10.64,21344222,JEN,deep
9730,03/17/2024 03:46:17,10.62,100,10.63,21344222,JEN,deep
9731,03/17/2024 04:46:17,10.64,100,10.65,21344222,JEN,deep
9732,03/17/2024 05:46:17,10.62,100,10.63,21344222,JEN,deep
9733,03/17/2024 06:46:17,10.63,100,10.64,21344222,JEN,deep
9734,03/17/2024 07:46:17,10.6,100,10.62,21344222,JEN,deep
9735,03/17/2024 08:46:17,10.64,100,10.65,21344222,JEN,deep
9736,03/17/2024 09:46:17,10.64,100,10.65,21344222,JEN,deep
9737,03/17/2024 10:46:17,10.63,100,10.64,21344222,JEN,deep
9738,03/17/2024 11:46:17,10.64,100,10.65,21344222,JEN,deep
9739,03/17/2024 12:46:17,10.63,100,10.64,21344222,JEN,deep
9740,03/17/2024 13:46:17,10.63,100,10.64,21344222,JEN,deep
9741,03/17/2024 14:46:17,10.64,100,10.65,21344222,JEN,deep
9742,03/17/2024 15:46:17,10.64,100,10.65,21344222,JEN,deep
9743,03/17/2024 16:46:17,10.63,100,10.64,21344222,JEN,deep
9744,03/17/2024 17:46:17,10.6,100,10.62,21344222,JEN,deep
9745,03/17/2024 18:46:17,10.6,100,10.62,21344222,JEN,deep
9746,03/17/2024 19:46:17,10.64,100,10.65,21344222,JEN,deep
9747,03/17/2024 20:46:17,10.63,100,10.64,21344222,JEN,deep
9748,03/17/2024 21:46:17,10.63,100,10.64,21344222,JEN,deep
9749,03/17/2024 22:46:17,10.62,100,10.63,21344222,JEN,deep
9750,03/17/2024 23:46:17,10.62,100,10.63,21344222,JEN,deep
9751,03/18/2024 00:46:17,10.62,100,10.63,21344222,JEN,deep
9752,03/18/2024 01:46:17,10.63,100,10.64,21344222,JEN,deep
9753,03/18/2024 02:46:17,10.59,100,10.61,21344222,JEN,deep
9754,03/18/2024 03:46:17,10.65,100,10.66,21344222,JEN,deep
9755,03/18/2024 04:46:17,10.62,100,10.63,21344222,JEN,deep
9756,03/18/2024 05:46:17,10.63,100,10.64,21344222,JEN,deep
9757,03/18/2024 06:46:17,10.63,100,10.64,21344222,JEN,deep
9758,03/18/2024 07:46:17,10.62,100,10.63,21344222,JEN,deep
9759,03/18/2024 08:46:17,10.65,100,10.66,21344222,JEN,deep
9760,03/18/2024 09:46:17,10.62,100,10.63,21344222,JEN,deep
9761,03/18/2024 10:46:17,10.64,100,10.65,21344222,JEN,deep
9762,03/18/2024 11:46:17,10.6,100,10.62,21344222,JEN,deep
9763,03/18/2024 12:46:17,10.62,100,10.63,21344222,JEN,deep
9764,03/18/2024 13:46:17,10.64,100,10.65,21344222,JEN,deep
9765,03/18/2024 14:46:17,10.62,100,10.63,21344222,JEN,deep
9766,03/18/2024 15:46:17,10.63,100,10.64,21344222,JEN,deep
9767,03/18/2024 16:46:17,10.59,100,10.61,21344222,JEN,deep
9768,03/18/2024 17:46:17,10.6,100,10.62,21344222,JEN,deep
9769,03/18/2024 18:46:17,10.63,100,10.64,21344222,JEN,deep
9770,03/18/2024 19:46:17,10.64,100,10.65,21344222,JEN,deep
9771,03/18/2024 20:46:17,10.6,100,10.62,21344222,JEN,deep
9772,03/18/2024 21:46:17,10.64,100,10.65,21344222,JEN,deep
9773,03/18/2024 22:46:17,10.6,100,10.62,21344222,JEN,deep
9774,03/18/2024 23:46:17,10.63,100,10.64,21344222,JEN,deep
9775,03/19/2024 00:46:17,10.63,100,10.64,21344222,JEN,deep
9776,03/19/2024 01:46:17,10.62,100,10.63,21344222,JEN,deep
9777,03/19/2024 02:46:17,10.64,100,10.65,21344222,JEN,deep
9778,03/19/2024 03:46:17,10.62,100,10.63,21344222,JEN,deep
9779,03/19/2024 04:46:17,10.58,100,10.59,21344222,JEN,deep
9780,03/19/2024 05:46:17,10.65,100,10.66,21344222,JEN,deep
9781,03/19/2024 06:46:17,10.64,100,10.65,21344222,JEN,deep
9782,03/19/2024 07:46:17,10.64,100,10.65,21344222,JEN,deep
9783,03/19/2024 08:46:17,10.63,100,10.64,21344222,JEN,deep
9784,03/19/2024 09:46:17,10.63,100,10.64,21344222,JEN,deep
9785,03/19/2024 10:46:17,10.6,100,10.62,21344222,JEN,deep
9786,03/19/2024 11:46:17,10.63,100,10.64,21344222,JEN,deep
9787,03/19/2024 12:46:17,10.62,100,10.63,21344222,JEN,deep
9788,03/19/2024 13:46:17,10.62,100,10.63,21344222,JEN,deep
9789,03/19/2024 14:46:17,10.6,100,10.62,21344222,JEN,deep
9790,03/19/2024 15:46:17,10.6,100,10.62,21344222,JEN,deep
9791,03/19/2024 16:46:17,10.63,100,10.64,21344222,JEN,deep
9792,03/19/2024 17:46:17,10.62,100,10.63,21344222,JEN,deep
9793,03/19/2024 18:46:17,10.64,100,10.65,21344222,JEN,deep
9794,03/19/2024 19:46:17,10.65,100,10.66,21344222,JEN,deep
9795,03/19/2024 20:46:17,10.62,100,10.63,21344222,JEN,deep
9796,03/19/2024 21:46:17,10.64,100,10.65,21344222,JEN,deep
9797,03/19/2024 22:46:17,10.64,100,10.65,21344222,JEN,deep
9798,03/19/2024 23:46:17,10.64,100,10.65,21344222,JEN,deep
9799,03/20/2024 00:46:17,10.59,100,10.61,21344222,JEN,deep
9800,03/20/2024 01:46:17,10.64,100,10.65,21344222,JEN,deep
9801,03/20/2024 02:46:17,10.63,100,10.64,21344222,JEN,deep
9802,03/20/2024 03:46:17,10.63,100,10.64,21344222,JEN,deep
9803,03/20/2024 04:46:17,10.6,100,10.62,21344222,JEN,deep
9804,03/20/2024 05:46:17,10.59,100,10.61,21344222,JEN,deep
9805,03/20/2024 06:46:17,10.64,100,10.65,21344222,JEN,deep
9806,03/20/2024 07:46:17,10.6,100,10.62,21344222,JEN,deep
9807,03/20/2024 08:46:17,10.6,100,10.62,21344222,JEN,deep
9808,03/20/2024 09:46:17,10.63,100,10.64,21344222,JEN,deep
9809,03/20/2024 10:46:17,10.62,100,10.63,21344222,JEN,deep
9810,03/20/2024 11:46:17,10.63,100,10.64,21344222,JEN,deep
9811,03/20/2024 12:46:17,10.64,100,10.65,21344222,JEN,deep
9812,03/20/2024 13:46:17,10.63,100,10.64,21344222,JEN,deep
9813,03/20/2024 14:46:17,10.63,100,10.64,21344222,JEN,deep
9814,03/20/2024 15:46:17,10.64,100,10.65,21344222,JEN,deep
9815,03/20/2024 16:46:17,10.63,100,10.64,21344222,JEN,deep
9816,03/20/2024 17:46:17,10.65,100,10.66,21344222,JEN,deep
9817,03/20/2024 18:46:17,10.66,100,10.67,21344222,JEN,deep
9818,03/20/2024 19:46:17,10.64,100,10.65,21344222,JEN,deep
9819,03/20/2024 20:46:17,10.64,100,10.65,21344222,JEN,deep
9820,03/20/2024 21:46:17,10.63,100,10.64,21344222,JEN,deep
9821,03/20/2024 22:46:17,10.64,100,10.65,21344222,JEN,deep
9822,03/20/2024 23:46:17,10.66,100,10.67,21344222,JEN,deep
9823,03/21/2024 00:46:17,10.63,100,10.64,21344222,JEN,deep
9824,03/21/2024 01:46:17,10.64,100,10.65,21344222,JEN,deep
9825,03/21/2024 02:46:17,10.65,100,10.66,21344222,JEN,deep
9826,03/21/2024 03:46:17,10.68,100,10.69,21344222,JEN,deep
9827,03/21/2024 04:46:17,10.63,100,10.64,21344222,JEN,deep
9828,03/21/2024 05:46:17,10.65,100,10.66,21344222,JEN,deep
9829,03/21/2024 06:46:17,10.65,100,10.66,21344222,JEN,deep
9830,03/21/2024 07:46:17,10.66,100,10.67,21344222,JEN,deep
9831,03/21/2024 08:46:17,10.65,100,10.66,21344222,JEN,deep
9832,03/21/2024 09:46:17,10.68,100,10.69,21344222,JEN,deep
9833,03/21/2024 10:46:17,10.68,100,10.69,21344222,JEN,deep
9834,03/21/2024 11:46:17,10.64,100,10.65,21344222,JEN,deep
9835,03/21/2024 12:46:17,10.64,100,10.65,21344222,JEN,deep
9836,03/21/2024 13:46:17,10.65,100,10.66,21344222,JEN,deep
9837,03/21/2024 14:46:17,10.65,100,10.66,21344222,JEN,deep
9838,03/21/2024 15:46:17,10.65,100,10.66,21344222,JEN,deep
9839,03/21/2024 16:46:17,10.63,100,10.64,21344222,JEN,deep
9840,03/21/2024 17:46:17,10.64,100,10.65,21344222,JEN,deep
9841,03/21/2024 18:46:17,10.65,100,10.66,21344222,JEN,deep
9842,03/21/2024 19:46:17,10.68,100,10.69,21344222,JEN,deep
9843,03/21/2024 20:46:17,10.67,100,10.68,21344222,JEN,deep
9844,03/21/2024 21:46:17,10.68,100,10.69,21344222,JEN,deep
9845,03/21/2024 22:46:17,10.67,100,10.68,21344222,JEN,deep
9846,03/21/2024 23:46:17,10.65,100,10.66,21344222,JEN,deep
9847,03/22/2024 00:46:17,10.64,100,10.65,21344222,JEN,deep
9848,03/22/2024 01:46:17,10.63,100,10.64,21344222,JEN,deep
9849,03/22/2024 02:46:17,10.66,100,10.67,21344222,JEN,deep
9850,03/22/2024 03:46:17,10.68,100,10.69,21344222,JEN,deep
9851,03/22/2024 04:46:17,10.66,100,10.67,21344222,JEN,deep
9852,03/22/2024 05:46:17,10.64,100,10.65,21344222,JEN,deep
9853,03/22/2024 06:46:17,10.67,100,10.68,21344222,JEN,deep
9854,03/22/2024 07:46:17,10.66,100,10.67,21344222,JEN,deep
9855,03/22/2024 08:46:17,10.69,100,10.7,21344222,JEN,deep
9856,03/22/2024 09:46:17,10.63,100,10.64,21344222,JEN,deep
9857,03/22/2024 10:46:17,10.66,100,10.67,21344222,JEN,deep
9858,03/22/2024 11:46:17,10.66,100,10.67,21344222,JEN,deep
9859,03/22/2024 12:46:17,10.65,100,10.66,21344222,JEN,deep
9860,03/22/2024 13:46:17,10.63,100,10.64,21344222,JEN,deep
9861,03/22/2024 14:46:17,10.64,100,10.65,21344222,JEN,deep
9862,03/22/2024 15:46:17,10.64,100,10.65,21344222,JEN,deep
9863,03/22/2024 16:46:17,10.64,100,10.65,21344222,JEN,deep
9864,03/22/2024 17:46:17,10.64,100,10.65,21344222,JEN,deep
9865,03/22/2024 18:46:17,10.65,100,10.66,21344222,JEN,deep
9866,03/22/2024 19:46:17,10.64,100,10.65,21344222,JEN,deep
9867,03/22/2024 20:46:17,10.62,100,10.63,21344222,JEN,deep
9868,03/22/2024 21:46:17,10.66,100,10.67,21344222,JEN,deep
9869,03/22/2024 22:46:17,10.65,100,10.66,21344222,JEN,deep
9870,03/22/2024 23:46:17,10.66,100,10.67,21344222,JEN,deep
9871,03/23/2024 00:46:17,10.65,100,10.66,21344222,JEN,deep
9872,03/23/2024 01:46:17,10.65,100,10.66,21344222,JEN,deep
9873,03/23/2024 02:46:17,10.68,100,10.69,21344222,JEN,deep
9874,03/23/2024 03:46:17,10.67,100,10.68,21344222,JEN,deep
9875,03/23/2024 04:46:17,10.67,100,10.68,21344222,JEN,deep
9876,03/23/2024 05:46:17,10.64,100,10.65,21344222,JEN,deep
9877,03/23/2024 06:46:17,10.68,100,10.69,21344222,JEN,deep
9878,03/23/2024 07:46:17,10.66,100,10.67,21344222,JEN,deep
9879,03/23/2024 08:46:17,10.69,100,10.7,21344222,JEN,deep
9880,03/23/2024 09:46:17,10.65,100,10.66,21344222,JEN,deep
9881,03/23/2024 10:46:17,10.65,100,10.66,21344222,JEN,deep
9882,03/23/2024 11:46:17,10.66,100,10.67,21344222,JEN,deep
9883,03/23/2024 12:46:17,10.66,100,10.67,21344222,JEN,deep
9884,03/23/2024 13:46:17,10.66,100,10.67,21344222,JEN,deep
9885,03/23/2024 14:46:17,10.64,100,10.65,21344222,JEN,deep
9886,03/23/2024 15:46:17,10.64,100,10.65,21344222,JEN,deep
9887,03/23/2024 16:46:17,10.64,100,10.65,21344222,JEN,deep
9888,03/23/2024 17:46:17,10.65,100,10.66,21344222,JEN,deep
9889,03/23/2024 18:46:17,10.67,100,10.68,21344222,JEN,deep
9890,03/23/2024 19:46:17,10.63,100,10.64,21344222,JEN,deep
9891,03/23/2024 20:46:17,10.64,100,10.65,21344222,JEN,deep
9892,03/23/2024 21:46:17,10.67,100,10.68,21344222,JEN,deep
9893,03/23/2024 22:46:17,10.65,100,10.66,21344222,JEN,deep
9894,03/23/2024 23:46:17,10.64,100,10.65,21344222,JEN,deep
9895,03/24/2024 00:46:17,10.65,100,10.66,21344222,JEN,deep
9896,03/24/2024 01:46:17,10.66,100,10.67,21344222,JEN,deep
9897,03/24/2024 02:46:17,10.63,100,10.64,21344222,JEN,deep
9898,03/24/2024 03:46:17,10.66,100,10.67,21344222,JEN,deep
9899,03/24/2024 04:46:17,10.68,100,10.69,21344222,JEN,deep
9900,03/24/2024 05:46:17,10.63,100,10.64,21344222,JEN,deep
9901,03/24/2024 06:46:17,10.67,100,10.68,21344222,JEN,deep
9902,03/24/2024 07:46:17,10.67,100,10.68,21344222,JEN,deep
9903,03/24/2024 08:46:17,10.64,100,10.65,21344222,JEN,deep
9904,03/24/2024 09:46:17,10.66,100,10.67,21344222,JEN,deep
9905,03/24/2024 10:46:17,10.64,100,10.65,21344222,JEN,deep
9906,03/24/2024 11:46:17,10.6,100,10.62,21344222,JEN,deep
9907,03/24/2024 12:46:17,10.64,100,10.65,21344222,JEN,deep
9908,03/24/2024 13:46:17,10.64,100,10.65,21344222,JEN,deep
9909,03/24/2024 14:46:17,10.63,100,10.64,21344222,JEN,deep
9910,03/24/2024 15:46:17,10.65,100,10.66,21344222,JEN,deep
9911,03/24/2024 16:46:17,10.63,100,10.64,21344222,JEN,deep
9912,03/24/2024 17:46:17,10.64,100,10.65,21344222,JEN,deep
9913,03/24/2024 18:46:17,10.64,100,10.65,21344222,JEN,deep
9914,03/24/2024 19:46:17,10.65,100,10.66,21344222,JEN,deep
9915,03/24/2024 20:46:17,10.64,100,10.65,21344222,JEN,deep
9916,03/24/2024 21:46:17,10.66,100,10.67,21344222,JEN,deep
9917,03/24/2024 22:46:17,10.63,100,10.64,21344222,JEN,deep
9918,03/24/2024 23:46:17,10.64,100,10.65,21344222,JEN,deep
9919,03/25/2024 00:46:17,10.67,100,10.68,21344222,JEN,deep
9920,03/25/2024 01:46:17,10.66,100,10.67,21344222,JEN,deep
9921,03/25/2024 02:46:17,10.69,100,10.7,21344222,JEN,deep
9922,03/25/2024 03:46:17,10.67,100,10.68,21344222,JEN,deep
9923,03/25/2024 04:46:17,10.67,100,10.68,21344222,JEN,deep
9924,03/25/2024 05:46:17,10.67,100,10.68,21344222,JEN,deep
9925,03/25/2024 06:46:17,10.66,100,10.67,21344222,JEN,deep
9926,03/25/2024 07:46:17,10.7,100,10.71,21344222,JEN,deep
9927,03/25/2024 08:46:17,10.65,100,10.66,21344222,JEN,deep
9928,03/25/2024 09:46:17,10.63,100,10.64,21344222,JEN,deep
9929,03/25/2024 10:46:17,10.65,100,10.66,21344222,JEN,deep
9930,03/25/2024 11:46:17,10.63,100,10.64,21344222,JEN,deep
9931,03/25/2024 12:46:17,10.66,100,10.67,21344222,JEN,deep
9932,03/25/2024 13:46:17,10.66,100,10.67,21344222,JEN,deep
9933,03/25/2024 14:46:17,10.64,100,10.65,21344222,JEN,deep
9934,03/25/2024 15:46:17,10.63,100,10.64,21344222,JEN,deep
9935,03/25/2024 16:46:17,10.63,100,10.64,21344222,JEN,deep
9936,03/25/2024 17:46:17,10.66,100,10.67,21344222,JEN,deep
9937,03/25/2024 18:46:17,10.6,100,10.62,21344222,JEN,deep
9938,03/25/2024 19:46:17,10.66,100,10.67,21344222,JEN,deep
9939,03/25/2024 20:46:17,10.64,100,10.65,21344222,JEN,deep
9940,03/25/2024 21:46:17,10.64,100,10.65,21344222,JEN,deep
9941,03/25/2024 22:46:17,10.64,100,10.65,21344222,JEN,deep
9942,03/25/2024 23:46:17,10.66,100,10.67,21344222,JEN,deep
9943,03/26/2024 00:46:17,10.68,100,10.69,21344222,JEN,deep
9944,03/26/2024 01:46:17,10.65,100,10.66,21344222,JEN,deep
9945,03/26/2024 02:46:17,10.67,100,10.68,21344222,JEN,deep
9946,03/26/2024 03:46:17,10.7,100,10.71,21344222,JEN,deep
9947,03/26/2024 04:46:17,10.7,100,10.71,21344222,JEN,deep
9948,03/26/2024 05:46:17,10.72,100,10.73,21344222,JEN,deep
9949,03/26/2024 06:46:17,10.7,100,10.71,21344222,JEN,deep
9950,03/26/2024 07:46:17,10.67,100,10.68,21344222,JEN,deep
9951,03/26/2024 08:46:17,10.66,100,10.67,21344222,JEN,deep
9952,03/26/2024 09:46:17,10.65,100,10.66,21344222,JEN,deep
9953,03/26/2024 10:46:17,10.64,100,10.65,21344222,JEN,deep
9954,03/26/2024 11:46:17,10.64,100,10.65,21344222,JEN,deep
9955,03/26/2024 12:46:17,10.66,100,10.67,21344222,JEN,deep
9956,03/26/2024 13:46:17,10.64,100,10.65,21344222,JEN,deep
9957,03/26/2024 14:46:17,10.65,100,10.66,21344222,JEN,deep
9958,03/26/2024 15:46:17,10.63,100,10.64,21344222,JEN,deep
9959,03/26/2024 16:46:17,10.65,100,10.66,21344222,JEN,deep
9960,03/26/2024 17:46:17,10.64,100,10.65,21344222,JEN,deep
9961,03/26/2024 18:46:17,10.65,100,10.66,21344222,JEN,deep
9962,03/26/2024 19:46:17,10.65,100,10.66,21344222,JEN,deep
9963,03/26/2024 20:46:17,10.67,100,10.68,21344222,JEN,deep
9964,03/26/2024 21:46:17,10.65,100,10.66,21344222,JEN,deep
9965,03/26/2024 22:46:17,10.68,100,10.69,21344222,JEN,deep
9966,03/26/2024 23:46:17,10.67,100,10.68,21344222,JEN,deep
9967,03/27/2024 00:46:17,10.65,100,10.66,21344222,JEN,deep
9968,03/27/2024 01:46:17,10.68,100,10.69,21344222,JEN,deep
9969,03/27/2024 02:46:17,10.67,100,10.68,21344222,JEN,deep
9970,03/27/2024 03:46:17,10.66,100,10.67,21344222,JEN,deep
9971,03/27/2024 04:46:17,10.68,100,10.69,21344222,JEN,deep
9972,03/27/2024 05:46:17,10.64,100,10.65,21344222,JEN,deep
9973,03/27/2024 06:46:17,10.66,100,10.67,21344222,JEN,deep
9974,03/27/2024 07:46:17,10.63,100,10.64,21344222,JEN,deep
9975,03/27/2024 08:46:17,10.65,100,10.66,21344222,JEN,deep
9976,03/27/2024 09:46:17,10.64,100,10.65,21344222,JEN,deep
9977,03/27/2024 10:46:17,10.66,100,10.67,21344222,JEN,deep
9978,03/27/2024 11:46:17,10.64,100,10.65,21344222,JEN,deep
9979,03/27/2024 12:46:17,10.65,100,10.66,21344222,JEN,deep
9980,03/27/2024 13:46:17,10.66,100,10.67,21344222,JEN,deep
9981,03/27/2024 14:46:17,10.64,100,10.65,21344222,JEN,deep
9982,03/27/2024 15:46:17,10.66,100,10.67,21344222,JEN,deep
9983,03/27/2024 16:46:17,10.66,100,10.67,21344222,JEN,deep
9984,03/27/2024 17:46:17,10.65,100,10.66,21344222,JEN,deep
9985,03/27/2024 18:46:17,10.66,100,10.67,21344222,JEN,deep
9986,03/27/2024 19:46:17,10.64,100,10.65,21344222,JEN,deep
9987,03/27/2024 20:46:17,10.65,100,10.66,21344222,JEN,deep
9988,03/27/2024 21:46:17,10.67,100,10.68,21344222,JEN,deep
9989,03/27/2024 22:46:17,10.66,100,10.67,21344222,JEN,deep
9990,03/27/2024 23:46:17,10.67,100,10.68,21344222,JEN,deep
9991,03/28/2024 00:46:17,10.65,100,10.66,21344222,JEN,deep
9992,03/28/2024 01:46:17,10.64,100,10.65,21344222,JEN,deep
9993,03/28/2024 02:46:17,10.64,100,10.65,21344222,JEN,deep
9994,03/28/2024 03:46:17,10.64,100,10.65,21344222,JEN,deep
9995,03/28/2024 04:46:17,10.66,100,10.67,21344222,JEN,deep
9996,03/28/2024 05:46:17,10.65,100,10.66,21344222,JEN,deep
9997,03/28/2024 06:46:17,10.64,100,10.65,21344222,JEN,deep
9998,03/28/2024 07:46:17,10.65,100,10.66,21344222,JEN,deep
9999,03/28/2024 08:46:17,10.68,100,10.69,21344222,JEN,deep
10000,03/28/2024 09:46:17,10.62,100,10.63,21344222,JEN,deep
10001,03/28/2024 10:46:17,10.67,100,10.68,21344222,JEN,deep
10002,03/28/2024 11:46:17,10.65,100,10.66,21344222,JEN,deep
10003,03/28/2024 12:46:17,10.66,100,10.67,21344222,JEN,deep
10004,03/28/2024 13:46:17,10.64,100,10.65,21344222,JEN,deep
10005,03/28/2024 14:46:17,10.65,100,10.66,21344222,JEN,deep
10006,03/28/2024 15:46:17,10.66,100,10.67,21344222,JEN,deep
10007,03/28/2024 16:46:17,10.64,100,10.65,21344222,JEN,deep
10008,03/28/2024 17:46:17,10.66,100,10.67,21344222,JEN,deep
10009,03/28/2024 18:46:17,10.64,100,10.65,21344222,JEN,deep
10010,03/28/2024 19:46:17,10.66,100,10.67,21344222,JEN,deep
10011,03/28/2024 20:46:17,10.64,100,10.65,21344222,JEN,deep
10012,03/28/2024 21:46:17,10.64,100,10.65,21344222,JEN,deep
10013,03/28/2024 22:46:17,10.64,100,10.65,21344222,JEN,deep
10014,03/28/2024 23:46:17,10.66,100,10.67,21344222,JEN,deep
10015,03/29/2024 00:46:17,10.64,100,10.65,21344222,JEN,deep
10016,03/29/2024 01:46:17,10.65,100,10.66,21344222,JEN,deep
10017,03/29/2024 02:46:17,10.67,100,10.68,21344222,JEN,deep
10018,03/29/2024 03:46:17,10.67,100,10.68,21344222,JEN,deep
10019,03/29/2024 04:46:17,10.65,100,10.66,21344222,JEN,deep
10020,03/29/2024 05:46:17,10.64,100,10.65,21344222,JEN,deep
10021,03/29/2024 06:46:17,10.64,100,10.65,21344222,JEN,deep
10022,03/29/2024 07:46:17,10.64,100,10.65,21344222,JEN,deep
10023,03/29/2024 08:46:17,10.64,100,10.65,21344222,JEN,deep
10024,03/29/2024 09:46:17,10.64,100,10.65,21344222,JEN,deep
10025,03/29/2024 10:46:17,10.66,100,10.67,21344222,JEN,deep
10026,03/29/2024 11:46:17,10.67,100,10.68,21344222,JEN,deep
10027,03/29/2024 12:46:17,10.63,100,10.64,21344222,JEN,deep
10028,03/29/2024 13:46:17,10.64,100,10.65,21344222,JEN,deep
10029,03/29/2024 14:46:17,10.64,100,10.65,21344222,JEN,deep
10030,03/29/2024 15:46:17,10.64,100,10.65,21344222,JEN,deep
10031,03/29/2024 16:46:17,10.67,100,10.68,21344222,JEN,deep
10032,03/29/2024 17:46:17,10.65,100,10.66,21344222,JEN,deep
10033,03/29/2024 18:46:17,10.66,100,10.67,21344222,JEN,deep
10034,03/29/2024 19:46:17,10.67,100,10.68,21344222,JEN,deep
10035,03/29/2024 20:46:17,10.65,100,10.66,21344222,JEN,deep
10036,03/29/2024 21:46:17,10.67,100,10.68,21344222,JEN,deep
10037,03/29/2024 22:46:17,10.66,100,10.67,21344222,JEN,deep
10038,03/29/2024 23:46:17,10.68,100,10.69,21344222,JEN,deep
10039,03/30/2024 00:46:17,10.65,100,10.66,21344222,JEN,deep
10040,03/30/2024 01:46:17,10.65,100,10.66,21344222,JEN,deep
10041,03/30/2024 02:46:17,10.69,100,10.7,21344222,JEN,deep
10042,03/30/2024 03:46:17,10.66,100,10.67,21344222,JEN,deep
10043,03/30/2024 04:46:17,10.68,100,10.69,21344222,JEN,deep
10044,03/30/2024 05:46:17,10.68,100,10.69,21344222,JEN,deep
10045,03/30/2024 06:46:17,10.67,100,10.68,21344222,JEN,deep
10046,03/30/2024 07:46:17,10.67,100,10.68,21344222,JEN,deep
10047,03/30/2024 08:46:17,10.66,100,10.67,21344222,JEN,deep
10048,03/30/2024 09:46:17,10.66,100,10.67,21344222,JEN,deep
10049,03/30/2024 10:46:17,10.65,100,10.66,21344222,JEN,deep
10050,03/30/2024 11:46:17,10.64,100,10.65,21344222,JEN,deep
10051,03/30/2024 12:46:17,10.65,100,10.66,21344222,JEN,deep
10052,03/30/2024 13:46:17,10.64,100,10.65,21344222,JEN,deep
10053,03/30/2024 14:46:17,10.64,100,10.65,21344222,JEN,deep
10054,03/30/2024 15:46:17,10.63,100,10.64,21344222,JEN,deep
10055,03/30/2024 16:46:17,10.66,100,10.67,21344222,JEN,deep
10056,03/30/2024 17:46:17,10.64,100,10.65,21344222,JEN,deep
10057,03/30/2024 18:46:17,10.65,100,10.66,21344222,JEN,deep
10058,03/30/2024 19:46:17,10.67,100,10.68,21344222,JEN,deep
10059,03/30/2024 20:46:17,10.65,100,10.66,21344222,JEN,deep
10060,03/30/2024 21:46:17,10.66,100,10.67,21344222,JEN,deep
10061,03/30/2024 22:46:17,10.64,100,10.65,21344222,JEN,deep
10062,03/30/2024 23:46:17,10.67,100,10.68,21344222,JEN,deep
10063,03/31/2024 00:46:17,10.64,100,10.65,21344222,JEN,deep
10064,03/31/2024 01:46:17,10.67,100,10.68,21344222,JEN,deep
10065,03/31/2024 02:46:17,10.64,100,10.65,21344222,JEN,deep
10066,03/31/2024 03:46:17,10.67,100,10.68,21344222,JEN,deep
10067,03/31/2024 04:46:17,10.67,100,10.68,21344222,JEN,deep
10068,03/31/2024 05:46:17,10.66,100,10.67,21344222,JEN,deep
10069,03/31/2024 06:46:17,10.64,100,10.65,21344222,JEN,deep
10070,03/31/2024 07:46:17,10.67,100,10.68,21344222,JEN,deep
10071,03/31/2024 08:46:17,10.65,100,10.66,21344222,JEN,deep
10072,03/31/2024 09:46:17,10.66,100,10.67,21344222,JEN,deep
10073,03/31/2024 10:46:17,10.66,100,10.67,21344222,JEN,deep
10074,03/31/2024 11:46:17,10.62,100,10.63,21344222,JEN,deep
10075,03/31/2024 12:46:17,10.64,100,10.65,21344222,JEN,deep
10076,03/31/2024 13:46:17,10.66,100,10.67,21344222,JEN,deep
10077,03/31/2024 14:46:17,10.67,100,10.68,21344222,JEN,deep
10078,03/31/2024 15:46:17,10.64,100,10.65,21344222,JEN,deep
10079,03/31/2024 16:46:17,10.65,100,10.66,21344222,JEN,deep
10080,03/31/2024 17:46:17,10.63,100,10.64,21344222,JEN,deep
10081,03/31/2024 18:46:17,10.64,100,10.65,21344222,JEN,deep
10082,03/31/2024 19:46:17,10.66,100,10.67,21344222,JEN,deep
10083,03/31/2024 20:46:17,10.65,100,10.66,21344222,JEN,deep
10084,03/31/2024 21:46:17,10.62,100,10.63,21344222,JEN,deep
10085,03/31/2024 22:46:17,10.68,100,10.69,21344222,JEN,deep
10086,03/31/2024 23:46:17,10.65,100,10.66,21344222,JEN,deep
10087,4/1/2024 0:46,10.67,100,10.68,21344222,JEN,deep
10088,4/1/2024 1:46,10.68,100,10.69,21344222,JEN,deep
10089,4/1/2024 2:46,10.66,100,10.67,21344222,JEN,deep
10090,4/1/2024 3:46,10.66,100,10.67,21344222,JEN,deep
10091,4/1/2024 4:46,10.67,100,10.68,21344222,JEN,deep
10092,4/1/2024 5:46,10.67,100,10.68,21344222,JEN,deep
10093,4/1/2024 6:46,10.68,100,10.69,21344222,JEN,deep
10094,4/1/2024 7:46,10.68,100,10.69,21344222,JEN,deep
10095,4/1/2024 8:46,10.69,100,10.7,21344222,JEN,deep
10096,4/1/2024 9:46,10.68,100,10.69,21344222,JEN,deep
10097,4/1/2024 10:46,10.65,100,10.66,21344222,JEN,deep
10098,4/1/2024 11:46,10.64,100,10.65,21344222,JEN,deep
10099,4/1/2024 12:46,10.64,100,10.65,21344222,JEN,deep
10100,4/1/2024 13:46,10.64,100,10.65,21344222,JEN,deep
10101,4/1/2024 14:46,10.66,100,10.67,21344222,JEN,deep
10102,4/1/2024 15:46,10.66,100,10.67,21344222,JEN,deep
10103,4/1/2024 16:46,10.67,100,10.68,21344222,JEN,deep
10104,4/1/2024 17:46,10.64,100,10.65,21344222,JEN,deep
10105,4/1/2024 18:46,10.64,100,10.65,21344222,JEN,deep
10106,4/1/2024 19:46,10.63,100,10.64,21344222,JEN,deep
10107,4/1/2024 20:46,10.65,100,10.66,21344222,JEN,deep
10108,4/1/2024 21:46,10.65,100,10.66,21344222,JEN,deep
10109,4/1/2024 22:46,10.67,100,10.68,21344222,JEN,deep
10110,4/1/2024 23:46,10.64,100,10.65,21344222,JEN,deep
10111,4/2/2024 0:46,10.64,100,10.65,21344222,JEN,deep
10112,4/2/2024 1:46,10.65,100,10.66,21344222,JEN,deep
10113,4/2/2024 2:46,10.65,100,10.66,21344222,JEN,deep
10114,4/2/2024 3:46,10.67,100,10.68,21344222,JEN,deep
10115,4/2/2024 4:46,10.64,100,10.65,21344222,JEN,deep
10116,4/2/2024 5:46,10.65,100,10.66,21344222,JEN,deep
10117,4/2/2024 6:46,10.64,100,10.65,21344222,JEN,deep
10118,4/2/2024 7:46,10.66,100,10.67,21344222,JEN,deep
10119,4/2/2024 8:46,10.68,100,10.69,21344222,JEN,deep
10120,4/2/2024 9:46,10.65,100,10.66,21344222,JEN,deep
10121,4/2/2024 10:46,10.64,100,10.65,21344222,JEN,deep
10122,4/2/2024 11:46,10.67,100,10.68,21344222,JEN,deep
10123,4/2/2024 12:46,10.62,100,10.63,21344222,JEN,deep
10124,4/2/2024 13:46,10.64,100,10.65,21344222,JEN,deep
10125,4/2/2024 14:46,10.65,100,10.66,21344222,JEN,deep
10126,4/2/2024 15:46,10.64,100,10.65,21344222,JEN,deep
10127,4/2/2024 16:46,10.64,100,10.65,21344222,JEN,deep
10128,4/2/2024 17:46,10.65,100,10.66,21344222,JEN,deep
10129,4/2/2024 18:46,10.67,100,10.68,21344222,JEN,deep
10130,4/2/2024 19:46,10.65,100,10.66,21344222,JEN,deep
10131,4/2/2024 20:46,10.66,100,10.67,21344222,JEN,deep
10132,4/2/2024 21:46,10.66,100,10.67,21344222,JEN,deep
10133,4/2/2024 22:46,10.67,100,10.68,21344222,JEN,deep
10134,4/2/2024 23:46,10.67,100,10.68,21344222,JEN,deep
10135,4/3/2024 0:46,10.66,100,10.67,21344222,JEN,deep
10136,4/3/2024 1:46,10.67,100,10.68,21344222,JEN,deep
10137,4/3/2024 2:46,10.66,100,10.67,21344222,JEN,deep
10138,4/3/2024 3:46,10.65,100,10.66,21344222,JEN,deep
10139,4/3/2024 4:46,10.66,100,10.67,21344222,JEN,deep
10140,4/3/2024 5:46,10.66,100,10.67,21344222,JEN,deep
10141,4/3/2024 6:46,10.67,100,10.68,21344222,JEN,deep
10142,4/3/2024 7:46,10.64,100,10.65,21344222,JEN,deep
10143,4/3/2024 8:46,10.7,100,10.71,21344222,JEN,deep
10144,4/3/2024 9:46,10.68,100,10.69,21344222,JEN,deep
10145,4/3/2024 10:46,10.65,100,10.66,21344222,JEN,deep
10146,4/3/2024 11:46,10.67,100,10.68,21344222,JEN,deep
10147,4/3/2024 12:46,10.64,100,10.65,21344222,JEN,deep
10148,4/3/2024 13:46,10.67,100,10.68,21344222,JEN,deep
10149,4/3/2024 14:46,10.66,100,10.67,21344222,JEN,deep
10150,4/3/2024 15:46,10.67,100,10.68,21344222,JEN,deep
10151,4/3/2024 16:46,10.67,100,10.68,21344222,JEN,deep
10152,4/3/2024 17:46,10.67,100,10.68,21344222,JEN,deep
10153,4/3/2024 18:46,10.66,100,10.67,21344222,JEN,deep
10154,4/3/2024 19:46,10.65,100,10.66,21344222,JEN,deep
10155,4/3/2024 20:46,10.65,100,10.66,21344222,JEN,deep
10156,4/3/2024 21:46,10.66,100,10.67,21344222,JEN,deep
10157,4/3/2024 22:46,10.68,100,10.69,21344222,JEN,deep
10158,4/3/2024 23:46,10.66,100,10.67,21344222,JEN,deep
10159,4/4/2024 0:46,10.68,100,10.69,21344222,JEN,deep
10160,4/4/2024 1:46,10.67,100,10.68,21344222,JEN,deep
10161,4/4/2024 2:46,10.64,100,10.65,21344222,JEN,deep
10162,4/4/2024 3:46,10.66,100,10.67,21344222,JEN,deep
10163,4/4/2024 4:46,10.64,100,10.65,21344222,JEN,deep
10164,4/4/2024 5:46,10.66,100,10.67,21344222,JEN,deep
10165,4/4/2024 6:46,10.67,100,10.68,21344222,JEN,deep
10166,4/4/2024 7:46,10.68,100,10.69,21344222,JEN,deep
10167,4/4/2024 8:46,10.67,100,10.68,21344222,JEN,deep
10168,4/4/2024 9:46,10.63,100,10.64,21344222,JEN,deep
10169,4/4/2024 10:46,10.68,100,10.69,21344222,JEN,deep
10170,4/4/2024 11:46,10.67,100,10.68,21344222,JEN,deep
10171,4/4/2024 12:46,10.69,100,10.7,21344222,JEN,deep
10172,4/4/2024 13:46,10.67,100,10.68,21344222,JEN,deep
10173,4/4/2024 14:46,10.68,100,10.69,21344222,JEN,deep
10174,4/4/2024 15:46,10.7,100,10.71,21344222,JEN,deep
10175,4/4/2024 16:46,10.69,100,10.7,21344222,JEN,deep
10176,4/4/2024 17:46,10.67,100,10.68,21344222,JEN,deep
10177,4/4/2024 18:46,10.66,100,10.67,21344222,JEN,deep
10178,4/4/2024 19:46,10.67,100,10.68,21344222,JEN,deep
10179,4/4/2024 20:46,10.68,100,10.69,21344222,JEN,deep
10180,4/4/2024 21:46,10.68,100,10.69,21344222,JEN,deep
10181,4/4/2024 22:46,10.65,100,10.66,21344222,JEN,deep
10182,4/4/2024 23:46,10.69,100,10.7,21344222,JEN,deep
10183,4/5/2024 0:46,10.68,100,10.69,21344222,JEN,deep
10184,4/5/2024 1:46,10.65,100,10.66,21344222,JEN,deep
10185,4/5/2024 2:46,10.66,100,10.67,21344222,JEN,deep
10186,4/5/2024 3:46,10.67,100,10.68,21344222,JEN,deep
10187,4/5/2024 4:46,10.66,100,10.67,21344222,JEN,deep
10188,4/5/2024 5:46,10.69,100,10.7,21344222,JEN,deep
10189,4/5/2024 6:46,10.66,100,10.67,21344222,JEN,deep
10190,4/5/2024 7:46,10.68,100,10.69,21344222,JEN,deep
10191,4/5/2024 8:46,10.68,100,10.69,21344222,JEN,deep
10192,4/5/2024 9:46,10.65,100,10.66,21344222,JEN,deep
10193,4/5/2024 10:46,10.66,100,10.67,21344222,JEN,deep
10194,4/5/2024 11:46,10.67,100,10.68,21344222,JEN,deep
10195,4/5/2024 12:46,10.65,100,10.66,21344222,JEN,deep
10196,4/5/2024 13:46,10.66,100,10.67,21344222,JEN,deep
10197,4/5/2024 14:46,10.65,100,10.66,21344222,JEN,deep
10198,4/5/2024 15:46,10.66,100,10.67,21344222,JEN,deep
10199,4/5/2024 16:46,10.68,100,10.69,21344222,JEN,deep
10200,4/5/2024 17:46,10.69,100,10.7,21344222,JEN,deep
10201,4/5/2024 18:46,10.66,100,10.67,21344222,JEN,deep
10202,4/5/2024 19:46,10.67,100,10.68,21344222,JEN,deep
10203,4/5/2024 20:46,10.71,100,10.72,21344222,JEN,deep
10204,4/5/2024 21:46,10.72,100,10.73,21344222,JEN,deep
10205,4/5/2024 22:46,10.68,100,10.69,21344222,JEN,deep
10206,4/5/2024 23:46,10.7,100,10.71,21344222,JEN,deep
10207,4/6/2024 0:46,10.7,100,10.71,21344222,JEN,deep
10208,4/6/2024 1:46,10.71,100,10.72,21344222,JEN,deep
10209,4/6/2024 2:46,10.69,100,10.7,21344222,JEN,deep
10210,4/6/2024 3:46,10.68,100,10.69,21344222,JEN,deep
10211,4/6/2024 4:46,10.69,100,10.7,21344222,JEN,deep
10212,4/6/2024 5:46,10.71,100,10.72,21344222,JEN,deep
10213,4/6/2024 6:46,10.71,100,10.72,21344222,JEN,deep
10214,4/6/2024 7:46,10.69,100,10.7,21344222,JEN,deep
10215,4/6/2024 8:46,10.71,100,10.72,21344222,JEN,deep
10216,4/6/2024 9:46,10.71,100,10.72,21344222,JEN,deep
10217,4/6/2024 10:46,10.73,100,10.74,21344222,JEN,deep
10218,4/6/2024 11:46,10.71,100,10.72,21344222,JEN,deep
10219,4/6/2024 12:46,10.74,100,10.76,21344222,JEN,deep
10220,4/6/2024 13:46,10.73,100,10.74,21344222,JEN,deep
10221,4/6/2024 14:46,10.72,100,10.73,21344222,JEN,deep
10222,4/6/2024 15:46,10.73,100,10.74,21344222,JEN,deep
10223,4/6/2024 16:46,10.74,100,10.76,21344222,JEN,deep
10224,4/6/2024 17:46,10.73,100,10.74,21344222,JEN,deep
10225,4/6/2024 18:46,10.73,100,10.74,21344222,JEN,deep
10226,4/6/2024 19:46,10.73,100,10.74,21344222,JEN,deep
10227,4/6/2024 20:46,10.77,100,10.78,21344222,JEN,deep
10228,4/6/2024 21:46,10.74,100,10.76,21344222,JEN,deep
10229,4/6/2024 22:46,10.78,100,10.79,21344222,JEN,deep
10230,4/6/2024 23:46,10.77,100,10.78,21344222,JEN,deep
10231,4/7/2024 0:46,10.79,100,10.8,21344222,JEN,deep
10232,4/7/2024 1:46,10.82,100,10.83,21344222,JEN,deep
10233,4/7/2024 2:46,10.85,100,10.86,21344222,JEN,deep
10234,4/7/2024 3:46,10.9,100,10.92,21344222,JEN,deep
10235,4/7/2024 4:46,10.9,100,10.92,21344222,JEN,deep
10236,4/7/2024 5:46,10.95,100,10.96,21344222,JEN,deep
10237,4/7/2024 6:46,10.9,100,10.92,21344222,JEN,deep
10238,4/7/2024 7:46,10.98,100,10.99,21344222,JEN,deep
10239,4/7/2024 8:46,10.98,100,10.99,21344222,JEN,deep
10240,4/7/2024 9:46,10.97,100,10.98,21344222,JEN,deep
10241,4/7/2024 10:46,10.98,100,10.99,21344222,JEN,deep
10242,4/7/2024 11:46,10.99,100,11,21344222,JEN,deep
10243,4/7/2024 12:46,11.01,100,11.02,21344222,JEN,deep
10244,4/7/2024 13:46,11,100,11.01,21344222,JEN,deep
10245,4/7/2024 14:46,11.03,100,11.05,21344222,JEN,deep
10246,4/7/2024 15:46,11.02,100,11.03,21344222,JEN,deep
10247,4/7/2024 16:46,11,100,11.01,21344222,JEN,deep
10248,4/7/2024 17:46,11.04,100,11.06,21344222,JEN,deep
10249,4/7/2024 18:46,11,100,11.01,21344222,JEN,deep
10250,4/7/2024 19:46,11.01,100,11.02,21344222,JEN,deep
10251,4/7/2024 20:46,11.01,100,11.02,21344222,JEN,deep
10252,4/7/2024 21:46,10.98,100,10.99,21344222,JEN,deep
10253,4/7/2024 22:46,10.98,100,10.99,21344222,JEN,deep
10254,4/7/2024 23:46,10.96,100,10.97,21344222,JEN,deep
10255,4/8/2024 0:46,10.93,100,10.94,21344222,JEN,deep
10256,4/8/2024 1:46,10.95,100,10.96,21344222,JEN,deep
10257,4/8/2024 2:46,10.93,100,10.94,21344222,JEN,deep
10258,4/8/2024 3:46,10.88,100,10.9,21344222,JEN,deep
10259,4/8/2024 4:46,10.88,100,10.9,21344222,JEN,deep
10260,4/8/2024 5:46,10.9,100,10.92,21344222,JEN,deep
10261,4/8/2024 6:46,10.89,100,10.91,21344222,JEN,deep
10262,4/8/2024 7:46,10.86,100,10.87,21344222,JEN,deep
10263,4/8/2024 8:46,10.85,100,10.86,21344222,JEN,deep
10264,4/8/2024 9:46,10.89,100,10.91,21344222,JEN,deep
10265,4/8/2024 10:46,10.88,100,10.9,21344222,JEN,deep
10266,4/8/2024 11:46,10.88,100,10.9,21344222,JEN,deep
10267,4/8/2024 12:46,10.87,100,10.88,21344222,JEN,deep
10268,4/8/2024 13:46,10.87,100,10.88,21344222,JEN,deep
10269,4/8/2024 14:46,10.85,100,10.86,21344222,JEN,deep
10270,4/8/2024 15:46,10.83,100,10.84,21344222,JEN,deep
10271,4/8/2024 16:46,10.88,100,10.9,21344222,JEN,deep
10272,4/8/2024 17:46,10.86,100,10.87,21344222,JEN,deep
10273,4/8/2024 18:46,10.86,100,10.87,21344222,JEN,deep
10274,4/8/2024 19:46,10.86,100,10.87,21344222,JEN,deep
10275,4/8/2024 20:46,10.85,100,10.86,21344222,JEN,deep
10276,4/8/2024 21:46,10.84,100,10.85,21344222,JEN,deep
10277,4/8/2024 22:46,10.85,100,10.86,21344222,JEN,deep
10278,4/8/2024 23:46,10.83,100,10.84,21344222,JEN,deep
10279,4/9/2024 0:46,10.82,100,10.83,21344222,JEN,deep
10280,4/9/2024 1:46,10.82,100,10.83,21344222,JEN,deep
10281,4/9/2024 2:46,10.84,100,10.85,21344222,JEN,deep
10282,4/9/2024 3:46,10.86,100,10.87,21344222,JEN,deep
10283,4/9/2024 4:46,10.85,100,10.86,21344222,JEN,deep
10284,4/9/2024 5:46,10.82,100,10.83,21344222,JEN,deep
10285,4/9/2024 6:46,10.84,100,10.85,21344222,JEN,deep
10286,4/9/2024 7:46,10.82,100,10.83,21344222,JEN,deep
10287,4/9/2024 8:46,10.86,100,10.87,21344222,JEN,deep
10288,4/9/2024 9:46,10.83,100,10.84,21344222,JEN,deep
10289,4/9/2024 10:46,10.85,100,10.86,21344222,JEN,deep
10290,4/9/2024 11:46,10.81,100,10.82,21344222,JEN,deep
10291,4/9/2024 12:46,10.85,100,10.86,21344222,JEN,deep
10292,4/9/2024 13:46,10.85,100,10.86,21344222,JEN,deep
10293,4/9/2024 14:46,10.85,100,10.86,21344222,JEN,deep
10294,4/9/2024 15:46,10.84,100,10.85,21344222,JEN,deep
10295,4/9/2024 16:46,10.86,100,10.87,21344222,JEN,deep
10296,4/9/2024 17:46,10.86,100,10.87,21344222,JEN,deep
10297,4/9/2024 18:46,10.83,100,10.84,21344222,JEN,deep
10298,4/9/2024 19:46,10.85,100,10.86,21344222,JEN,deep
10299,4/9/2024 20:46,10.85,100,10.86,21344222,JEN,deep
10300,4/9/2024 21:46,10.84,100,10.85,21344222,JEN,deep
10301,4/9/2024 22:46,10.84,100,10.85,21344222,JEN,deep
10302,4/9/2024 23:46,10.81,100,10.82,21344222,JEN,deep
10303,4/10/2024 0:46,10.81,100,10.82,21344222,JEN,deep
10304,4/10/2024 1:46,10.84,100,10.85,21344222,JEN,deep
10305,4/10/2024 2:46,10.85,100,10.86,21344222,JEN,deep
10306,4/10/2024 3:46,10.84,100,10.85,21344222,JEN,deep
10307,4/10/2024 4:46,10.88,100,10.9,21344222,JEN,deep
10308,4/10/2024 5:46,10.84,100,10.85,21344222,JEN,deep
10309,4/10/2024 6:46,10.82,100,10.83,21344222,JEN,deep
10310,4/10/2024 7:46,10.82,100,10.83,21344222,JEN,deep
10311,4/10/2024 8:46,10.85,100,10.86,21344222,JEN,deep
10312,4/10/2024 9:46,10.81,100,10.82,21344222,JEN,deep
10313,4/10/2024 10:46,10.83,100,10.84,21344222,JEN,deep
10314,4/10/2024 11:46,10.83,100,10.84,21344222,JEN,deep
10315,4/10/2024 12:46,10.85,100,10.86,21344222,JEN,deep
10316,4/10/2024 13:46,10.86,100,10.87,21344222,JEN,deep
10317,4/10/2024 14:46,10.86,100,10.87,21344222,JEN,deep
10318,4/10/2024 15:46,10.84,100,10.85,21344222,JEN,deep
10319,4/10/2024 16:46,10.85,100,10.86,21344222,JEN,deep
10320,4/10/2024 17:46,10.84,100,10.85,21344222,JEN,deep
10321,4/10/2024 18:46,10.84,100,10.85,21344222,JEN,deep
10322,4/10/2024 19:46,10.82,100,10.83,21344222,JEN,deep
10323,4/10/2024 20:46,10.84,100,10.85,21344222,JEN,deep
10324,4/10/2024 21:46,10.82,100,10.83,21344222,JEN,deep
10325,4/10/2024 22:46,10.86,100,10.87,21344222,JEN,deep
10326,4/10/2024 23:46,10.83,100,10.84,21344222,JEN,deep
10327,4/11/2024 0:46,10.87,100,10.88,21344222,JEN,deep
10328,4/11/2024 1:46,10.84,100,10.85,21344222,JEN,deep
10329,4/11/2024 2:46,10.84,100,10.85,21344222,JEN,deep
10330,4/11/2024 3:46,10.84,100,10.85,21344222,JEN,deep
10331,4/11/2024 4:46,10.81,100,10.82,21344222,JEN,deep
10332,4/11/2024 5:46,10.83,100,10.84,21344222,JEN,deep
10333,4/11/2024 6:46,10.82,100,10.83,21344222,JEN,deep
10334,4/11/2024 7:46,10.83,100,10.84,21344222,JEN,deep
10335,4/11/2024 8:46,10.86,100,10.87,21344222,JEN,deep
10336,4/11/2024 9:46,10.84,100,10.85,21344222,JEN,deep
10337,4/11/2024 10:46,10.84,100,10.85,21344222,JEN,deep
10338,4/11/2024 11:46,10.82,100,10.83,21344222,JEN,deep
10339,4/11/2024 12:46,10.85,100,10.86,21344222,JEN,deep
10340,4/11/2024 13:46,10.83,100,10.84,21344222,JEN,deep
10341,4/11/2024 14:46,10.86,100,10.87,21344222,JEN,deep
10342,4/11/2024 15:46,10.85,100,10.86,21344222,JEN,deep
10343,4/11/2024 16:46,10.8,100,10.81,21344222,JEN,deep
10344,4/11/2024 17:46,10.82,100,10.83,21344222,JEN,deep
10345,4/11/2024 18:46,10.83,100,10.84,21344222,JEN,deep
10346,4/11/2024 19:46,10.84,100,10.85,21344222,JEN,deep
10347,4/11/2024 20:46,10.84,100,10.85,21344222,JEN,deep
10348,4/11/2024 21:46,10.84,100,10.85,21344222,JEN,deep
10349,4/11/2024 22:46,10.83,100,10.84,21344222,JEN,deep
10350,4/11/2024 23:46,10.85,100,10.86,21344222,JEN,deep
10351,4/12/2024 0:46,10.83,100,10.84,21344222,JEN,deep
10352,4/12/2024 1:46,10.83,100,10.84,21344222,JEN,deep
10353,4/12/2024 2:46,10.84,100,10.85,21344222,JEN,deep
10354,4/12/2024 3:46,10.83,100,10.84,21344222,JEN,deep
10355,4/12/2024 4:46,10.85,100,10.86,21344222,JEN,deep
10356,4/12/2024 5:46,10.82,100,10.83,21344222,JEN,deep
10357,4/12/2024 6:46,10.85,100,10.86,21344222,JEN,deep
10358,4/12/2024 7:46,10.84,100,10.85,21344222,JEN,deep
10359,4/12/2024 8:46,10.83,100,10.84,21344222,JEN,deep
10360,4/12/2024 9:46,10.83,100,10.84,21344222,JEN,deep
10361,4/12/2024 10:46,10.83,100,10.84,21344222,JEN,deep
10362,4/12/2024 11:46,10.85,100,10.86,21344222,JEN,deep
10363,4/12/2024 12:46,10.83,100,10.84,21344222,JEN,deep
10364,4/12/2024 13:46,10.86,100,10.87,21344222,JEN,deep
10365,4/12/2024 14:46,10.81,100,10.82,21344222,JEN,deep
10366,4/12/2024 15:46,10.83,100,10.84,21344222,JEN,deep
10367,4/12/2024 16:46,10.82,100,10.83,21344222,JEN,deep
10368,4/12/2024 17:46,10.82,100,10.83,21344222,JEN,deep
10369,4/12/2024 18:46,10.85,100,10.86,21344222,JEN,deep
10370,4/12/2024 19:46,10.8,100,10.81,21344222,JEN,deep
10371,4/12/2024 20:46,10.83,100,10.84,21344222,JEN,deep
10372,4/12/2024 21:46,10.82,100,10.83,21344222,JEN,deep
10373,4/12/2024 22:46,10.84,100,10.85,21344222,JEN,deep
10374,4/12/2024 23:46,10.84,100,10.85,21344222,JEN,deep
10375,04/13/2024 00:46:17,10.83,100,10.84,21344222,JEN,deep
10376,04/13/2024 01:46:17,10.82,100,10.83,21344222,JEN,deep
10377,04/13/2024 02:46:17,10.82,100,10.83,21344222,JEN,deep
10378,04/13/2024 03:46:17,10.81,100,10.82,21344222,JEN,deep
10379,04/13/2024 04:46:17,10.84,100,10.85,21344222,JEN,deep
10380,04/13/2024 05:46:17,10.84,100,10.85,21344222,JEN,deep
10381,04/13/2024 06:46:17,10.85,100,10.86,21344222,JEN,deep
10382,04/13/2024 07:46:17,10.84,100,10.85,21344222,JEN,deep
10383,04/13/2024 08:46:17,10.81,100,10.82,21344222,JEN,deep
10384,04/13/2024 09:46:17,10.84,100,10.85,21344222,JEN,deep
10385,04/13/2024 10:46:17,10.82,100,10.83,21344222,JEN,deep
10386,04/13/2024 11:46:17,10.81,100,10.82,21344222,JEN,deep
10387,04/13/2024 12:46:17,10.82,100,10.83,21344222,JEN,deep
10388,04/13/2024 13:46:17,10.82,100,10.83,21344222,JEN,deep
10389,04/13/2024 14:46:17,10.84,100,10.85,21344222,JEN,deep
10390,04/13/2024 15:46:17,10.83,100,10.84,21344222,JEN,deep
10391,04/13/2024 16:46:17,10.83,100,10.84,21344222,JEN,deep
10392,04/13/2024 17:46:17,10.83,100,10.84,21344222,JEN,deep
10393,04/13/2024 18:46:17,10.83,100,10.84,21344222,JEN,deep
10394,04/13/2024 19:46:17,10.84,100,10.85,21344222,JEN,deep
10395,04/13/2024 20:46:17,10.85,100,10.86,21344222,JEN,deep
10396,04/13/2024 21:46:17,10.84,100,10.85,21344222,JEN,deep
10397,04/13/2024 22:46:17,10.81,100,10.82,21344222,JEN,deep
10398,04/13/2024 23:46:17,10.82,100,10.83,21344222,JEN,deep
10399,04/14/2024 00:46:17,10.85,100,10.86,21344222,JEN,deep
10400,04/14/2024 01:46:17,10.84,100,10.85,21344222,JEN,deep
10401,04/14/2024 02:46:17,10.79,100,10.8,21344222,JEN,deep
10402,04/14/2024 03:46:17,10.83,100,10.84,21344222,JEN,deep
10403,04/14/2024 04:46:17,10.85,100,10.86,21344222,JEN,deep
10404,04/14/2024 05:46:17,10.84,100,10.85,21344222,JEN,deep
10405,04/14/2024 06:46:17,10.82,100,10.83,21344222,JEN,deep
10406,04/14/2024 07:46:17,10.86,100,10.87,21344222,JEN,deep
10407,04/14/2024 08:46:17,10.83,100,10.84,21344222,JEN,deep
10408,04/14/2024 09:46:17,10.83,100,10.84,21344222,JEN,deep
10409,04/14/2024 10:46:17,10.84,100,10.85,21344222,JEN,deep
10410,04/14/2024 11:46:17,10.81,100,10.82,21344222,JEN,deep
10411,04/14/2024 12:46:17,10.82,100,10.83,21344222,JEN,deep
10412,04/14/2024 13:46:17,10.85,100,10.86,21344222,JEN,deep
10413,04/14/2024 14:46:17,10.83,100,10.84,21344222,JEN,deep
10414,04/14/2024 15:46:17,10.85,100,10.86,21344222,JEN,deep
10415,04/14/2024 16:46:17,10.84,100,10.85,21344222,JEN,deep
10416,04/14/2024 17:46:17,10.85,100,10.86,21344222,JEN,deep
10417,04/14/2024 18:46:17,10.86,100,10.87,21344222,JEN,deep
10418,04/14/2024 19:46:17,10.83,100,10.84,21344222,JEN,deep
10419,04/14/2024 20:46:17,10.85,100,10.86,21344222,JEN,deep
10420,04/14/2024 21:46:17,10.84,100,10.85,21344222,JEN,deep
10421,04/14/2024 22:46:17,10.83,100,10.84,21344222,JEN,deep
10422,04/14/2024 23:46:17,10.82,100,10.83,21344222,JEN,deep
10423,04/15/2024 00:46:17,10.85,100,10.86,21344222,JEN,deep
10424,04/15/2024 01:46:17,10.83,100,10.84,21344222,JEN,deep
10425,04/15/2024 02:46:17,10.82,100,10.83,21344222,JEN,deep
10426,04/15/2024 03:46:17,10.83,100,10.84,21344222,JEN,deep
10427,04/15/2024 04:46:17,10.86,100,10.87,21344222,JEN,deep
10428,04/15/2024 05:46:17,10.82,100,10.83,21344222,JEN,deep
10429,04/15/2024 06:46:17,10.83,100,10.84,21344222,JEN,deep
10430,04/15/2024 07:46:17,10.82,100,10.83,21344222,JEN,deep
10431,04/15/2024 08:46:17,10.85,100,10.86,21344222,JEN,deep
10432,04/15/2024 09:46:17,10.82,100,10.83,21344222,JEN,deep
10433,04/15/2024 10:46:17,10.87,100,10.88,21344222,JEN,deep
10434,04/15/2024 11:46:17,10.79,100,10.8,21344222,JEN,deep
10435,04/15/2024 12:46:17,10.81,100,10.82,21344222,JEN,deep
10436,04/15/2024 13:46:17,10.83,100,10.84,21344222,JEN,deep
10437,04/15/2024 14:46:17,10.82,100,10.83,21344222,JEN,deep
10438,04/15/2024 15:46:17,10.84,100,10.85,21344222,JEN,deep
10439,04/15/2024 16:46:17,10.81,100,10.82,21344222,JEN,deep
10440,04/15/2024 17:46:17,10.84,100,10.85,21344222,JEN,deep
10441,04/15/2024 18:46:17,10.83,100,10.84,21344222,JEN,deep
10442,04/15/2024 19:46:17,10.81,100,10.82,21344222,JEN,deep
10443,04/15/2024 20:46:17,10.86,100,10.87,21344222,JEN,deep
10444,04/15/2024 21:46:17,10.84,100,10.85,21344222,JEN,deep
10445,04/15/2024 22:46:17,10.83,100,10.84,21344222,JEN,deep
10446,04/15/2024 23:46:17,10.81,100,10.82,21344222,JEN,deep
10447,04/16/2024 00:46:17,10.83,100,10.84,21344222,JEN,deep
10448,04/16/2024 01:46:17,10.86,100,10.87,21344222,JEN,deep
10449,04/16/2024 02:46:17,10.83,100,10.84,21344222,JEN,deep
10450,04/16/2024 03:46:17,10.83,100,10.84,21344222,JEN,deep
10451,04/16/2024 04:46:17,10.84,100,10.85,21344222,JEN,deep
10452,04/16/2024 05:46:17,10.84,100,10.85,21344222,JEN,deep
10453,04/16/2024 06:46:17,10.84,100,10.85,21344222,JEN,deep
10454,04/16/2024 07:46:17,10.82,100,10.83,21344222,JEN,deep
10455,04/16/2024 08:46:17,10.84,100,10.85,21344222,JEN,deep
10456,04/16/2024 09:46:17,10.84,100,10.85,21344222,JEN,deep
10457,04/16/2024 10:46:17,10.83,100,10.84,21344222,JEN,deep
10458,04/16/2024 11:46:17,10.85,100,10.86,21344222,JEN,deep
10459,04/16/2024 12:46:17,10.83,100,10.84,21344222,JEN,deep
10460,04/16/2024 13:46:17,10.83,100,10.84,21344222,JEN,deep
10461,04/16/2024 14:46:17,10.84,100,10.85,21344222,JEN,deep
10462,04/16/2024 15:46:17,10.84,100,10.85,21344222,JEN,deep
10463,04/16/2024 16:46:17,10.84,100,10.85,21344222,JEN,deep
10464,04/16/2024 17:46:17,10.85,100,10.86,21344222,JEN,deep
10465,04/16/2024 18:46:17,10.83,100,10.84,21344222,JEN,deep
10466,04/16/2024 19:46:17,10.84,100,10.85,21344222,JEN,deep
10467,04/16/2024 20:46:17,10.85,100,10.86,21344222,JEN,deep
10468,04/16/2024 21:46:17,10.86,100,10.87,21344222,JEN,deep
10469,04/16/2024 22:46:17,10.81,100,10.82,21344222,JEN,deep
10470,04/16/2024 23:46:17,10.85,100,10.86,21344222,JEN,deep
10471,04/17/2024 00:46:17,10.83,100,10.84,21344222,JEN,deep
10472,04/17/2024 01:46:17,10.82,100,10.83,21344222,JEN,deep
10473,04/17/2024 02:46:17,10.82,100,10.83,21344222,JEN,deep
10474,04/17/2024 03:46:17,10.86,100,10.87,21344222,JEN,deep
10475,04/17/2024 04:46:17,10.83,100,10.84,21344222,JEN,deep
10476,04/17/2024 05:46:17,10.85,100,10.86,21344222,JEN,deep
10477,04/17/2024 06:46:17,10.86,100,10.87,21344222,JEN,deep
10478,04/17/2024 07:46:17,10.82,100,10.83,21344222,JEN,deep
10479,04/17/2024 08:46:17,10.85,100,10.86,21344222,JEN,deep
10480,04/17/2024 09:46:17,10.82,100,10.83,21344222,JEN,deep
10481,04/17/2024 10:46:17,10.85,100,10.86,21344222,JEN,deep
10482,04/17/2024 11:46:17,10.83,100,10.84,21344222,JEN,deep
10483,04/17/2024 12:46:17,10.86,100,10.87,21344222,JEN,deep
10484,04/17/2024 13:46:17,10.82,100,10.83,21344222,JEN,deep
10485,04/17/2024 14:46:17,10.84,100,10.85,21344222,JEN,deep
10486,04/17/2024 15:46:17,10.84,100,10.85,21344222,JEN,deep
10487,04/17/2024 16:46:17,10.84,100,10.85,21344222,JEN,deep
10488,04/17/2024 17:46:17,10.84,100,10.85,21344222,JEN,deep
10489,04/17/2024 18:46:17,10.85,100,10.86,21344222,JEN,deep
10490,04/17/2024 19:46:17,10.85,100,10.86,21344222,JEN,deep
10491,04/17/2024 20:46:17,10.84,100,10.85,21344222,JEN,deep
10492,04/17/2024 21:46:17,10.85,100,10.86,21344222,JEN,deep
10493,04/17/2024 22:46:17,10.85,100,10.86,21344222,JEN,deep
10494,04/17/2024 23:46:17,10.84,100,10.85,21344222,JEN,deep
10495,04/18/2024 00:46:17,10.85,100,10.86,21344222,JEN,deep
10496,04/18/2024 01:46:17,10.84,100,10.85,21344222,JEN,deep
10497,04/18/2024 02:46:17,10.86,100,10.87,21344222,JEN,deep
10498,04/18/2024 03:46:17,10.83,100,10.84,21344222,JEN,deep
10499,04/18/2024 04:46:17,10.84,100,10.85,21344222,JEN,deep
10500,04/18/2024 05:46:17,10.85,100,10.86,21344222,JEN,deep
10501,04/18/2024 06:46:17,10.81,100,10.82,21344222,JEN,deep
10502,04/18/2024 07:46:17,10.85,100,10.86,21344222,JEN,deep
10503,04/18/2024 08:46:17,10.82,100,10.83,21344222,JEN,deep
10504,04/18/2024 09:46:17,10.85,100,10.86,21344222,JEN,deep
10505,04/18/2024 10:46:17,10.84,100,10.85,21344222,JEN,deep
10506,04/18/2024 11:46:17,10.84,100,10.85,21344222,JEN,deep
10507,04/18/2024 12:46:17,10.82,100,10.83,21344222,JEN,deep
10508,04/18/2024 13:46:17,10.84,100,10.85,21344222,JEN,deep
10509,04/18/2024 14:46:17,10.86,100,10.87,21344222,JEN,deep
10510,04/18/2024 15:46:17,10.83,100,10.84,21344222,JEN,deep
10511,04/18/2024 16:46:17,10.84,100,10.85,21344222,JEN,deep
10512,04/18/2024 17:46:17,10.83,100,10.84,21344222,JEN,deep
10513,04/18/2024 18:46:17,10.83,100,10.84,21344222,JEN,deep
10514,04/18/2024 19:46:17,10.86,100,10.87,21344222,JEN,deep
10515,04/18/2024 20:46:17,10.86,100,10.87,21344222,JEN,deep
10516,04/18/2024 21:46:17,10.81,100,10.82,21344222,JEN,deep
10517,04/18/2024 22:46:17,10.84,100,10.85,21344222,JEN,deep
10518,04/18/2024 23:46:17,10.84,100,10.85,21344222,JEN,deep
10519,04/19/2024 00:46:17,10.84,100,10.85,21344222,JEN,deep
10520,04/19/2024 01:46:17,10.85,100,10.86,21344222,JEN,deep
10521,04/19/2024 02:46:17,10.84,100,10.85,21344222,JEN,deep
10522,04/19/2024 03:46:17,10.86,100,10.87,21344222,JEN,deep
10523,04/19/2024 04:46:17,10.85,100,10.86,21344222,JEN,deep
10524,04/19/2024 05:46:17,10.85,100,10.86,21344222,JEN,deep
10525,04/19/2024 06:46:17,10.84,100,10.85,21344222,JEN,deep
10526,04/19/2024 07:46:17,10.85,100,10.86,21344222,JEN,deep
10527,04/19/2024 08:46:17,10.86,100,10.87,21344222,JEN,deep
10528,04/19/2024 09:46:17,10.86,100,10.87,21344222,JEN,deep
10529,04/19/2024 10:46:17,10.85,100,10.86,21344222,JEN,deep
10530,04/19/2024 11:46:17,10.87,100,10.88,21344222,JEN,deep
10531,04/19/2024 12:46:17,10.85,100,10.86,21344222,JEN,deep
10532,04/19/2024 13:46:17,10.87,100,10.88,21344222,JEN,deep
10533,04/19/2024 14:46:17,10.86,100,10.87,21344222,JEN,deep
10534,04/19/2024 15:46:17,10.83,100,10.84,21344222,JEN,deep
10535,04/19/2024 16:46:17,10.86,100,10.87,21344222,JEN,deep
10536,04/19/2024 17:46:17,10.84,100,10.85,21344222,JEN,deep
10537,04/19/2024 18:46:17,10.85,100,10.86,21344222,JEN,deep
10538,04/19/2024 19:46:17,10.86,100,10.87,21344222,JEN,deep
10539,04/19/2024 20:46:17,10.83,100,10.84,21344222,JEN,deep
10540,04/19/2024 21:46:17,10.86,100,10.87,21344222,JEN,deep
10541,04/19/2024 22:46:17,10.84,100,10.85,21344222,JEN,deep
10542,04/19/2024 23:46:17,10.85,100,10.86,21344222,JEN,deep
10543,04/20/2024 00:46:17,10.85,100,10.86,21344222,JEN,deep
10544,04/20/2024 01:46:17,10.86,100,10.87,21344222,JEN,deep
10545,04/20/2024 02:46:17,10.84,100,10.85,21344222,JEN,deep
10546,04/20/2024 03:46:17,10.84,100,10.85,21344222,JEN,deep
10547,04/20/2024 04:46:17,10.84,100,10.85,21344222,JEN,deep
10548,04/20/2024 05:46:17,10.83,100,10.84,21344222,JEN,deep
10549,04/20/2024 06:46:17,10.85,100,10.86,21344222,JEN,deep
10550,04/20/2024 07:46:17,10.85,100,10.86,21344222,JEN,deep
10551,04/20/2024 08:46:17,10.87,100,10.88,21344222,JEN,deep
10552,04/20/2024 09:46:17,10.84,100,10.85,21344222,JEN,deep
10553,04/20/2024 10:46:17,10.85,100,10.86,21344222,JEN,deep
10554,04/20/2024 11:46:17,10.84,100,10.85,21344222,JEN,deep
10555,04/20/2024 12:46:17,10.86,100,10.87,21344222,JEN,deep
10556,04/20/2024 13:46:17,10.84,100,10.85,21344222,JEN,deep
10557,04/20/2024 14:46:17,10.85,100,10.86,21344222,JEN,deep
10558,04/20/2024 15:46:17,10.86,100,10.87,21344222,JEN,deep
10559,04/20/2024 16:46:17,10.86,100,10.87,21344222,JEN,deep
10560,04/20/2024 17:46:17,10.86,100,10.87,21344222,JEN,deep
10561,04/20/2024 18:46:17,10.86,100,10.87,21344222,JEN,deep
10562,04/20/2024 19:46:17,10.84,100,10.85,21344222,JEN,deep
10563,04/20/2024 20:46:17,10.84,100,10.85,21344222,JEN,deep
10564,04/20/2024 21:46:17,10.87,100,10.88,21344222,JEN,deep
10565,04/20/2024 22:46:17,10.83,100,10.84,21344222,JEN,deep
10566,04/20/2024 23:46:17,10.87,100,10.88,21344222,JEN,deep
10567,04/21/2024 00:46:17,10.83,100,10.84,21344222,JEN,deep
10568,04/21/2024 01:46:17,10.87,100,10.88,21344222,JEN,deep
10569,04/21/2024 02:46:17,10.87,100,10.88,21344222,JEN,deep
10570,04/21/2024 03:46:17,10.86,100,10.87,21344222,JEN,deep
10571,04/21/2024 04:46:17,10.84,100,10.85,21344222,JEN,deep
10572,04/21/2024 05:46:17,10.85,100,10.86,21344222,JEN,deep
10573,04/21/2024 06:46:17,10.88,100,10.9,21344222,JEN,deep
10574,04/21/2024 07:46:17,10.87,100,10.88,21344222,JEN,deep
10575,04/21/2024 08:46:17,10.87,100,10.88,21344222,JEN,deep
10576,04/21/2024 09:46:17,10.87,100,10.88,21344222,JEN,deep
10577,04/21/2024 10:46:17,10.85,100,10.86,21344222,JEN,deep
10578,04/21/2024 11:46:17,10.87,100,10.88,21344222,JEN,deep
10579,04/21/2024 12:46:17,10.86,100,10.87,21344222,JEN,deep
10580,04/21/2024 13:46:17,10.85,100,10.86,21344222,JEN,deep
10581,04/21/2024 14:46:17,10.86,100,10.87,21344222,JEN,deep
10582,04/21/2024 15:46:17,10.86,100,10.87,21344222,JEN,deep
10583,04/21/2024 16:46:17,10.87,100,10.88,21344222,JEN,deep
10584,04/21/2024 17:46:17,10.86,100,10.87,21344222,JEN,deep
10585,04/21/2024 18:46:17,10.85,100,10.86,21344222,JEN,deep
10586,04/21/2024 19:46:17,10.84,100,10.85,21344222,JEN,deep
10587,04/21/2024 20:46:17,10.85,100,10.86,21344222,JEN,deep
10588,04/21/2024 21:46:17,10.86,100,10.87,21344222,JEN,deep
10589,04/21/2024 22:46:17,10.85,100,10.86,21344222,JEN,deep
10590,04/21/2024 23:46:17,10.84,100,10.85,21344222,JEN,deep
10591,04/22/2024 00:46:17,10.86,100,10.87,21344222,JEN,deep
10592,04/22/2024 01:46:17,10.85,100,10.86,21344222,JEN,deep
10593,04/22/2024 02:46:17,10.87,100,10.88,21344222,JEN,deep
10594,04/22/2024 03:46:17,10.86,100,10.87,21344222,JEN,deep
10595,04/22/2024 04:46:17,10.88,100,10.9,21344222,JEN,deep
10596,04/22/2024 05:46:17,10.9,100,10.92,21344222,JEN,deep
10597,04/22/2024 06:46:17,10.88,100,10.9,21344222,JEN,deep
10598,04/22/2024 07:46:17,10.87,100,10.88,21344222,JEN,deep
10599,04/22/2024 08:46:17,10.86,100,10.87,21344222,JEN,deep
10600,04/22/2024 09:46:17,10.84,100,10.85,21344222,JEN,deep
10601,04/22/2024 10:46:17,10.88,100,10.9,21344222,JEN,deep
10602,04/22/2024 11:46:17,10.86,100,10.87,21344222,JEN,deep
10603,04/22/2024 12:46:17,10.86,100,10.87,21344222,JEN,deep
10604,04/22/2024 13:46:17,10.87,100,10.88,21344222,JEN,deep
10605,04/22/2024 14:46:17,10.87,100,10.88,21344222,JEN,deep
10606,04/22/2024 15:46:17,10.86,100,10.87,21344222,JEN,deep
10607,04/22/2024 16:46:17,10.88,100,10.9,21344222,JEN,deep
10608,04/22/2024 17:46:17,10.84,100,10.85,21344222,JEN,deep
10609,04/22/2024 18:46:17,10.86,100,10.87,21344222,JEN,deep
10610,04/22/2024 19:46:17,10.84,100,10.85,21344222,JEN,deep
10611,04/22/2024 20:46:17,10.89,100,10.91,21344222,JEN,deep
10612,04/22/2024 21:46:17,10.87,100,10.88,21344222,JEN,deep
10613,04/22/2024 22:46:17,10.85,100,10.86,21344222,JEN,deep
10614,04/22/2024 23:46:17,10.86,100,10.87,21344222,JEN,deep
10615,04/23/2024 00:46:17,10.89,100,10.91,21344222,JEN,deep
10616,04/23/2024 01:46:17,10.86,100,10.87,21344222,JEN,deep
10617,04/23/2024 02:46:17,10.87,100,10.88,21344222,JEN,deep
10618,04/23/2024 03:46:17,10.88,100,10.9,21344222,JEN,deep
10619,04/23/2024 04:46:17,10.89,100,10.91,21344222,JEN,deep
10620,04/23/2024 05:46:17,10.87,100,10.88,21344222,JEN,deep
10621,04/23/2024 06:46:17,10.87,100,10.88,21344222,JEN,deep
10622,04/23/2024 07:46:17,10.89,100,10.91,21344222,JEN,deep
10623,04/23/2024 08:46:17,10.86,100,10.87,21344222,JEN,deep
10624,04/23/2024 09:46:17,10.86,100,10.87,21344222,JEN,deep
10625,04/23/2024 10:46:17,10.88,100,10.9,21344222,JEN,deep
10626,04/23/2024 11:46:17,10.88,100,10.9,21344222,JEN,deep
10627,04/23/2024 12:46:17,10.87,100,10.88,21344222,JEN,deep
10628,04/23/2024 13:46:17,10.88,100,10.9,21344222,JEN,deep
10629,04/23/2024 14:46:17,10.87,100,10.88,21344222,JEN,deep
10630,04/23/2024 15:46:17,10.84,100,10.85,21344222,JEN,deep
10631,04/23/2024 16:46:17,10.87,100,10.88,21344222,JEN,deep
10632,04/23/2024 17:46:17,10.87,100,10.88,21344222,JEN,deep
10633,04/23/2024 18:46:17,10.87,100,10.88,21344222,JEN,deep
10634,04/23/2024 19:46:17,10.88,100,10.9,21344222,JEN,deep
10635,04/23/2024 20:46:17,10.87,100,10.88,21344222,JEN,deep
10636,04/23/2024 21:46:17,10.89,100,10.91,21344222,JEN,deep
10637,04/23/2024 22:46:17,10.89,100,10.91,21344222,JEN,deep
10638,04/23/2024 23:46:17,10.87,100,10.88,21344222,JEN,deep
10639,04/24/2024 00:46:17,10.85,100,10.86,21344222,JEN,deep
10640,04/24/2024 01:46:17,10.86,100,10.87,21344222,JEN,deep
10641,04/24/2024 02:46:17,10.86,100,10.87,21344222,JEN,deep
10642,04/24/2024 03:46:17,10.87,100,10.88,21344222,JEN,deep
10643,04/24/2024 04:46:17,10.84,100,10.85,21344222,JEN,deep
10644,04/24/2024 05:46:17,10.88,100,10.9,21344222,JEN,deep
10645,04/24/2024 06:46:17,10.88,100,10.9,21344222,JEN,deep
10646,04/24/2024 07:46:17,10.87,100,10.88,21344222,JEN,deep
10647,04/24/2024 08:46:17,10.87,100,10.88,21344222,JEN,deep
10648,04/24/2024 09:46:17,10.88,100,10.9,21344222,JEN,deep
10649,04/24/2024 10:46:17,10.9,100,10.92,21344222,JEN,deep
10650,04/24/2024 11:46:17,10.86,100,10.87,21344222,JEN,deep
10651,04/24/2024 12:46:17,10.88,100,10.9,21344222,JEN,deep
10652,04/24/2024 13:46:17,10.88,100,10.9,21344222,JEN,deep
10653,04/24/2024 14:46:17,10.87,100,10.88,21344222,JEN,deep
10654,04/24/2024 15:46:17,10.88,100,10.9,21344222,JEN,deep
10655,04/24/2024 16:46:17,10.85,100,10.86,21344222,JEN,deep
10656,04/24/2024 17:46:17,10.87,100,10.88,21344222,JEN,deep
10657,04/24/2024 18:46:17,10.89,100,10.91,21344222,JEN,deep
10658,04/24/2024 19:46:17,10.88,100,10.9,21344222,JEN,deep
10659,04/24/2024 20:46:17,10.88,100,10.9,21344222,JEN,deep
10660,04/24/2024 21:46:17,10.87,100,10.88,21344222,JEN,deep
10661,04/24/2024 22:46:17,10.85,100,10.86,21344222,JEN,deep
10662,04/24/2024 23:46:17,10.87,100,10.88,21344222,JEN,deep
10663,04/25/2024 00:46:17,10.89,100,10.91,21344222,JEN,deep
10664,04/25/2024 01:46:17,10.88,100,10.9,21344222,JEN,deep
10665,04/25/2024 02:46:17,10.87,100,10.88,21344222,JEN,deep
10666,04/25/2024 03:46:17,10.87,100,10.88,21344222,JEN,deep
10667,04/25/2024 04:46:17,10.89,100,10.91,21344222,JEN,deep
10668,04/25/2024 05:46:17,10.89,100,10.91,21344222,JEN,deep
10669,04/25/2024 06:46:17,10.9,100,10.92,21344222,JEN,deep
10670,04/25/2024 07:46:17,10.88,100,10.9,21344222,JEN,deep
10671,04/25/2024 08:46:17,10.88,100,10.9,21344222,JEN,deep
10672,04/25/2024 09:46:17,10.88,100,10.9,21344222,JEN,deep
10673,04/25/2024 10:46:17,10.88,100,10.9,21344222,JEN,deep
10674,04/25/2024 11:46:17,10.89,100,10.91,21344222,JEN,deep
10675,04/25/2024 12:46:17,10.89,100,10.91,21344222,JEN,deep
10676,04/25/2024 13:46:17,10.86,100,10.87,21344222,JEN,deep
10677,04/25/2024 14:46:17,10.87,100,10.88,21344222,JEN,deep
10678,04/25/2024 15:46:17,10.88,100,10.9,21344222,JEN,deep
10679,04/25/2024 16:46:17,10.86,100,10.87,21344222,JEN,deep
10680,04/25/2024 17:46:17,10.86,100,10.87,21344222,JEN,deep
10681,04/25/2024 18:46:17,10.83,100,10.84,21344222,JEN,deep
10682,04/25/2024 19:46:17,10.86,100,10.87,21344222,JEN,deep
10683,04/25/2024 20:46:17,10.86,100,10.87,21344222,JEN,deep
10684,04/25/2024 21:46:17,10.86,100,10.87,21344222,JEN,deep
10685,04/25/2024 22:46:17,10.9,100,10.92,21344222,JEN,deep
10686,04/25/2024 23:46:17,10.88,100,10.9,21344222,JEN,deep
10687,04/26/2024 00:46:17,10.88,100,10.9,21344222,JEN,deep
10688,04/26/2024 01:46:17,10.88,100,10.9,21344222,JEN,deep
10689,04/26/2024 02:46:17,10.88,100,10.9,21344222,JEN,deep
10690,04/26/2024 03:46:17,10.89,100,10.91,21344222,JEN,deep
10691,04/26/2024 04:46:17,10.87,100,10.88,21344222,JEN,deep
10692,04/26/2024 05:46:17,10.88,100,10.9,21344222,JEN,deep
10693,04/26/2024 06:46:17,10.88,100,10.9,21344222,JEN,deep
10694,04/26/2024 07:46:17,10.87,100,10.88,21344222,JEN,deep
10695,04/26/2024 08:46:17,10.87,100,10.88,21344222,JEN,deep
10696,04/26/2024 09:46:17,10.86,100,10.87,21344222,JEN,deep
10697,04/26/2024 10:46:17,10.87,100,10.88,21344222,JEN,deep
10698,04/26/2024 11:46:17,10.86,100,10.87,21344222,JEN,deep
10699,04/26/2024 12:46:17,10.88,100,10.9,21344222,JEN,deep
10700,04/26/2024 13:46:17,10.88,100,10.9,21344222,JEN,deep
10701,04/26/2024 14:46:17,10.88,100,10.9,21344222,JEN,deep
10702,04/26/2024 15:46:17,10.86,100,10.87,21344222,JEN,deep
10703,04/26/2024 16:46:17,10.86,100,10.87,21344222,JEN,deep
10704,04/26/2024 17:46:17,10.87,100,10.88,21344222,JEN,deep
10705,04/26/2024 18:46:17,10.88,100,10.9,21344222,JEN,deep
10706,04/26/2024 19:46:17,10.86,100,10.87,21344222,JEN,deep
10707,04/26/2024 20:46:17,10.87,100,10.88,21344222,JEN,deep
10708,04/26/2024 21:46:17,10.89,100,10.91,21344222,JEN,deep
10709,04/26/2024 22:46:17,10.88,100,10.9,21344222,JEN,deep
10710,04/26/2024 23:46:17,10.86,100,10.87,21344222,JEN,deep
10711,04/27/2024 00:46:17,10.86,100,10.87,21344222,JEN,deep
10712,04/27/2024 01:46:17,10.88,100,10.9,21344222,JEN,deep
10713,04/27/2024 02:46:17,10.89,100,10.91,21344222,JEN,deep
10714,04/27/2024 03:46:17,10.87,100,10.88,21344222,JEN,deep
10715,04/27/2024 04:46:17,10.88,100,10.9,21344222,JEN,deep
10716,04/27/2024 05:46:17,10.87,100,10.88,21344222,JEN,deep
10717,04/27/2024 06:46:17,10.87,100,10.88,21344222,JEN,deep
10718,04/27/2024 07:46:17,10.89,100,10.91,21344222,JEN,deep
10719,04/27/2024 08:46:17,10.88,100,10.9,21344222,JEN,deep
10720,04/27/2024 09:46:17,10.89,100,10.91,21344222,JEN,deep
10721,04/27/2024 10:46:17,10.85,100,10.86,21344222,JEN,deep
10722,04/27/2024 11:46:17,10.86,100,10.87,21344222,JEN,deep
10723,04/27/2024 12:46:17,10.87,100,10.88,21344222,JEN,deep
10724,04/27/2024 13:46:17,10.88,100,10.9,21344222,JEN,deep
10725,04/27/2024 14:46:17,10.86,100,10.87,21344222,JEN,deep
10726,04/27/2024 15:46:17,10.9,100,10.92,21344222,JEN,deep
10727,04/27/2024 16:46:17,10.9,100,10.92,21344222,JEN,deep
10728,04/27/2024 17:46:17,10.89,100,10.91,21344222,JEN,deep
10729,04/27/2024 18:46:17,10.88,100,10.9,21344222,JEN,deep
10730,04/27/2024 19:46:17,10.89,100,10.91,21344222,JEN,deep
10731,04/27/2024 20:46:17,10.87,100,10.88,21344222,JEN,deep
10732,04/27/2024 21:46:17,10.9,100,10.92,21344222,JEN,deep
10733,04/27/2024 22:46:17,10.88,100,10.9,21344222,JEN,deep
10734,04/27/2024 23:46:17,10.88,100,10.9,21344222,JEN,deep
10735,04/28/2024 00:46:17,10.87,100,10.88,21344222,JEN,deep
10736,04/28/2024 01:46:17,10.86,100,10.87,21344222,JEN,deep
10737,04/28/2024 02:46:17,10.87,100,10.88,21344222,JEN,deep
10738,04/28/2024 03:46:17,10.87,100,10.88,21344222,JEN,deep
10739,04/28/2024 04:46:17,10.89,100,10.91,21344222,JEN,deep
10740,04/28/2024 05:46:17,10.89,100,10.91,21344222,JEN,deep
10741,04/28/2024 06:46:17,10.88,100,10.9,21344222,JEN,deep
10742,04/28/2024 07:46:17,10.89,100,10.91,21344222,JEN,deep
10743,04/28/2024 08:46:17,10.87,100,10.88,21344222,JEN,deep
10744,04/28/2024 09:46:17,10.85,100,10.86,21344222,JEN,deep
10745,04/28/2024 10:46:17,10.88,100,10.9,21344222,JEN,deep
10746,04/28/2024 11:46:17,10.93,100,10.94,21344222,JEN,deep
10747,04/28/2024 12:46:17,10.87,100,10.88,21344222,JEN,deep
10748,04/28/2024 13:46:17,10.88,100,10.9,21344222,JEN,deep
10749,04/28/2024 14:46:17,10.88,100,10.9,21344222,JEN,deep
10750,04/28/2024 15:46:17,10.88,100,10.9,21344222,JEN,deep
10751,04/28/2024 16:46:17,10.87,100,10.88,21344222,JEN,deep
10752,04/28/2024 17:46:17,10.89,100,10.91,21344222,JEN,deep
10753,04/28/2024 18:46:17,10.87,100,10.88,21344222,JEN,deep
10754,04/28/2024 19:46:17,10.88,100,10.9,21344222,JEN,deep
10755,04/28/2024 20:46:17,10.89,100,10.91,21344222,JEN,deep
10756,04/28/2024 21:46:17,10.89,100,10.91,21344222,JEN,deep
10757,04/28/2024 22:46:17,10.87,100,10.88,21344222,JEN,deep
10758,04/28/2024 23:46:17,10.87,100,10.88,21344222,JEN,deep
10759,04/29/2024 00:46:17,10.87,100,10.88,21344222,JEN,deep
10760,04/29/2024 01:46:17,10.85,100,10.86,21344222,JEN,deep
10761,04/29/2024 02:46:17,10.88,100,10.9,21344222,JEN,deep
10762,04/29/2024 03:46:17,10.9,100,10.92,21344222,JEN,deep
10763,04/29/2024 04:46:17,10.89,100,10.91,21344222,JEN,deep
10764,04/29/2024 05:46:17,10.86,100,10.87,21344222,JEN,deep
10765,04/29/2024 06:46:17,10.88,100,10.9,21344222,JEN,deep
10766,04/29/2024 07:46:17,10.86,100,10.87,21344222,JEN,deep
10767,04/29/2024 08:46:17,10.86,100,10.87,21344222,JEN,deep
10768,04/29/2024 09:46:17,10.87,100,10.88,21344222,JEN,deep
10769,04/29/2024 10:46:17,10.86,100,10.87,21344222,JEN,deep
10770,04/29/2024 11:46:17,10.89,100,10.91,21344222,JEN,deep
10771,04/29/2024 12:46:17,10.9,100,10.92,21344222,JEN,deep
10772,04/29/2024 13:46:17,10.9,100,10.92,21344222,JEN,deep
10773,04/29/2024 14:46:17,10.86,100,10.87,21344222,JEN,deep
10774,04/29/2024 15:46:17,10.89,100,10.91,21344222,JEN,deep
10775,04/29/2024 16:46:17,10.87,100,10.88,21344222,JEN,deep
10776,04/29/2024 17:46:17,10.88,100,10.9,21344222,JEN,deep
10777,04/29/2024 18:46:17,10.9,100,10.92,21344222,JEN,deep
10778,04/29/2024 19:46:17,10.86,100,10.87,21344222,JEN,deep
10779,04/29/2024 20:46:17,10.86,100,10.87,21344222,JEN,deep
10780,04/29/2024 21:46:17,10.88,100,10.9,21344222,JEN,deep
10781,04/29/2024 22:46:17,10.9,100,10.92,21344222,JEN,deep
10782,04/29/2024 23:46:17,10.9,100,10.92,21344222,JEN,deep
10783,04/30/2024 00:46:17,10.88,100,10.9,21344222,JEN,deep
10784,04/30/2024 01:46:17,10.87,100,10.88,21344222,JEN,deep
10785,04/30/2024 02:46:17,10.92,100,10.93,21344222,JEN,deep
10786,04/30/2024 03:46:17,10.89,100,10.91,21344222,JEN,deep
10787,04/30/2024 04:46:17,10.87,100,10.88,21344222,JEN,deep
10788,04/30/2024 05:46:17,10.89,100,10.91,21344222,JEN,deep
10789,04/30/2024 06:46:17,10.87,100,10.88,21344222,JEN,deep
10790,04/30/2024 07:46:17,10.88,100,10.9,21344222,JEN,deep
10791,04/30/2024 08:46:17,10.89,100,10.91,21344222,JEN,deep
10792,04/30/2024 09:46:17,10.87,100,10.88,21344222,JEN,deep
10793,04/30/2024 10:46:17,10.94,100,10.95,21344222,JEN,deep
10794,04/30/2024 11:46:17,10.89,100,10.91,21344222,JEN,deep
10795,04/30/2024 12:46:17,10.88,100,10.9,21344222,JEN,deep
10796,04/30/2024 13:46:17,10.85,100,10.86,21344222,JEN,deep
10797,04/30/2024 14:46:17,10.88,100,10.9,21344222,JEN,deep
10798,04/30/2024 15:46:17,10.88,100,10.9,21344222,JEN,deep
10799,04/30/2024 16:46:17,10.86,100,10.87,21344222,JEN,deep
10800,04/30/2024 17:46:17,10.86,100,10.87,21344222,JEN,deep
10801,04/30/2024 18:46:17,10.9,100,10.92,21344222,JEN,deep
10802,04/30/2024 19:46:17,10.88,100,10.9,21344222,JEN,deep
10803,04/30/2024 20:46:17,10.89,100,10.91,21344222,JEN,deep
10804,04/30/2024 21:46:17,10.88,100,10.9,21344222,JEN,deep
10805,04/30/2024 22:46:17,10.9,100,10.92,21344222,JEN,deep
10806,04/30/2024 23:46:17,10.89,100,10.91,21344222,JEN,deep
10807,5/1/2024 0:46,10.87,100,10.88,21344222,JEN,deep
10808,5/1/2024 1:46,10.9,100,10.92,21344222,JEN,deep
10809,5/1/2024 2:46,10.89,100,10.91,21344222,JEN,deep
10810,5/1/2024 3:46,10.89,100,10.91,21344222,JEN,deep
10811,5/1/2024 4:46,10.9,100,10.92,21344222,JEN,deep
10812,5/1/2024 5:46,10.88,100,10.9,21344222,JEN,deep
10813,5/1/2024 6:46,10.86,100,10.87,21344222,JEN,deep
10814,5/1/2024 7:46,10.9,100,10.92,21344222,JEN,deep
10815,5/1/2024 8:46,10.89,100,10.91,21344222,JEN,deep
10816,5/1/2024 9:46,10.93,100,10.94,21344222,JEN,deep
10817,5/1/2024 10:46,10.88,100,10.9,21344222,JEN,deep
10818,5/1/2024 11:46,10.9,100,10.92,21344222,JEN,deep
10819,5/1/2024 12:46,10.9,100,10.92,21344222,JEN,deep
10820,5/1/2024 13:46,10.9,100,10.92,21344222,JEN,deep
10821,5/1/2024 14:46,10.88,100,10.9,21344222,JEN,deep
10822,5/1/2024 15:46,10.92,100,10.93,21344222,JEN,deep
10823,5/1/2024 16:46,10.88,100,10.9,21344222,JEN,deep
10824,5/1/2024 17:46,10.9,100,10.92,21344222,JEN,deep
10825,5/1/2024 18:46,10.88,100,10.9,21344222,JEN,deep
10826,5/1/2024 19:46,10.87,100,10.88,21344222,JEN,deep
10827,5/1/2024 20:46,10.9,100,10.92,21344222,JEN,deep
10828,5/1/2024 21:46,10.86,100,10.87,21344222,JEN,deep
10829,5/1/2024 22:46,10.89,100,10.91,21344222,JEN,deep
10830,5/1/2024 23:46,10.87,100,10.88,21344222,JEN,deep
10831,5/2/2024 0:46,10.89,100,10.91,21344222,JEN,deep
10832,5/2/2024 1:46,10.88,100,10.9,21344222,JEN,deep
10833,5/2/2024 2:46,10.9,100,10.92,21344222,JEN,deep
10834,5/2/2024 3:46,10.88,100,10.9,21344222,JEN,deep
10835,5/2/2024 4:46,10.89,100,10.91,21344222,JEN,deep
10836,5/2/2024 5:46,10.89,100,10.91,21344222,JEN,deep
10837,5/2/2024 6:46,10.92,100,10.93,21344222,JEN,deep
10838,5/2/2024 7:46,10.9,100,10.92,21344222,JEN,deep
10839,5/2/2024 8:46,10.92,100,10.93,21344222,JEN,deep
10840,5/2/2024 9:46,10.9,100,10.92,21344222,JEN,deep
10841,5/2/2024 10:46,10.9,100,10.92,21344222,JEN,deep
10842,5/2/2024 11:46,10.87,100,10.88,21344222,JEN,deep
10843,5/2/2024 12:46,10.89,100,10.91,21344222,JEN,deep
10844,5/2/2024 13:46,10.89,100,10.91,21344222,JEN,deep
10845,5/2/2024 14:46,10.87,100,10.88,21344222,JEN,deep
10846,5/2/2024 15:46,10.9,100,10.92,21344222,JEN,deep
10847,5/2/2024 16:46,10.93,100,10.94,21344222,JEN,deep
10848,5/2/2024 17:46,10.88,100,10.9,21344222,JEN,deep
10849,5/2/2024 18:46,10.88,100,10.9,21344222,JEN,deep
10850,5/2/2024 19:46,10.89,100,10.91,21344222,JEN,deep
10851,5/2/2024 20:46,10.88,100,10.9,21344222,JEN,deep
10852,5/2/2024 21:46,10.9,100,10.92,21344222,JEN,deep
10853,5/2/2024 22:46,10.88,100,10.9,21344222,JEN,deep
10854,5/2/2024 23:46,10.9,100,10.92,21344222,JEN,deep
10855,5/3/2024 0:46,10.88,100,10.9,21344222,JEN,deep
10856,5/3/2024 1:46,10.9,100,10.92,21344222,JEN,deep
10857,5/3/2024 2:46,10.89,100,10.91,21344222,JEN,deep
10858,5/3/2024 3:46,10.9,100,10.92,21344222,JEN,deep
10859,5/3/2024 4:46,10.89,100,10.91,21344222,JEN,deep
10860,5/3/2024 5:46,10.88,100,10.9,21344222,JEN,deep
10861,5/3/2024 6:46,10.89,100,10.91,21344222,JEN,deep
10862,5/3/2024 7:46,10.9,100,10.92,21344222,JEN,deep
10863,5/3/2024 8:46,10.9,100,10.92,21344222,JEN,deep
10864,5/3/2024 9:46,10.88,100,10.9,21344222,JEN,deep
10865,5/3/2024 10:46,10.9,100,10.92,21344222,JEN,deep
10866,5/3/2024 11:46,10.86,100,10.87,21344222,JEN,deep
10867,5/3/2024 12:46,10.89,100,10.91,21344222,JEN,deep
10868,5/3/2024 13:46,10.89,100,10.91,21344222,JEN,deep
10869,5/3/2024 14:46,10.94,100,10.95,21344222,JEN,deep
10870,5/3/2024 15:46,10.87,100,10.88,21344222,JEN,deep
10871,5/3/2024 16:46,10.89,100,10.91,21344222,JEN,deep
10872,5/3/2024 17:46,10.89,100,10.91,21344222,JEN,deep
10873,5/3/2024 18:46,10.92,100,10.93,21344222,JEN,deep
10874,5/3/2024 19:46,10.89,100,10.91,21344222,JEN,deep
10875,5/3/2024 20:46,10.9,100,10.92,21344222,JEN,deep
10876,5/3/2024 21:46,10.88,100,10.9,21344222,JEN,deep
10877,5/3/2024 22:46,10.9,100,10.92,21344222,JEN,deep
10878,5/3/2024 23:46,10.9,100,10.92,21344222,JEN,deep
10879,5/4/2024 0:46,10.89,100,10.91,21344222,JEN,deep
10880,5/4/2024 1:46,10.88,100,10.9,21344222,JEN,deep
10881,5/4/2024 2:46,10.89,100,10.91,21344222,JEN,deep
10882,5/4/2024 3:46,10.88,100,10.9,21344222,JEN,deep
10883,5/4/2024 4:46,10.88,100,10.9,21344222,JEN,deep
10884,5/4/2024 5:46,10.9,100,10.92,21344222,JEN,deep
10885,5/4/2024 6:46,10.9,100,10.92,21344222,JEN,deep
10886,5/4/2024 7:46,10.89,100,10.91,21344222,JEN,deep
10887,5/4/2024 8:46,10.9,100,10.92,21344222,JEN,deep
10888,5/4/2024 9:46,10.9,100,10.92,21344222,JEN,deep
10889,5/4/2024 10:46,10.9,100,10.92,21344222,JEN,deep
10890,5/4/2024 11:46,10.88,100,10.9,21344222,JEN,deep
10891,5/4/2024 12:46,10.92,100,10.93,21344222,JEN,deep
10892,5/4/2024 13:46,10.93,100,10.94,21344222,JEN,deep
10893,5/4/2024 14:46,10.9,100,10.92,21344222,JEN,deep
10894,5/4/2024 15:46,10.93,100,10.94,21344222,JEN,deep
10895,5/4/2024 16:46,10.9,100,10.92,21344222,JEN,deep
10896,5/4/2024 17:46,10.88,100,10.9,21344222,JEN,deep
10897,5/4/2024 18:46,10.9,100,10.92,21344222,JEN,deep
10898,5/4/2024 19:46,10.92,100,10.93,21344222,JEN,deep
10899,5/4/2024 20:46,10.88,100,10.9,21344222,JEN,deep
10900,5/4/2024 21:46,10.93,100,10.94,21344222,JEN,deep
10901,5/4/2024 22:46,10.9,100,10.92,21344222,JEN,deep
10902,5/4/2024 23:46,10.88,100,10.9,21344222,JEN,deep
10903,5/5/2024 0:46,10.9,100,10.92,21344222,JEN,deep
10904,5/5/2024 1:46,10.92,100,10.93,21344222,JEN,deep
10905,5/5/2024 2:46,10.89,100,10.91,21344222,JEN,deep
10906,5/5/2024 3:46,10.88,100,10.9,21344222,JEN,deep
10907,5/5/2024 4:46,10.95,100,10.96,21344222,JEN,deep
10908,5/5/2024 5:46,10.93,100,10.94,21344222,JEN,deep
10909,5/5/2024 6:46,10.93,100,10.94,21344222,JEN,deep
10910,5/5/2024 7:46,10.94,100,10.95,21344222,JEN,deep
10911,5/5/2024 8:46,10.89,100,10.91,21344222,JEN,deep
10912,5/5/2024 9:46,10.89,100,10.91,21344222,JEN,deep
10913,5/5/2024 10:46,10.89,100,10.91,21344222,JEN,deep
10914,5/5/2024 11:46,10.9,100,10.92,21344222,JEN,deep
10915,5/5/2024 12:46,10.87,100,10.88,21344222,JEN,deep
10916,5/5/2024 13:46,10.89,100,10.91,21344222,JEN,deep
10917,5/5/2024 14:46,10.89,100,10.91,21344222,JEN,deep
10918,5/5/2024 15:46,10.89,100,10.91,21344222,JEN,deep
10919,5/5/2024 16:46,10.89,100,10.91,21344222,JEN,deep
10920,5/5/2024 17:46,10.89,100,10.91,21344222,JEN,deep
10921,5/5/2024 18:46,10.9,100,10.92,21344222,JEN,deep
10922,5/5/2024 19:46,10.89,100,10.91,21344222,JEN,deep
10923,5/5/2024 20:46,10.92,100,10.93,21344222,JEN,deep
10924,5/5/2024 21:46,10.89,100,10.91,21344222,JEN,deep
10925,5/5/2024 22:46,10.89,100,10.91,21344222,JEN,deep
10926,5/5/2024 23:46,10.89,100,10.91,21344222,JEN,deep
10927,5/6/2024 0:46,10.92,100,10.93,21344222,JEN,deep
10928,5/6/2024 1:46,10.93,100,10.94,21344222,JEN,deep
10929,5/6/2024 2:46,10.89,100,10.91,21344222,JEN,deep
10930,5/6/2024 3:46,10.9,100,10.92,21344222,JEN,deep
10931,5/6/2024 4:46,10.94,100,10.95,21344222,JEN,deep
10932,5/6/2024 5:46,10.9,100,10.92,21344222,JEN,deep
10933,5/6/2024 6:46,10.89,100,10.91,21344222,JEN,deep
10934,5/6/2024 7:46,10.92,100,10.93,21344222,JEN,deep
10935,5/6/2024 8:46,10.88,100,10.9,21344222,JEN,deep
10936,5/6/2024 9:46,10.9,100,10.92,21344222,JEN,deep
10937,5/6/2024 10:46,10.9,100,10.92,21344222,JEN,deep
10938,5/6/2024 11:46,10.9,100,10.92,21344222,JEN,deep
10939,5/6/2024 12:46,10.9,100,10.92,21344222,JEN,deep
10940,5/6/2024 13:46,10.93,100,10.94,21344222,JEN,deep
10941,5/6/2024 14:46,10.94,100,10.95,21344222,JEN,deep
10942,5/6/2024 15:46,10.95,100,10.96,21344222,JEN,deep
10943,5/6/2024 16:46,10.9,100,10.92,21344222,JEN,deep
10944,5/6/2024 17:46,10.9,100,10.92,21344222,JEN,deep
10945,5/6/2024 18:46,10.88,100,10.9,21344222,JEN,deep
10946,5/6/2024 19:46,10.9,100,10.92,21344222,JEN,deep
10947,5/6/2024 20:46,10.9,100,10.92,21344222,JEN,deep
10948,5/6/2024 21:46,10.94,100,10.95,21344222,JEN,deep
10949,5/6/2024 22:46,10.9,100,10.92,21344222,JEN,deep
10950,5/6/2024 23:46,10.88,100,10.9,21344222,JEN,deep
10951,5/7/2024 0:46,10.93,100,10.94,21344222,JEN,deep
10952,5/7/2024 1:46,10.9,100,10.92,21344222,JEN,deep
10953,5/7/2024 2:46,10.9,100,10.92,21344222,JEN,deep
10954,5/7/2024 3:46,10.88,100,10.9,21344222,JEN,deep
10955,5/7/2024 4:46,10.89,100,10.91,21344222,JEN,deep
10956,5/7/2024 5:46,10.9,100,10.92,21344222,JEN,deep
10957,5/7/2024 6:46,10.9,100,10.92,21344222,JEN,deep
10958,5/7/2024 7:46,10.93,100,10.94,21344222,JEN,deep
10959,5/7/2024 8:46,10.93,100,10.94,21344222,JEN,deep
10960,5/7/2024 9:46,10.93,100,10.94,21344222,JEN,deep
10961,5/7/2024 10:46,10.89,100,10.91,21344222,JEN,deep
10962,5/7/2024 11:46,10.92,100,10.93,21344222,JEN,deep
10963,5/7/2024 12:46,10.89,100,10.91,21344222,JEN,deep
10964,5/7/2024 13:46,10.89,100,10.91,21344222,JEN,deep
10965,5/7/2024 14:46,10.9,100,10.92,21344222,JEN,deep
10966,5/7/2024 15:46,10.93,100,10.94,21344222,JEN,deep
10967,5/7/2024 16:46,10.9,100,10.92,21344222,JEN,deep
10968,5/7/2024 17:46,10.93,100,10.94,21344222,JEN,deep
10969,5/7/2024 18:46,10.9,100,10.92,21344222,JEN,deep
10970,5/7/2024 19:46,10.9,100,10.92,21344222,JEN,deep
10971,5/7/2024 20:46,10.9,100,10.92,21344222,JEN,deep
10972,5/7/2024 21:46,10.89,100,10.91,21344222,JEN,deep
10973,5/7/2024 22:46,10.9,100,10.92,21344222,JEN,deep
10974,5/7/2024 23:46,10.9,100,10.92,21344222,JEN,deep
10975,5/8/2024 0:46,10.89,100,10.91,21344222,JEN,deep
10976,5/8/2024 1:46,10.93,100,10.94,21344222,JEN,deep
10977,5/8/2024 2:46,10.9,100,10.92,21344222,JEN,deep
10978,5/8/2024 3:46,10.9,100,10.92,21344222,JEN,deep
10979,5/8/2024 4:46,10.93,100,10.94,21344222,JEN,deep
10980,5/8/2024 5:46,10.92,100,10.93,21344222,JEN,deep
10981,5/8/2024 6:46,10.92,100,10.93,21344222,JEN,deep
10982,5/8/2024 7:46,10.94,100,10.95,21344222,JEN,deep
10983,5/8/2024 8:46,10.9,100,10.92,21344222,JEN,deep
10984,5/8/2024 9:46,10.93,100,10.94,21344222,JEN,deep
10985,5/8/2024 10:46,10.93,100,10.94,21344222,JEN,deep
10986,5/8/2024 11:46,10.92,100,10.93,21344222,JEN,deep
10987,5/8/2024 12:46,10.94,100,10.95,21344222,JEN,deep
10988,5/8/2024 13:46,10.93,100,10.94,21344222,JEN,deep
10989,5/8/2024 14:46,10.9,100,10.92,21344222,JEN,deep
10990,5/8/2024 15:46,10.88,100,10.9,21344222,JEN,deep
10991,5/8/2024 16:46,10.9,100,10.92,21344222,JEN,deep
10992,5/8/2024 17:46,10.92,100,10.93,21344222,JEN,deep
10993,5/8/2024 18:46,10.88,100,10.9,21344222,JEN,deep
10994,5/8/2024 19:46,10.88,100,10.9,21344222,JEN,deep
10995,5/8/2024 20:46,10.93,100,10.94,21344222,JEN,deep
10996,5/8/2024 21:46,10.9,100,10.92,21344222,JEN,deep
10997,5/8/2024 22:46,10.9,100,10.92,21344222,JEN,deep
10998,5/8/2024 23:46,10.9,100,10.92,21344222,JEN,deep
10999,5/9/2024 0:46,10.9,100,10.92,21344222,JEN,deep
11000,5/9/2024 1:46,10.92,100,10.93,21344222,JEN,deep
11001,5/9/2024 2:46,10.93,100,10.94,21344222,JEN,deep
11002,5/9/2024 3:46,10.89,100,10.91,21344222,JEN,deep
11003,5/9/2024 4:46,10.93,100,10.94,21344222,JEN,deep
11004,5/9/2024 5:46,10.93,100,10.94,21344222,JEN,deep
11005,5/9/2024 6:46,10.93,100,10.94,21344222,JEN,deep
11006,5/9/2024 7:46,10.9,100,10.92,21344222,JEN,deep
11007,5/9/2024 8:46,10.89,100,10.91,21344222,JEN,deep
11008,5/9/2024 9:46,10.93,100,10.94,21344222,JEN,deep
11009,5/9/2024 10:46,10.9,100,10.92,21344222,JEN,deep
11010,5/9/2024 11:46,10.95,100,10.96,21344222,JEN,deep
11011,5/9/2024 12:46,10.9,100,10.92,21344222,JEN,deep
11012,5/9/2024 3:32,10.99,100,11,21344222,JEN,deep
11013,5/9/2024 4:02,10.9,100,10.92,21344222,JEN,deep
11014,5/9/2024 4:32,10.9,100,10.92,21344222,JEN,deep
11015,5/9/2024 5:02,10.89,100,10.91,21344222,JEN,deep
11016,5/9/2024 5:32,10.93,100,10.94,21344222,JEN,deep
11017,5/9/2024 6:02,10.9,100,10.92,21344222,JEN,deep
11018,5/9/2024 6:32,10.93,100,10.94,21344222,JEN,deep
11019,5/9/2024 7:02,10.93,100,10.94,21344222,JEN,deep
11020,5/9/2024 7:32,10.93,100,10.94,21344222,JEN,deep
11021,5/9/2024 8:02,10.93,100,10.94,21344222,JEN,deep
11022,5/9/2024 8:32,10.93,100,10.94,21344222,JEN,deep
11023,5/9/2024 9:02,10.9,100,10.92,21344222,JEN,deep
11024,5/9/2024 9:32,10.93,100,10.94,21344222,JEN,deep
11025,5/9/2024 10:02,10.92,100,10.93,21344222,JEN,deep
11026,5/9/2024 10:32,10.89,100,10.91,21344222,JEN,deep
11027,5/9/2024 11:02,10.9,100,10.92,21344222,JEN,deep
11028,5/9/2024 11:32,10.89,100,10.91,21344222,JEN,deep
11029,5/9/2024 12:02,10.92,100,10.93,21344222,JEN,deep
11030,5/9/2024 12:32,10.9,100,10.92,21344222,JEN,deep
11031,5/9/2024 13:02,10.89,100,10.91,21344222,JEN,deep
11032,5/9/2024 13:32,10.92,100,10.93,21344222,JEN,deep
11033,5/9/2024 14:02,10.92,100,10.93,21344222,JEN,deep
11034,5/9/2024 14:32,10.93,100,10.94,21344222,JEN,deep
11035,5/9/2024 15:02,10.9,100,10.92,21344222,JEN,deep
11036,5/9/2024 15:32,10.87,100,10.88,21344222,JEN,deep
11037,5/9/2024 16:02,10.94,100,10.95,21344222,JEN,deep
11038,5/9/2024 16:32,10.93,100,10.94,21344222,JEN,deep
11039,5/9/2024 17:02,10.9,100,10.92,21344222,JEN,deep
11040,5/9/2024 17:32,10.9,100,10.92,21344222,JEN,deep
11041,5/9/2024 18:02,10.9,100,10.92,21344222,JEN,deep
11042,5/9/2024 18:32,10.9,100,10.92,21344222,JEN,deep
11043,5/9/2024 19:02,10.93,100,10.94,21344222,JEN,deep
11044,5/9/2024 19:32,10.92,100,10.93,21344222,JEN,deep
11045,5/9/2024 20:02,10.9,100,10.92,21344222,JEN,deep
11046,5/9/2024 20:32,10.93,100,10.94,21344222,JEN,deep
11047,5/9/2024 21:02,10.9,100,10.92,21344222,JEN,deep
11048,5/9/2024 21:32,10.93,100,10.94,21344222,JEN,deep
11049,5/9/2024 22:02,10.9,100,10.92,21344222,JEN,deep
11050,5/9/2024 22:32,10.93,100,10.94,21344222,JEN,deep
11051,5/9/2024 23:02,10.9,100,10.92,21344222,JEN,deep
11052,5/9/2024 23:32,10.9,100,10.92,21344222,JEN,deep
11053,5/10/2024 0:02,10.9,100,10.92,21344222,JEN,deep
11054,5/10/2024 0:32,10.89,100,10.91,21344222,JEN,deep
11055,5/10/2024 1:02,10.9,100,10.92,21344222,JEN,deep
11056,5/10/2024 1:32,10.9,100,10.92,21344222,JEN,deep
11057,5/10/2024 2:02,10.93,100,10.94,21344222,JEN,deep
11058,5/10/2024 2:32,10.9,100,10.92,21344222,JEN,deep
11059,5/10/2024 3:02,10.9,100,10.92,21344222,JEN,deep
11060,5/10/2024 3:32,10.9,100,10.92,21344222,JEN,deep
11061,5/10/2024 4:02,10.93,100,10.94,21344222,JEN,deep
11062,5/10/2024 4:32,10.9,100,10.92,21344222,JEN,deep
11063,5/10/2024 5:02,10.93,100,10.94,21344222,JEN,deep
11064,5/10/2024 5:32,10.93,100,10.94,21344222,JEN,deep
11065,5/10/2024 6:02,10.9,100,10.92,21344222,JEN,deep
11066,5/10/2024 6:32,10.93,100,10.94,21344222,JEN,deep
11067,5/10/2024 7:02,10.92,100,10.93,21344222,JEN,deep
11068,5/10/2024 7:32,10.92,100,10.93,21344222,JEN,deep
11069,5/10/2024 8:02,10.94,100,10.95,21344222,JEN,deep
11070,5/10/2024 8:32,10.9,100,10.92,21344222,JEN,deep
11071,5/10/2024 9:02,10.9,100,10.92,21344222,JEN,deep
11072,5/10/2024 9:32,10.9,100,10.92,21344222,JEN,deep
11073,5/10/2024 10:02,10.94,100,10.95,21344222,JEN,deep
11074,5/10/2024 10:32,10.93,100,10.94,21344222,JEN,deep
11075,5/10/2024 11:02,10.93,100,10.94,21344222,JEN,deep
11076,5/10/2024 11:32,10.9,100,10.92,21344222,JEN,deep
11077,5/10/2024 12:02,10.9,100,10.92,21344222,JEN,deep
11078,5/10/2024 12:32,10.9,100,10.92,21344222,JEN,deep
11079,5/10/2024 13:02,10.92,100,10.93,21344222,JEN,deep
11080,5/10/2024 13:32,10.93,100,10.94,21344222,JEN,deep
11081,5/10/2024 14:02,10.87,100,10.88,21344222,JEN,deep
11082,5/10/2024 14:32,10.93,100,10.94,21344222,JEN,deep
11083,5/10/2024 15:02,10.92,100,10.93,21344222,JEN,deep
11084,5/10/2024 15:32,10.9,100,10.92,21344222,JEN,deep
11085,5/10/2024 16:02,10.88,100,10.9,21344222,JEN,deep
11086,5/10/2024 16:32,10.92,100,10.93,21344222,JEN,deep
11087,5/10/2024 17:02,10.9,100,10.92,21344222,JEN,deep
11088,5/10/2024 17:32,10.9,100,10.92,21344222,JEN,deep
11089,5/10/2024 18:02,10.9,100,10.92,21344222,JEN,deep
11090,5/10/2024 18:32,10.9,100,10.92,21344222,JEN,deep
11091,5/10/2024 19:02,10.9,100,10.92,21344222,JEN,deep
11092,5/10/2024 19:32,10.9,100,10.92,21344222,JEN,deep
11093,5/10/2024 20:02,10.92,100,10.93,21344222,JEN,deep
11094,5/10/2024 20:32,10.93,100,10.94,21344222,JEN,deep
11095,5/10/2024 21:02,10.89,100,10.91,21344222,JEN,deep
11096,5/10/2024 21:32,10.89,100,10.91,21344222,JEN,deep
11097,5/10/2024 22:02,10.93,100,10.94,21344222,JEN,deep
11098,5/10/2024 22:32,10.92,100,10.93,21344222,JEN,deep
11099,5/10/2024 23:02,10.93,100,10.94,21344222,JEN,deep
11100,5/10/2024 23:32,10.88,100,10.9,21344222,JEN,deep
11101,5/11/2024 0:02,10.93,100,10.94,21344222,JEN,deep
11102,5/11/2024 0:32,10.92,100,10.93,21344222,JEN,deep
11103,5/11/2024 1:02,10.9,100,10.92,21344222,JEN,deep
11104,5/11/2024 1:32,10.92,100,10.93,21344222,JEN,deep
11105,5/11/2024 2:02,10.9,100,10.92,21344222,JEN,deep
11106,5/11/2024 2:32,10.92,100,10.93,21344222,JEN,deep
11107,5/11/2024 3:02,10.93,100,10.94,21344222,JEN,deep
11108,5/11/2024 3:32,10.88,100,10.9,21344222,JEN,deep
11109,5/11/2024 4:02,10.9,100,10.92,21344222,JEN,deep
11110,5/11/2024 4:32,10.9,100,10.92,21344222,JEN,deep
11111,5/11/2024 5:02,10.93,100,10.94,21344222,JEN,deep
11112,5/11/2024 5:32,10.93,100,10.94,21344222,JEN,deep
11113,5/11/2024 6:02,10.95,100,10.96,21344222,JEN,deep
11114,5/11/2024 6:32,10.9,100,10.92,21344222,JEN,deep
11115,5/11/2024 7:02,10.89,100,10.91,21344222,JEN,deep
11116,5/11/2024 7:32,10.93,100,10.94,21344222,JEN,deep
11117,5/11/2024 8:02,10.9,100,10.92,21344222,JEN,deep
11118,5/11/2024 8:32,10.9,100,10.92,21344222,JEN,deep
11119,5/11/2024 9:02,10.92,100,10.93,21344222,JEN,deep
11120,5/11/2024 9:32,10.9,100,10.92,21344222,JEN,deep
11121,5/11/2024 10:02,10.9,100,10.92,21344222,JEN,deep
11122,5/11/2024 10:32,10.9,100,10.92,21344222,JEN,deep
11123,5/11/2024 11:02,10.93,100,10.94,21344222,JEN,deep
11124,5/11/2024 11:32,10.9,100,10.92,21344222,JEN,deep
11125,5/11/2024 12:02,10.93,100,10.94,21344222,JEN,deep
11126,5/11/2024 12:32,10.92,100,10.93,21344222,JEN,deep
11127,5/11/2024 13:02,10.9,100,10.92,21344222,JEN,deep
11128,5/11/2024 13:32,10.9,100,10.92,21344222,JEN,deep
11129,5/11/2024 14:02,10.88,100,10.9,21344222,JEN,deep
11130,5/11/2024 14:32,10.9,100,10.92,21344222,JEN,deep
11131,5/11/2024 15:02,10.93,100,10.94,21344222,JEN,deep
11132,5/11/2024 15:32,10.93,100,10.94,21344222,JEN,deep
11133,5/11/2024 16:02,10.93,100,10.94,21344222,JEN,deep
11134,5/11/2024 16:32,10.93,100,10.94,21344222,JEN,deep
11135,5/11/2024 17:02,10.93,100,10.94,21344222,JEN,deep
11136,5/11/2024 17:32,10.9,100,10.92,21344222,JEN,deep
11137,5/11/2024 18:02,10.9,100,10.92,21344222,JEN,deep
11138,5/11/2024 18:32,10.93,100,10.94,21344222,JEN,deep
11139,5/11/2024 19:02,10.9,100,10.92,21344222,JEN,deep
11140,5/11/2024 19:32,10.9,100,10.92,21344222,JEN,deep
11141,5/11/2024 20:02,10.9,100,10.92,21344222,JEN,deep
11142,5/11/2024 20:32,10.93,100,10.94,21344222,JEN,deep
11143,5/11/2024 21:02,10.88,100,10.9,21344222,JEN,deep
11144,5/11/2024 21:32,10.9,100,10.92,21344222,JEN,deep
11145,5/11/2024 22:02,10.89,100,10.91,21344222,JEN,deep
11146,5/11/2024 22:32,10.93,100,10.94,21344222,JEN,deep
11147,5/11/2024 23:02,10.93,100,10.94,21344222,JEN,deep
11148,5/11/2024 23:32,10.9,100,10.92,21344222,JEN,deep
11149,5/12/2024 0:02,10.92,100,10.93,21344222,JEN,deep
11150,5/12/2024 0:32,10.9,100,10.92,21344222,JEN,deep
11151,5/12/2024 1:02,10.9,100,10.92,21344222,JEN,deep
11152,5/12/2024 1:32,10.9,100,10.92,21344222,JEN,deep
11153,5/12/2024 2:02,10.92,100,10.93,21344222,JEN,deep
11154,5/12/2024 2:32,10.89,100,10.91,21344222,JEN,deep
11155,5/12/2024 3:02,10.9,100,10.92,21344222,JEN,deep
11156,5/12/2024 3:32,10.88,100,10.9,21344222,JEN,deep
11157,5/12/2024 4:02,10.92,100,10.93,21344222,JEN,deep
11158,5/12/2024 4:32,10.94,100,10.95,21344222,JEN,deep
11159,5/12/2024 5:02,10.88,100,10.9,21344222,JEN,deep
11160,5/12/2024 5:32,10.93,100,10.94,21344222,JEN,deep
11161,5/12/2024 6:02,10.93,100,10.94,21344222,JEN,deep
11162,5/12/2024 6:32,10.93,100,10.94,21344222,JEN,deep
11163,5/12/2024 7:02,10.93,100,10.94,21344222,JEN,deep
11164,5/12/2024 7:32,10.93,100,10.94,21344222,JEN,deep
11165,5/12/2024 8:02,10.9,100,10.92,21344222,JEN,deep
11166,5/12/2024 8:32,10.92,100,10.93,21344222,JEN,deep
11167,5/12/2024 9:02,10.9,100,10.92,21344222,JEN,deep
11168,5/12/2024 9:32,10.9,100,10.92,21344222,JEN,deep
11169,5/12/2024 10:02,10.93,100,10.94,21344222,JEN,deep
11170,5/12/2024 10:32,10.94,100,10.95,21344222,JEN,deep
11171,5/12/2024 11:02,10.9,100,10.92,21344222,JEN,deep
11172,5/12/2024 11:32,10.92,100,10.93,21344222,JEN,deep
11173,5/12/2024 12:02,10.92,100,10.93,21344222,JEN,deep
11174,5/12/2024 12:32,10.9,100,10.92,21344222,JEN,deep
11175,5/12/2024 13:02,10.93,100,10.94,21344222,JEN,deep
11176,5/12/2024 13:32,10.93,100,10.94,21344222,JEN,deep
11177,5/12/2024 14:02,10.9,100,10.92,21344222,JEN,deep
11178,5/12/2024 14:32,10.94,100,10.95,21344222,JEN,deep
11179,5/12/2024 15:02,10.93,100,10.94,21344222,JEN,deep
11180,5/12/2024 15:32,10.9,100,10.92,21344222,JEN,deep
11181,5/12/2024 16:02,10.94,100,10.95,21344222,JEN,deep
11182,5/12/2024 16:32,10.9,100,10.92,21344222,JEN,deep
11183,5/12/2024 17:02,10.93,100,10.94,21344222,JEN,deep
11184,5/12/2024 17:32,10.93,100,10.94,21344222,JEN,deep
11185,5/12/2024 18:02,10.93,100,10.94,21344222,JEN,deep
11186,5/12/2024 18:32,10.94,100,10.95,21344222,JEN,deep
11187,5/12/2024 19:02,10.93,100,10.94,21344222,JEN,deep
11188,5/12/2024 19:32,10.9,100,10.92,21344222,JEN,deep
11189,5/12/2024 20:02,10.93,100,10.94,21344222,JEN,deep
11190,5/12/2024 20:32,10.89,100,10.91,21344222,JEN,deep
11191,5/12/2024 21:02,10.89,100,10.91,21344222,JEN,deep
11192,5/12/2024 21:32,10.92,100,10.93,21344222,JEN,deep
11193,5/12/2024 22:02,10.9,100,10.92,21344222,JEN,deep
11194,5/12/2024 22:32,10.88,100,10.9,21344222,JEN,deep
11195,5/12/2024 23:02,10.9,100,10.92,21344222,JEN,deep
11196,5/12/2024 23:32,10.93,100,10.94,21344222,JEN,deep
11197,05/13/2024 00:02:00,10.94,100,10.95,21344222,JEN,deep
11198,05/13/2024 00:32:00,10.93,100,10.94,21344222,JEN,deep
11199,05/13/2024 01:02:00,10.89,100,10.91,21344222,JEN,deep
11200,05/13/2024 01:32:00,10.89,100,10.91,21344222,JEN,deep
11201,05/13/2024 02:02:00,10.92,100,10.93,21344222,JEN,deep
11202,05/13/2024 02:32:00,10.9,100,10.92,21344222,JEN,deep
11203,05/13/2024 03:02:00,10.93,100,10.94,21344222,JEN,deep
11204,05/13/2024 03:32:00,10.93,100,10.94,21344222,JEN,deep
11205,05/13/2024 04:02:00,10.9,100,10.92,21344222,JEN,deep
11206,05/13/2024 04:32:00,10.93,100,10.94,21344222,JEN,deep
11207,05/13/2024 05:02:00,10.9,100,10.92,21344222,JEN,deep
11208,05/13/2024 05:32:00,10.88,100,10.9,21344222,JEN,deep
11209,05/13/2024 06:02:00,10.89,100,10.91,21344222,JEN,deep
11210,05/13/2024 06:32:00,10.93,100,10.94,21344222,JEN,deep
11211,05/13/2024 07:02:00,10.94,100,10.95,21344222,JEN,deep
11212,05/13/2024 07:32:00,10.94,100,10.95,21344222,JEN,deep
11213,05/13/2024 08:02:00,10.93,100,10.94,21344222,JEN,deep
11214,05/13/2024 08:32:00,10.89,100,10.91,21344222,JEN,deep
11215,05/13/2024 09:02:00,10.9,100,10.92,21344222,JEN,deep
11216,05/13/2024 09:32:00,10.89,100,10.91,21344222,JEN,deep
11217,05/13/2024 10:02:00,10.89,100,10.91,21344222,JEN,deep
11218,05/13/2024 10:32:00,10.89,100,10.91,21344222,JEN,deep
11219,05/13/2024 11:02:00,10.92,100,10.93,21344222,JEN,deep
11220,05/13/2024 11:32:00,10.93,100,10.94,21344222,JEN,deep
11221,05/13/2024 12:02:00,10.9,100,10.92,21344222,JEN,deep
11222,05/13/2024 12:32:00,10.89,100,10.91,21344222,JEN,deep
11223,05/13/2024 13:02:00,10.9,100,10.92,21344222,JEN,deep
11224,05/13/2024 13:32:00,10.92,100,10.93,21344222,JEN,deep
11225,05/13/2024 14:02:00,10.93,100,10.94,21344222,JEN,deep
11226,05/13/2024 14:32:00,10.9,100,10.92,21344222,JEN,deep
11227,05/13/2024 15:02:00,10.93,100,10.94,21344222,JEN,deep
11228,05/13/2024 15:32:00,10.94,100,10.95,21344222,JEN,deep
11229,05/13/2024 16:02:00,10.93,100,10.94,21344222,JEN,deep
11230,05/13/2024 16:32:00,10.93,100,10.94,21344222,JEN,deep
11231,05/13/2024 17:02:00,10.9,100,10.92,21344222,JEN,deep
11232,05/13/2024 17:32:00,10.93,100,10.94,21344222,JEN,deep
11233,05/13/2024 18:02:00,10.93,100,10.94,21344222,JEN,deep
11234,05/13/2024 18:32:00,10.9,100,10.92,21344222,JEN,deep
11235,05/13/2024 19:02:00,10.96,100,10.97,21344222,JEN,deep
11236,05/13/2024 19:32:00,10.9,100,10.92,21344222,JEN,deep
11237,05/13/2024 20:02:00,10.93,100,10.94,21344222,JEN,deep
11238,05/13/2024 20:32:00,10.92,100,10.93,21344222,JEN,deep
11239,05/13/2024 21:02:00,10.9,100,10.92,21344222,JEN,deep
11240,05/13/2024 21:32:00,10.92,100,10.93,21344222,JEN,deep
11241,05/13/2024 22:02:00,10.89,100,10.91,21344222,JEN,deep
11242,05/13/2024 22:32:00,10.9,100,10.92,21344222,JEN,deep
11243,05/13/2024 23:02:00,10.92,100,10.93,21344222,JEN,deep
11244,05/13/2024 23:32:00,10.9,100,10.92,21344222,JEN,deep
11245,05/14/2024 00:02:00,10.89,100,10.91,21344222,JEN,deep
11246,05/14/2024 00:32:00,10.89,100,10.91,21344222,JEN,deep
11247,05/14/2024 01:02:00,10.9,100,10.92,21344222,JEN,deep
11248,05/14/2024 01:32:00,10.9,100,10.92,21344222,JEN,deep
11249,05/14/2024 02:02:00,10.93,100,10.94,21344222,JEN,deep
11250,05/14/2024 02:32:00,10.92,100,10.93,21344222,JEN,deep
11251,05/14/2024 03:02:00,10.9,100,10.92,21344222,JEN,deep
11252,05/14/2024 03:32:00,10.9,100,10.92,21344222,JEN,deep
11253,05/14/2024 04:02:00,10.92,100,10.93,21344222,JEN,deep
11254,05/14/2024 04:32:00,10.9,100,10.92,21344222,JEN,deep
11255,05/14/2024 05:02:00,10.93,100,10.94,21344222,JEN,deep
11256,05/14/2024 05:32:00,10.92,100,10.93,21344222,JEN,deep
11257,05/14/2024 06:02:00,10.94,100,10.95,21344222,JEN,deep
11258,05/14/2024 06:32:00,10.9,100,10.92,21344222,JEN,deep
11259,05/14/2024 07:02:00,10.92,100,10.93,21344222,JEN,deep
11260,05/14/2024 07:32:00,10.94,100,10.95,21344222,JEN,deep
11261,05/14/2024 08:02:00,10.9,100,10.92,21344222,JEN,deep
11262,05/14/2024 08:32:00,10.9,100,10.92,21344222,JEN,deep
11263,05/14/2024 09:02:00,10.93,100,10.94,21344222,JEN,deep
11264,05/14/2024 09:32:00,10.89,100,10.91,21344222,JEN,deep
11265,05/14/2024 10:02:00,10.89,100,10.91,21344222,JEN,deep
11266,05/14/2024 10:32:00,10.93,100,10.94,21344222,JEN,deep
11267,05/14/2024 11:02:00,10.9,100,10.92,21344222,JEN,deep
11268,05/14/2024 11:32:00,10.93,100,10.94,21344222,JEN,deep
11269,05/14/2024 12:02:00,10.93,100,10.94,21344222,JEN,deep
11270,05/14/2024 12:32:00,10.94,100,10.95,21344222,JEN,deep
11271,05/14/2024 13:02:00,10.94,100,10.95,21344222,JEN,deep
11272,05/14/2024 13:32:00,10.92,100,10.93,21344222,JEN,deep
11273,05/14/2024 14:02:00,10.9,100,10.92,21344222,JEN,deep
11274,05/14/2024 14:32:00,10.93,100,10.94,21344222,JEN,deep
11275,05/14/2024 15:02:00,10.95,100,10.96,21344222,JEN,deep
11276,05/14/2024 15:32:00,10.93,100,10.94,21344222,JEN,deep
11277,05/14/2024 16:02:00,10.93,100,10.94,21344222,JEN,deep
11278,05/14/2024 16:32:00,10.9,100,10.92,21344222,JEN,deep
11279,05/14/2024 17:02:00,10.9,100,10.92,21344222,JEN,deep
11280,05/14/2024 17:32:00,10.93,100,10.94,21344222,JEN,deep
11281,05/14/2024 18:02:00,10.93,100,10.94,21344222,JEN,deep
11282,05/14/2024 18:32:00,10.93,100,10.94,21344222,JEN,deep
11283,05/14/2024 19:02:00,10.9,100,10.92,21344222,JEN,deep
11284,05/14/2024 19:32:00,10.93,100,10.94,21344222,JEN,deep
11285,05/14/2024 20:02:00,10.9,100,10.92,21344222,JEN,deep
11286,05/14/2024 20:32:00,10.9,100,10.92,21344222,JEN,deep
11287,05/14/2024 21:02:00,10.95,100,10.96,21344222,JEN,deep
11288,05/14/2024 21:32:00,10.93,100,10.94,21344222,JEN,deep
11289,05/14/2024 22:02:00,10.9,100,10.92,21344222,JEN,deep
11290,05/14/2024 22:32:00,10.93,100,10.94,21344222,JEN,deep
11291,05/14/2024 23:02:00,10.93,100,10.94,21344222,JEN,deep
11292,05/14/2024 23:32:00,10.9,100,10.92,21344222,JEN,deep
11293,05/15/2024 00:02:00,10.93,100,10.94,21344222,JEN,deep
11294,05/15/2024 00:32:00,10.93,100,10.94,21344222,JEN,deep
11295,05/15/2024 01:02:00,10.92,100,10.93,21344222,JEN,deep
11296,05/15/2024 01:32:00,10.93,100,10.94,21344222,JEN,deep
11297,05/15/2024 02:02:00,10.93,100,10.94,21344222,JEN,deep
11298,05/15/2024 02:32:00,10.94,100,10.95,21344222,JEN,deep
11299,05/15/2024 03:02:00,10.93,100,10.94,21344222,JEN,deep
11300,05/15/2024 03:32:00,10.92,100,10.93,21344222,JEN,deep
11301,05/15/2024 04:02:00,10.94,100,10.95,21344222,JEN,deep
11302,05/15/2024 04:32:00,10.93,100,10.94,21344222,JEN,deep
11303,05/15/2024 05:02:00,10.93,100,10.94,21344222,JEN,deep
11304,05/15/2024 05:32:00,10.94,100,10.95,21344222,JEN,deep
11305,05/15/2024 06:02:00,10.9,100,10.92,21344222,JEN,deep
11306,05/15/2024 06:32:00,10.93,100,10.94,21344222,JEN,deep
11307,05/15/2024 07:02:00,10.95,100,10.96,21344222,JEN,deep
11308,05/15/2024 07:32:00,10.89,100,10.91,21344222,JEN,deep
11309,05/15/2024 08:02:00,10.9,100,10.92,21344222,JEN,deep
11310,05/15/2024 08:32:00,10.9,100,10.92,21344222,JEN,deep
11311,05/15/2024 09:02:00,10.93,100,10.94,21344222,JEN,deep
11312,05/15/2024 09:32:00,10.9,100,10.92,21344222,JEN,deep
11313,05/15/2024 10:02:00,10.92,100,10.93,21344222,JEN,deep
11314,05/15/2024 10:32:00,10.89,100,10.91,21344222,JEN,deep
11315,05/15/2024 11:02:00,10.93,100,10.94,21344222,JEN,deep
11316,05/15/2024 11:32:00,10.93,100,10.94,21344222,JEN,deep
11317,05/15/2024 12:02:00,10.92,100,10.93,21344222,JEN,deep
11318,05/15/2024 12:32:00,10.93,100,10.94,21344222,JEN,deep
11319,05/15/2024 13:02:00,10.93,100,10.94,21344222,JEN,deep
11320,05/15/2024 13:32:00,10.9,100,10.92,21344222,JEN,deep
11321,05/15/2024 14:02:00,10.93,100,10.94,21344222,JEN,deep
11322,05/15/2024 14:32:00,10.9,100,10.92,21344222,JEN,deep
11323,05/15/2024 15:02:00,10.9,100,10.92,21344222,JEN,deep
11324,05/15/2024 15:32:00,10.96,100,10.97,21344222,JEN,deep
11325,05/15/2024 16:02:00,10.93,100,10.94,21344222,JEN,deep
11326,05/15/2024 16:32:00,10.9,100,10.92,21344222,JEN,deep
11327,05/15/2024 17:02:00,10.9,100,10.92,21344222,JEN,deep
11328,05/15/2024 17:32:00,10.89,100,10.91,21344222,JEN,deep
11329,05/15/2024 18:02:00,10.94,100,10.95,21344222,JEN,deep
11330,05/15/2024 18:32:00,10.94,100,10.95,21344222,JEN,deep
11331,05/15/2024 19:02:00,10.96,100,10.97,21344222,JEN,deep
11332,05/15/2024 19:32:00,10.95,100,10.96,21344222,JEN,deep
11333,05/15/2024 20:02:00,10.93,100,10.94,21344222,JEN,deep
11334,05/15/2024 20:32:00,10.93,100,10.94,21344222,JEN,deep
11335,05/15/2024 21:02:00,10.93,100,10.94,21344222,JEN,deep
11336,05/15/2024 21:32:00,10.93,100,10.94,21344222,JEN,deep
11337,05/15/2024 22:02:00,10.93,100,10.94,21344222,JEN,deep
11338,05/15/2024 22:32:00,10.93,100,10.94,21344222,JEN,deep
11339,05/15/2024 23:02:00,10.93,100,10.94,21344222,JEN,deep
11340,05/15/2024 23:32:00,10.93,100,10.94,21344222,JEN,deep
11341,05/16/2024 00:02:00,10.93,100,10.94,21344222,JEN,deep
11342,05/16/2024 00:32:00,10.94,100,10.95,21344222,JEN,deep
11343,05/16/2024 01:02:00,10.93,100,10.94,21344222,JEN,deep
11344,05/16/2024 01:32:00,10.94,100,10.95,21344222,JEN,deep
11345,05/16/2024 02:02:00,10.92,100,10.93,21344222,JEN,deep
11346,05/16/2024 02:32:00,10.9,100,10.92,21344222,JEN,deep
11347,05/16/2024 03:02:00,10.93,100,10.94,21344222,JEN,deep
11348,05/16/2024 03:32:00,10.93,100,10.94,21344222,JEN,deep
11349,05/16/2024 04:02:00,10.93,100,10.94,21344222,JEN,deep
11350,05/16/2024 04:32:00,10.94,100,10.95,21344222,JEN,deep
11351,05/16/2024 05:02:00,10.94,100,10.95,21344222,JEN,deep
11352,05/16/2024 05:32:00,10.9,100,10.92,21344222,JEN,deep
11353,05/16/2024 06:02:00,10.9,100,10.92,21344222,JEN,deep
11354,05/16/2024 06:32:00,10.92,100,10.93,21344222,JEN,deep
11355,05/16/2024 07:02:00,10.93,100,10.94,21344222,JEN,deep
11356,05/16/2024 07:32:00,10.9,100,10.92,21344222,JEN,deep
11357,05/16/2024 08:02:00,10.95,100,10.96,21344222,JEN,deep
11358,05/16/2024 08:32:00,10.93,100,10.94,21344222,JEN,deep
11359,05/16/2024 09:02:00,10.95,100,10.96,21344222,JEN,deep
11360,05/16/2024 09:32:00,10.93,100,10.94,21344222,JEN,deep
11361,05/16/2024 10:02:00,10.92,100,10.93,21344222,JEN,deep
11362,05/16/2024 10:32:00,10.92,100,10.93,21344222,JEN,deep
11363,05/16/2024 11:02:00,10.92,100,10.93,21344222,JEN,deep
11364,05/16/2024 11:32:00,10.93,100,10.94,21344222,JEN,deep
11365,05/16/2024 12:02:00,10.92,100,10.93,21344222,JEN,deep
11366,05/16/2024 12:32:00,10.9,100,10.92,21344222,JEN,deep
11367,05/16/2024 13:02:00,10.92,100,10.93,21344222,JEN,deep
11368,05/16/2024 13:32:00,10.93,100,10.94,21344222,JEN,deep
11369,05/16/2024 14:02:00,10.95,100,10.96,21344222,JEN,deep
11370,05/16/2024 14:32:00,10.9,100,10.92,21344222,JEN,deep
11371,05/16/2024 15:02:00,10.93,100,10.94,21344222,JEN,deep
11372,05/16/2024 15:32:00,10.94,100,10.95,21344222,JEN,deep
11373,05/16/2024 16:02:00,10.94,100,10.95,21344222,JEN,deep
11374,05/16/2024 16:32:00,10.9,100,10.92,21344222,JEN,deep
11375,05/16/2024 17:02:00,10.96,100,10.97,21344222,JEN,deep
11376,05/16/2024 17:32:00,10.9,100,10.92,21344222,JEN,deep
11377,05/16/2024 18:02:00,10.92,100,10.93,21344222,JEN,deep
11378,05/16/2024 18:32:00,10.93,100,10.94,21344222,JEN,deep
11379,05/16/2024 19:02:00,10.92,100,10.93,21344222,JEN,deep
11380,05/16/2024 19:32:00,10.93,100,10.94,21344222,JEN,deep
11381,05/16/2024 20:02:00,10.9,100,10.92,21344222,JEN,deep
11382,05/16/2024 20:32:00,10.93,100,10.94,21344222,JEN,deep
11383,05/16/2024 21:02:00,10.94,100,10.95,21344222,JEN,deep
11384,05/16/2024 21:32:00,10.94,100,10.95,21344222,JEN,deep
11385,05/16/2024 22:02:00,10.93,100,10.94,21344222,JEN,deep
11386,05/16/2024 22:32:00,10.95,100,10.96,21344222,JEN,deep
11387,05/16/2024 23:02:00,10.94,100,10.95,21344222,JEN,deep
11388,05/16/2024 23:32:00,10.92,100,10.93,21344222,JEN,deep
11389,05/17/2024 00:02:00,10.93,100,10.94,21344222,JEN,deep
11390,05/17/2024 00:32:00,10.93,100,10.94,21344222,JEN,deep
11391,05/17/2024 01:02:00,10.9,100,10.92,21344222,JEN,deep
11392,05/17/2024 01:32:00,10.93,100,10.94,21344222,JEN,deep
11393,05/17/2024 02:02:00,10.93,100,10.94,21344222,JEN,deep
11394,05/17/2024 02:32:00,10.94,100,10.95,21344222,JEN,deep
11395,05/17/2024 03:02:00,10.96,100,10.97,21344222,JEN,deep
11396,05/17/2024 03:32:00,10.93,100,10.94,21344222,JEN,deep
11397,05/17/2024 04:02:00,10.93,100,10.94,21344222,JEN,deep
11398,05/17/2024 04:32:00,10.93,100,10.94,21344222,JEN,deep
11399,05/17/2024 05:02:00,10.93,100,10.94,21344222,JEN,deep
11400,05/17/2024 05:32:00,10.95,100,10.96,21344222,JEN,deep
11401,05/17/2024 06:02:00,10.9,100,10.92,21344222,JEN,deep
11402,05/17/2024 06:32:00,10.95,100,10.96,21344222,JEN,deep
11403,05/17/2024 07:02:00,10.94,100,10.95,21344222,JEN,deep
11404,05/17/2024 07:32:00,10.93,100,10.94,21344222,JEN,deep
11405,05/17/2024 08:02:00,10.92,100,10.93,21344222,JEN,deep
11406,05/17/2024 08:32:00,10.9,100,10.92,21344222,JEN,deep
11407,05/17/2024 09:02:00,10.93,100,10.94,21344222,JEN,deep
11408,05/17/2024 09:32:00,10.93,100,10.94,21344222,JEN,deep
11409,05/17/2024 10:02:00,10.93,100,10.94,21344222,JEN,deep
11410,05/17/2024 10:32:00,10.93,100,10.94,21344222,JEN,deep
11411,05/17/2024 11:02:00,10.96,100,10.97,21344222,JEN,deep
11412,05/17/2024 11:32:00,10.93,100,10.94,21344222,JEN,deep
11413,05/17/2024 12:02:00,10.93,100,10.94,21344222,JEN,deep
11414,05/17/2024 12:32:00,10.93,100,10.94,21344222,JEN,deep
11415,05/17/2024 13:02:00,10.92,100,10.93,21344222,JEN,deep
11416,05/17/2024 13:32:00,10.93,100,10.94,21344222,JEN,deep
11417,05/17/2024 14:02:00,10.92,100,10.93,21344222,JEN,deep
11418,05/17/2024 14:32:00,10.93,100,10.94,21344222,JEN,deep
11419,05/17/2024 15:02:00,10.9,100,10.92,21344222,JEN,deep
11420,05/17/2024 15:32:00,10.94,100,10.95,21344222,JEN,deep
11421,05/17/2024 16:02:00,10.9,100,10.92,21344222,JEN,deep
11422,05/17/2024 16:32:00,10.93,100,10.94,21344222,JEN,deep
11423,05/17/2024 17:02:00,10.9,100,10.92,21344222,JEN,deep
11424,05/17/2024 17:32:00,10.93,100,10.94,21344222,JEN,deep
11425,05/17/2024 18:02:00,10.93,100,10.94,21344222,JEN,deep
11426,05/17/2024 18:32:00,10.93,100,10.94,21344222,JEN,deep
11427,05/17/2024 19:02:00,10.93,100,10.94,21344222,JEN,deep
11428,05/17/2024 19:32:00,10.93,100,10.94,21344222,JEN,deep
11429,05/17/2024 20:02:00,10.92,100,10.93,21344222,JEN,deep
11430,05/17/2024 20:32:00,10.93,100,10.94,21344222,JEN,deep
11431,05/17/2024 21:02:00,10.94,100,10.95,21344222,JEN,deep
11432,05/17/2024 21:32:00,10.9,100,10.92,21344222,JEN,deep
11433,05/17/2024 22:02:00,10.92,100,10.93,21344222,JEN,deep
11434,05/17/2024 22:32:00,10.94,100,10.95,21344222,JEN,deep
11435,05/17/2024 23:02:00,10.89,100,10.91,21344222,JEN,deep
11436,05/17/2024 23:32:00,10.93,100,10.94,21344222,JEN,deep
11437,05/18/2024 00:02:00,10.95,100,10.96,21344222,JEN,deep
11438,05/18/2024 00:32:00,10.93,100,10.94,21344222,JEN,deep
11439,05/18/2024 01:02:00,10.93,100,10.94,21344222,JEN,deep
11440,05/18/2024 01:32:00,10.92,100,10.93,21344222,JEN,deep
11441,05/18/2024 02:02:00,10.92,100,10.93,21344222,JEN,deep
11442,05/18/2024 02:32:00,10.96,100,10.97,21344222,JEN,deep
11443,05/18/2024 03:02:00,10.9,100,10.92,21344222,JEN,deep
11444,05/18/2024 03:32:00,10.93,100,10.94,21344222,JEN,deep
11445,05/18/2024 04:02:00,10.96,100,10.97,21344222,JEN,deep
11446,05/18/2024 04:32:00,10.9,100,10.92,21344222,JEN,deep
11447,05/18/2024 05:02:00,10.9,100,10.92,21344222,JEN,deep
11448,05/18/2024 05:32:00,10.88,100,10.9,21344222,JEN,deep
11449,05/18/2024 06:02:00,10.95,100,10.96,21344222,JEN,deep
11450,05/18/2024 06:32:00,10.92,100,10.93,21344222,JEN,deep
11451,05/18/2024 07:02:00,10.9,100,10.92,21344222,JEN,deep
11452,05/18/2024 07:32:00,10.93,100,10.94,21344222,JEN,deep
11453,05/18/2024 08:02:00,10.93,100,10.94,21344222,JEN,deep
11454,05/18/2024 08:32:00,10.9,100,10.92,21344222,JEN,deep
11455,05/18/2024 09:02:00,10.93,100,10.94,21344222,JEN,deep
11456,05/18/2024 09:32:00,10.92,100,10.93,21344222,JEN,deep
11457,05/18/2024 10:02:00,10.92,100,10.93,21344222,JEN,deep
11458,05/18/2024 10:32:00,10.93,100,10.94,21344222,JEN,deep
11459,05/18/2024 11:02:00,10.93,100,10.94,21344222,JEN,deep
11460,05/18/2024 11:32:00,10.94,100,10.95,21344222,JEN,deep
11461,05/18/2024 12:02:00,10.92,100,10.93,21344222,JEN,deep
11462,05/18/2024 12:32:00,10.94,100,10.95,21344222,JEN,deep
11463,05/18/2024 13:02:00,10.93,100,10.94,21344222,JEN,deep
11464,05/18/2024 13:32:00,10.94,100,10.95,21344222,JEN,deep
11465,05/18/2024 14:02:00,10.93,100,10.94,21344222,JEN,deep
11466,05/18/2024 14:32:00,10.93,100,10.94,21344222,JEN,deep
11467,05/18/2024 15:02:00,10.96,100,10.97,21344222,JEN,deep
11468,05/18/2024 15:32:00,10.95,100,10.96,21344222,JEN,deep
11469,05/18/2024 16:02:00,10.94,100,10.95,21344222,JEN,deep
11470,05/18/2024 16:32:00,10.9,100,10.92,21344222,JEN,deep
11471,05/18/2024 17:02:00,10.93,100,10.94,21344222,JEN,deep
11472,05/18/2024 17:32:00,10.93,100,10.94,21344222,JEN,deep
11473,05/18/2024 18:02:00,10.89,100,10.91,21344222,JEN,deep
11474,05/18/2024 18:32:00,10.9,100,10.92,21344222,JEN,deep
11475,05/18/2024 19:02:00,10.92,100,10.93,21344222,JEN,deep
11476,05/18/2024 19:32:00,10.9,100,10.92,21344222,JEN,deep
11477,05/18/2024 20:02:00,10.93,100,10.94,21344222,JEN,deep
11478,05/18/2024 20:32:00,10.9,100,10.92,21344222,JEN,deep
11479,05/18/2024 21:02:00,10.93,100,10.94,21344222,JEN,deep
11480,05/18/2024 21:32:00,10.9,100,10.92,21344222,JEN,deep
11481,05/18/2024 22:02:00,10.93,100,10.94,21344222,JEN,deep
11482,05/18/2024 22:32:00,10.9,100,10.92,21344222,JEN,deep
11483,05/18/2024 23:02:00,10.89,100,10.91,21344222,JEN,deep
11484,05/18/2024 23:32:00,10.93,100,10.94,21344222,JEN,deep
11485,05/19/2024 00:02:00,10.92,100,10.93,21344222,JEN,deep
11486,05/19/2024 00:32:00,10.94,100,10.95,21344222,JEN,deep
11487,05/19/2024 01:02:00,10.9,100,10.92,21344222,JEN,deep
11488,05/19/2024 01:32:00,10.89,100,10.91,21344222,JEN,deep
11489,05/19/2024 02:02:00,10.93,100,10.94,21344222,JEN,deep
11490,05/19/2024 02:32:00,10.89,100,10.91,21344222,JEN,deep
11491,05/19/2024 03:02:00,10.92,100,10.93,21344222,JEN,deep
11492,05/19/2024 03:32:00,10.92,100,10.93,21344222,JEN,deep
11493,05/19/2024 04:02:00,10.95,100,10.96,21344222,JEN,deep
11494,05/19/2024 04:32:00,10.93,100,10.94,21344222,JEN,deep
11495,05/19/2024 05:02:00,10.92,100,10.93,21344222,JEN,deep
11496,05/19/2024 05:32:00,10.94,100,10.95,21344222,JEN,deep
11497,05/19/2024 06:02:00,10.93,100,10.94,21344222,JEN,deep
11498,05/19/2024 06:32:00,10.89,100,10.91,21344222,JEN,deep
11499,05/19/2024 07:02:00,10.89,100,10.91,21344222,JEN,deep
11500,05/19/2024 07:32:00,10.93,100,10.94,21344222,JEN,deep
11501,05/19/2024 08:02:00,10.94,100,10.95,21344222,JEN,deep
11502,05/19/2024 08:32:00,10.93,100,10.94,21344222,JEN,deep
11503,05/19/2024 09:02:00,10.9,100,10.92,21344222,JEN,deep
11504,05/19/2024 09:32:00,10.9,100,10.92,21344222,JEN,deep
11505,05/19/2024 10:02:00,10.9,100,10.92,21344222,JEN,deep
11506,05/19/2024 10:32:00,10.88,100,10.9,21344222,JEN,deep
11507,05/19/2024 11:02:00,10.89,100,10.91,21344222,JEN,deep
11508,05/19/2024 11:32:00,10.9,100,10.92,21344222,JEN,deep
11509,05/19/2024 12:02:00,10.9,100,10.92,21344222,JEN,deep
11510,05/19/2024 12:32:00,10.94,100,10.95,21344222,JEN,deep
11511,05/19/2024 13:02:00,10.93,100,10.94,21344222,JEN,deep
11512,05/19/2024 13:32:00,10.92,100,10.93,21344222,JEN,deep
11513,05/19/2024 14:02:00,10.9,100,10.92,21344222,JEN,deep
11514,05/19/2024 14:32:00,10.92,100,10.93,21344222,JEN,deep
11515,05/19/2024 15:02:00,10.93,100,10.94,21344222,JEN,deep
11516,05/19/2024 15:32:00,10.93,100,10.94,21344222,JEN,deep
11517,05/19/2024 16:02:00,10.9,100,10.92,21344222,JEN,deep
11518,05/19/2024 16:32:00,10.9,100,10.92,21344222,JEN,deep
11519,05/19/2024 17:02:00,10.9,100,10.92,21344222,JEN,deep
11520,05/19/2024 17:32:00,10.9,100,10.92,21344222,JEN,deep
11521,05/19/2024 18:02:00,10.89,100,10.91,21344222,JEN,deep
11522,05/19/2024 18:32:00,10.9,100,10.92,21344222,JEN,deep
11523,05/19/2024 19:02:00,10.94,100,10.95,21344222,JEN,deep
11524,05/19/2024 19:32:00,10.89,100,10.91,21344222,JEN,deep
11525,05/19/2024 20:02:00,10.89,100,10.91,21344222,JEN,deep
11526,05/19/2024 20:32:00,10.87,100,10.88,21344222,JEN,deep
11527,05/19/2024 21:02:00,10.9,100,10.92,21344222,JEN,deep
11528,05/19/2024 21:32:00,10.86,100,10.87,21344222,JEN,deep
11529,05/19/2024 22:02:00,10.9,100,10.92,21344222,JEN,deep
11530,05/19/2024 22:32:00,10.89,100,10.91,21344222,JEN,deep
11531,05/19/2024 23:02:00,10.89,100,10.91,21344222,JEN,deep
11532,05/19/2024 23:32:00,10.89,100,10.91,21344222,JEN,deep
11533,05/20/2024 00:02:00,10.89,100,10.91,21344222,JEN,deep
11534,05/20/2024 00:32:00,10.9,100,10.92,21344222,JEN,deep
11535,05/20/2024 01:02:00,10.9,100,10.92,21344222,JEN,deep
11536,05/20/2024 01:32:00,10.94,100,10.95,21344222,JEN,deep
11537,05/20/2024 02:02:00,10.89,100,10.91,21344222,JEN,deep
11538,05/20/2024 02:32:00,10.9,100,10.92,21344222,JEN,deep
11539,05/20/2024 03:02:00,10.92,100,10.93,21344222,JEN,deep
11540,05/20/2024 03:32:00,10.9,100,10.92,21344222,JEN,deep
11541,05/20/2024 04:02:00,10.9,100,10.92,21344222,JEN,deep
11542,05/20/2024 04:32:00,10.89,100,10.91,21344222,JEN,deep
11543,05/20/2024 05:02:00,10.9,100,10.92,21344222,JEN,deep
11544,05/20/2024 05:32:00,10.89,100,10.91,21344222,JEN,deep
11545,05/20/2024 06:02:00,10.93,100,10.94,21344222,JEN,deep
11546,05/20/2024 06:32:00,10.9,100,10.92,21344222,JEN,deep
11547,05/20/2024 07:02:00,10.9,100,10.92,21344222,JEN,deep
11548,05/20/2024 07:32:00,10.93,100,10.94,21344222,JEN,deep
11549,05/20/2024 08:02:00,10.93,100,10.94,21344222,JEN,deep
11550,05/20/2024 08:32:00,10.89,100,10.91,21344222,JEN,deep
11551,05/20/2024 09:02:00,10.93,100,10.94,21344222,JEN,deep
11552,05/20/2024 09:32:00,10.92,100,10.93,21344222,JEN,deep
11553,05/20/2024 10:02:00,10.92,100,10.93,21344222,JEN,deep
11554,05/20/2024 10:32:00,10.9,100,10.92,21344222,JEN,deep
11555,05/20/2024 11:02:00,10.88,100,10.9,21344222,JEN,deep
11556,05/20/2024 11:32:00,10.9,100,10.92,21344222,JEN,deep
11557,05/20/2024 12:02:00,10.9,100,10.92,21344222,JEN,deep
11558,05/20/2024 12:32:00,10.88,100,10.9,21344222,JEN,deep
11559,05/20/2024 13:02:00,10.9,100,10.92,21344222,JEN,deep
11560,05/20/2024 13:32:00,10.88,100,10.9,21344222,JEN,deep
11561,05/20/2024 14:02:00,10.89,100,10.91,21344222,JEN,deep
11562,05/20/2024 14:32:00,10.9,100,10.92,21344222,JEN,deep
11563,05/20/2024 15:02:00,10.89,100,10.91,21344222,JEN,deep
11564,05/20/2024 15:32:00,10.89,100,10.91,21344222,JEN,deep
11565,05/20/2024 16:02:00,10.9,100,10.92,21344222,JEN,deep
11566,05/20/2024 16:32:00,10.92,100,10.93,21344222,JEN,deep
11567,05/20/2024 17:02:00,10.89,100,10.91,21344222,JEN,deep
11568,05/20/2024 17:32:00,10.93,100,10.94,21344222,JEN,deep
11569,05/20/2024 18:02:00,10.89,100,10.91,21344222,JEN,deep
11570,05/20/2024 18:32:00,10.9,100,10.92,21344222,JEN,deep
11571,05/20/2024 19:02:00,10.88,100,10.9,21344222,JEN,deep
11572,05/20/2024 19:32:00,10.9,100,10.92,21344222,JEN,deep
11573,05/20/2024 20:02:00,10.89,100,10.91,21344222,JEN,deep
11574,05/20/2024 20:32:00,10.87,100,10.88,21344222,JEN,deep
11575,05/20/2024 21:02:00,10.9,100,10.92,21344222,JEN,deep
11576,05/20/2024 21:32:00,10.9,100,10.92,21344222,JEN,deep
11577,05/20/2024 22:02:00,10.89,100,10.91,21344222,JEN,deep
11578,05/20/2024 22:32:00,10.86,100,10.87,21344222,JEN,deep
11579,05/20/2024 23:02:00,10.9,100,10.92,21344222,JEN,deep
11580,05/20/2024 23:32:00,10.89,100,10.91,21344222,JEN,deep
11581,05/21/2024 00:02:00,10.94,100,10.95,21344222,JEN,deep
11582,05/21/2024 00:32:00,10.88,100,10.9,21344222,JEN,deep
11583,05/21/2024 01:02:00,10.93,100,10.94,21344222,JEN,deep
11584,05/21/2024 01:32:00,10.89,100,10.91,21344222,JEN,deep
11585,05/21/2024 02:02:00,10.9,100,10.92,21344222,JEN,deep
11586,05/21/2024 02:32:00,10.86,100,10.87,21344222,JEN,deep
11587,05/21/2024 03:02:00,10.88,100,10.9,21344222,JEN,deep
11588,05/21/2024 03:32:00,10.92,100,10.93,21344222,JEN,deep
11589,05/21/2024 04:02:00,10.9,100,10.92,21344222,JEN,deep
11590,05/21/2024 04:32:00,10.93,100,10.94,21344222,JEN,deep
11591,05/21/2024 05:02:00,10.9,100,10.92,21344222,JEN,deep
11592,05/21/2024 05:32:00,10.88,100,10.9,21344222,JEN,deep
11593,05/21/2024 06:02:00,10.9,100,10.92,21344222,JEN,deep
11594,05/21/2024 06:32:00,10.9,100,10.92,21344222,JEN,deep
11595,05/21/2024 07:02:00,10.9,100,10.92,21344222,JEN,deep
11596,05/21/2024 07:32:00,10.89,100,10.91,21344222,JEN,deep
11597,05/21/2024 08:02:00,10.94,100,10.95,21344222,JEN,deep
11598,05/21/2024 08:32:00,10.89,100,10.91,21344222,JEN,deep
11599,05/21/2024 09:02:00,10.9,100,10.92,21344222,JEN,deep
11600,05/21/2024 09:32:00,10.87,100,10.88,21344222,JEN,deep
11601,05/21/2024 10:02:00,10.87,100,10.88,21344222,JEN,deep
11602,05/21/2024 10:32:00,10.9,100,10.92,21344222,JEN,deep
11603,05/21/2024 11:02:00,10.93,100,10.94,21344222,JEN,deep
11604,05/21/2024 11:32:00,10.89,100,10.91,21344222,JEN,deep
11605,05/21/2024 12:02:00,10.89,100,10.91,21344222,JEN,deep
11606,05/21/2024 12:32:00,10.9,100,10.92,21344222,JEN,deep
11607,05/21/2024 13:02:00,10.88,100,10.9,21344222,JEN,deep
11608,05/21/2024 13:32:00,10.9,100,10.92,21344222,JEN,deep
11609,05/21/2024 14:02:00,10.93,100,10.94,21344222,JEN,deep
11610,05/21/2024 14:32:00,10.9,100,10.92,21344222,JEN,deep
11611,05/21/2024 15:02:00,10.88,100,10.9,21344222,JEN,deep
11612,05/21/2024 15:32:00,10.92,100,10.93,21344222,JEN,deep
11613,05/21/2024 16:02:00,10.9,100,10.92,21344222,JEN,deep
11614,05/21/2024 16:32:00,10.89,100,10.91,21344222,JEN,deep
11615,05/21/2024 17:02:00,10.9,100,10.92,21344222,JEN,deep
11616,05/21/2024 17:32:00,10.9,100,10.92,21344222,JEN,deep
11617,05/21/2024 18:02:00,10.89,100,10.91,21344222,JEN,deep
11618,05/21/2024 18:32:00,10.87,100,10.88,21344222,JEN,deep
11619,05/21/2024 19:02:00,10.87,100,10.88,21344222,JEN,deep
11620,05/21/2024 19:32:00,10.86,100,10.87,21344222,JEN,deep
11621,05/21/2024 20:02:00,10.88,100,10.9,21344222,JEN,deep
11622,05/21/2024 20:32:00,10.89,100,10.91,21344222,JEN,deep
11623,05/21/2024 21:02:00,10.89,100,10.91,21344222,JEN,deep
11624,05/21/2024 21:32:00,10.87,100,10.88,21344222,JEN,deep
11625,05/21/2024 22:02:00,10.9,100,10.92,21344222,JEN,deep
11626,05/21/2024 22:32:00,10.88,100,10.9,21344222,JEN,deep
11627,05/21/2024 23:02:00,10.9,100,10.92,21344222,JEN,deep
11628,05/21/2024 23:32:00,10.89,100,10.91,21344222,JEN,deep
11629,05/22/2024 00:02:00,10.9,100,10.92,21344222,JEN,deep
11630,05/22/2024 00:32:00,10.89,100,10.91,21344222,JEN,deep
11631,05/22/2024 01:02:00,10.89,100,10.91,21344222,JEN,deep
11632,05/22/2024 01:32:00,10.94,100,10.95,21344222,JEN,deep
11633,05/22/2024 02:02:00,10.92,100,10.93,21344222,JEN,deep
11634,05/22/2024 02:32:00,10.92,100,10.93,21344222,JEN,deep
11635,05/22/2024 03:02:00,10.9,100,10.92,21344222,JEN,deep
11636,05/22/2024 03:32:00,10.9,100,10.92,21344222,JEN,deep
11637,05/22/2024 04:02:00,10.93,100,10.94,21344222,JEN,deep
11638,05/22/2024 04:32:00,10.88,100,10.9,21344222,JEN,deep
11639,05/22/2024 05:02:00,10.9,100,10.92,21344222,JEN,deep
11640,05/22/2024 05:32:00,10.93,100,10.94,21344222,JEN,deep
11641,05/22/2024 06:02:00,10.92,100,10.93,21344222,JEN,deep
11642,05/22/2024 06:32:00,10.92,100,10.93,21344222,JEN,deep
11643,05/22/2024 07:02:00,10.93,100,10.94,21344222,JEN,deep
11644,05/22/2024 07:32:00,10.86,100,10.87,21344222,JEN,deep
11645,05/22/2024 08:02:00,10.86,100,10.87,21344222,JEN,deep
11646,05/22/2024 08:32:00,10.92,100,10.93,21344222,JEN,deep
11647,05/22/2024 09:02:00,10.89,100,10.91,21344222,JEN,deep
11648,05/22/2024 09:32:00,10.89,100,10.91,21344222,JEN,deep
11649,05/22/2024 10:02:00,10.92,100,10.93,21344222,JEN,deep
11650,05/22/2024 10:32:00,10.89,100,10.91,21344222,JEN,deep
11651,05/22/2024 11:02:00,10.89,100,10.91,21344222,JEN,deep
11652,05/22/2024 11:32:00,10.9,100,10.92,21344222,JEN,deep
11653,05/22/2024 12:02:00,10.9,100,10.92,21344222,JEN,deep
11654,05/22/2024 12:32:00,10.88,100,10.9,21344222,JEN,deep
11655,05/22/2024 13:02:00,10.9,100,10.92,21344222,JEN,deep
11656,05/22/2024 13:32:00,10.9,100,10.92,21344222,JEN,deep
11657,05/22/2024 14:02:00,10.9,100,10.92,21344222,JEN,deep
11658,05/22/2024 14:32:00,10.89,100,10.91,21344222,JEN,deep
11659,05/22/2024 15:02:00,10.89,100,10.91,21344222,JEN,deep
11660,05/22/2024 15:32:00,10.88,100,10.9,21344222,JEN,deep
11661,05/22/2024 16:02:00,10.88,100,10.9,21344222,JEN,deep
11662,05/22/2024 16:32:00,10.9,100,10.92,21344222,JEN,deep
11663,05/22/2024 17:02:00,10.9,100,10.92,21344222,JEN,deep
11664,05/22/2024 17:32:00,10.88,100,10.9,21344222,JEN,deep
11665,05/22/2024 18:02:00,10.9,100,10.92,21344222,JEN,deep
11666,05/22/2024 18:32:00,10.89,100,10.91,21344222,JEN,deep
11667,05/22/2024 19:02:00,10.89,100,10.91,21344222,JEN,deep
11668,05/22/2024 19:32:00,10.9,100,10.92,21344222,JEN,deep
11669,05/22/2024 20:02:00,10.88,100,10.9,21344222,JEN,deep
11670,05/22/2024 20:32:00,10.88,100,10.9,21344222,JEN,deep
11671,05/22/2024 21:02:00,10.86,100,10.87,21344222,JEN,deep
11672,05/22/2024 21:32:00,10.88,100,10.9,21344222,JEN,deep
11673,05/22/2024 22:02:00,10.89,100,10.91,21344222,JEN,deep
11674,05/22/2024 22:32:00,10.86,100,10.87,21344222,JEN,deep
11675,05/22/2024 23:02:00,10.89,100,10.91,21344222,JEN,deep
11676,05/22/2024 23:32:00,10.9,100,10.92,21344222,JEN,deep
11677,05/23/2024 00:02:00,10.88,100,10.9,21344222,JEN,deep
11678,05/23/2024 00:32:00,10.87,100,10.88,21344222,JEN,deep
11679,05/23/2024 01:02:00,10.9,100,10.92,21344222,JEN,deep
11680,05/23/2024 01:32:00,10.9,100,10.92,21344222,JEN,deep
11681,05/23/2024 02:02:00,10.9,100,10.92,21344222,JEN,deep
11682,05/23/2024 02:32:00,10.93,100,10.94,21344222,JEN,deep
11683,05/23/2024 03:02:00,10.89,100,10.91,21344222,JEN,deep
11684,05/23/2024 03:32:00,10.89,100,10.91,21344222,JEN,deep
11685,05/23/2024 04:02:00,10.89,100,10.91,21344222,JEN,deep
11686,05/23/2024 04:32:00,10.9,100,10.92,21344222,JEN,deep
11687,05/23/2024 05:02:00,10.89,100,10.91,21344222,JEN,deep
11688,05/23/2024 05:32:00,10.92,100,10.93,21344222,JEN,deep
11689,05/23/2024 06:02:00,10.9,100,10.92,21344222,JEN,deep
11690,05/23/2024 06:32:00,10.93,100,10.94,21344222,JEN,deep
11691,05/23/2024 07:02:00,10.94,100,10.95,21344222,JEN,deep
11692,05/23/2024 07:32:00,10.88,100,10.9,21344222,JEN,deep
11693,05/23/2024 08:02:00,10.9,100,10.92,21344222,JEN,deep
11694,05/23/2024 08:32:00,10.9,100,10.92,21344222,JEN,deep
11695,05/23/2024 09:02:00,10.9,100,10.92,21344222,JEN,deep
11696,05/23/2024 09:32:00,10.89,100,10.91,21344222,JEN,deep
11697,05/23/2024 10:02:00,10.89,100,10.91,21344222,JEN,deep
11698,05/23/2024 10:32:00,10.87,100,10.88,21344222,JEN,deep
11699,05/23/2024 11:02:00,10.9,100,10.92,21344222,JEN,deep
11700,05/23/2024 11:32:00,10.9,100,10.92,21344222,JEN,deep
11701,05/23/2024 12:02:00,10.89,100,10.91,21344222,JEN,deep
11702,05/23/2024 12:32:00,10.94,100,10.95,21344222,JEN,deep
11703,05/23/2024 13:02:00,10.88,100,10.9,21344222,JEN,deep
11704,05/23/2024 13:32:00,10.9,100,10.92,21344222,JEN,deep
11705,05/23/2024 14:02:00,10.87,100,10.88,21344222,JEN,deep
11706,05/23/2024 14:32:00,10.89,100,10.91,21344222,JEN,deep
11707,05/23/2024 15:02:00,10.89,100,10.91,21344222,JEN,deep
11708,05/23/2024 15:32:00,10.88,100,10.9,21344222,JEN,deep
11709,05/23/2024 16:02:00,10.9,100,10.92,21344222,JEN,deep
11710,05/23/2024 16:32:00,10.89,100,10.91,21344222,JEN,deep
11711,05/23/2024 17:02:00,10.89,100,10.91,21344222,JEN,deep
11712,05/23/2024 17:32:00,10.9,100,10.92,21344222,JEN,deep
11713,05/23/2024 18:02:00,10.88,100,10.9,21344222,JEN,deep
11714,05/23/2024 18:32:00,10.87,100,10.88,21344222,JEN,deep
11715,05/23/2024 19:02:00,10.85,100,10.86,21344222,JEN,deep
11716,05/23/2024 19:32:00,10.9,100,10.92,21344222,JEN,deep
11717,05/23/2024 20:02:00,10.87,100,10.88,21344222,JEN,deep
11718,05/23/2024 20:32:00,10.9,100,10.92,21344222,JEN,deep
11719,05/23/2024 21:02:00,10.87,100,10.88,21344222,JEN,deep
11720,05/23/2024 21:32:00,10.86,100,10.87,21344222,JEN,deep
11721,05/23/2024 22:02:00,10.88,100,10.9,21344222,JEN,deep
11722,05/23/2024 22:32:00,10.88,100,10.9,21344222,JEN,deep
11723,05/23/2024 23:02:00,10.87,100,10.88,21344222,JEN,deep
11724,05/23/2024 23:32:00,10.87,100,10.88,21344222,JEN,deep
11725,05/24/2024 00:02:00,10.86,100,10.87,21344222,JEN,deep
11726,05/24/2024 00:32:00,10.89,100,10.91,21344222,JEN,deep
11727,05/24/2024 01:02:00,10.89,100,10.91,21344222,JEN,deep
11728,05/24/2024 01:32:00,10.9,100,10.92,21344222,JEN,deep
11729,05/24/2024 02:02:00,10.9,100,10.92,21344222,JEN,deep
11730,05/24/2024 02:32:00,10.87,100,10.88,21344222,JEN,deep
11731,05/24/2024 03:02:00,10.9,100,10.92,21344222,JEN,deep
11732,05/24/2024 03:32:00,10.9,100,10.92,21344222,JEN,deep
11733,05/24/2024 04:02:00,10.94,100,10.95,21344222,JEN,deep
11734,05/24/2024 04:32:00,10.87,100,10.88,21344222,JEN,deep
11735,05/24/2024 05:02:00,10.92,100,10.93,21344222,JEN,deep
11736,05/24/2024 05:32:00,10.92,100,10.93,21344222,JEN,deep
11737,05/24/2024 06:02:00,10.9,100,10.92,21344222,JEN,deep
11738,05/24/2024 06:32:00,10.88,100,10.9,21344222,JEN,deep
11739,05/24/2024 07:02:00,10.87,100,10.88,21344222,JEN,deep
11740,05/24/2024 07:32:00,10.9,100,10.92,21344222,JEN,deep
11741,05/24/2024 08:02:00,10.93,100,10.94,21344222,JEN,deep
11742,05/24/2024 08:32:00,10.88,100,10.9,21344222,JEN,deep
11743,05/24/2024 09:02:00,10.9,100,10.92,21344222,JEN,deep
11744,05/24/2024 09:32:00,10.9,100,10.92,21344222,JEN,deep
11745,05/24/2024 10:02:00,10.93,100,10.94,21344222,JEN,deep
11746,05/24/2024 10:32:00,10.89,100,10.91,21344222,JEN,deep
11747,05/24/2024 11:02:00,10.93,100,10.94,21344222,JEN,deep
11748,05/24/2024 11:32:00,10.92,100,10.93,21344222,JEN,deep
11749,05/24/2024 12:02:00,10.88,100,10.9,21344222,JEN,deep
11750,05/24/2024 12:32:00,10.92,100,10.93,21344222,JEN,deep
11751,05/24/2024 13:02:00,10.93,100,10.94,21344222,JEN,deep
11752,05/24/2024 13:32:00,10.89,100,10.91,21344222,JEN,deep
11753,05/24/2024 14:02:00,10.89,100,10.91,21344222,JEN,deep
11754,05/24/2024 14:32:00,10.9,100,10.92,21344222,JEN,deep
11755,05/24/2024 15:02:00,10.87,100,10.88,21344222,JEN,deep
11756,05/24/2024 15:32:00,10.88,100,10.9,21344222,JEN,deep
11757,05/24/2024 16:02:00,10.88,100,10.9,21344222,JEN,deep
11758,05/24/2024 16:32:00,10.9,100,10.92,21344222,JEN,deep
11759,05/24/2024 17:02:00,10.89,100,10.91,21344222,JEN,deep
11760,05/24/2024 17:32:00,10.87,100,10.88,21344222,JEN,deep
11761,05/24/2024 18:02:00,10.9,100,10.92,21344222,JEN,deep
11762,05/24/2024 18:32:00,10.88,100,10.9,21344222,JEN,deep
11763,05/24/2024 19:02:00,10.9,100,10.92,21344222,JEN,deep
11764,05/24/2024 19:32:00,10.88,100,10.9,21344222,JEN,deep
11765,05/24/2024 20:02:00,10.89,100,10.91,21344222,JEN,deep
11766,05/24/2024 20:32:00,10.93,100,10.94,21344222,JEN,deep
11767,05/24/2024 21:02:00,10.92,100,10.93,21344222,JEN,deep
11768,05/24/2024 21:32:00,10.92,100,10.93,21344222,JEN,deep
11769,05/24/2024 22:02:00,10.89,100,10.91,21344222,JEN,deep
11770,05/24/2024 22:32:00,10.88,100,10.9,21344222,JEN,deep
11771,05/24/2024 23:02:00,10.88,100,10.9,21344222,JEN,deep
11772,05/24/2024 23:32:00,10.88,100,10.9,21344222,JEN,deep
11773,05/25/2024 00:02:00,10.89,100,10.91,21344222,JEN,deep
11774,05/25/2024 00:32:00,10.93,100,10.94,21344222,JEN,deep
11775,05/25/2024 01:02:00,10.89,100,10.91,21344222,JEN,deep
11776,05/25/2024 01:32:00,10.9,100,10.92,21344222,JEN,deep
11777,05/25/2024 02:02:00,10.9,100,10.92,21344222,JEN,deep
11778,05/25/2024 02:32:00,10.87,100,10.88,21344222,JEN,deep
11779,05/25/2024 03:02:00,10.93,100,10.94,21344222,JEN,deep
11780,05/25/2024 03:32:00,10.92,100,10.93,21344222,JEN,deep
11781,05/25/2024 04:02:00,10.9,100,10.92,21344222,JEN,deep
11782,05/25/2024 04:32:00,10.88,100,10.9,21344222,JEN,deep
11783,05/25/2024 05:02:00,10.93,100,10.94,21344222,JEN,deep
11784,05/25/2024 05:32:00,10.94,100,10.95,21344222,JEN,deep
11785,05/25/2024 06:02:00,10.92,100,10.93,21344222,JEN,deep
11786,05/25/2024 06:32:00,10.89,100,10.91,21344222,JEN,deep
11787,05/25/2024 07:02:00,10.92,100,10.93,21344222,JEN,deep
11788,05/25/2024 07:32:00,10.93,100,10.94,21344222,JEN,deep
11789,05/25/2024 08:02:00,10.92,100,10.93,21344222,JEN,deep
11790,05/25/2024 08:32:00,10.89,100,10.91,21344222,JEN,deep
11791,05/25/2024 09:02:00,10.93,100,10.94,21344222,JEN,deep
11792,05/25/2024 09:32:00,10.89,100,10.91,21344222,JEN,deep
11793,05/25/2024 10:02:00,10.92,100,10.93,21344222,JEN,deep
11794,05/25/2024 10:32:00,10.9,100,10.92,21344222,JEN,deep
11795,05/25/2024 11:02:00,10.92,100,10.93,21344222,JEN,deep
11796,05/25/2024 11:32:00,10.9,100,10.92,21344222,JEN,deep
11797,05/25/2024 12:02:00,10.9,100,10.92,21344222,JEN,deep
11798,05/25/2024 12:32:00,10.89,100,10.91,21344222,JEN,deep
11799,05/25/2024 13:02:00,10.93,100,10.94,21344222,JEN,deep
11800,05/25/2024 13:32:00,10.89,100,10.91,21344222,JEN,deep
11801,05/25/2024 14:02:00,10.93,100,10.94,21344222,JEN,deep
11802,05/25/2024 14:32:00,10.9,100,10.92,21344222,JEN,deep
11803,05/25/2024 15:02:00,10.92,100,10.93,21344222,JEN,deep
11804,05/25/2024 15:32:00,10.88,100,10.9,21344222,JEN,deep
11805,05/25/2024 16:02:00,10.9,100,10.92,21344222,JEN,deep
11806,05/25/2024 16:32:00,10.89,100,10.91,21344222,JEN,deep
11807,05/25/2024 17:02:00,10.93,100,10.94,21344222,JEN,deep
11808,05/25/2024 17:32:00,10.9,100,10.92,21344222,JEN,deep
11809,05/25/2024 18:02:00,10.9,100,10.92,21344222,JEN,deep
11810,05/25/2024 18:32:00,10.89,100,10.91,21344222,JEN,deep
11811,05/25/2024 19:02:00,10.86,100,10.87,21344222,JEN,deep
11812,05/25/2024 19:32:00,10.89,100,10.91,21344222,JEN,deep
11813,05/25/2024 20:02:00,10.87,100,10.88,21344222,JEN,deep
11814,05/25/2024 20:32:00,10.89,100,10.91,21344222,JEN,deep
11815,05/25/2024 21:02:00,10.87,100,10.88,21344222,JEN,deep
11816,05/25/2024 21:32:00,10.9,100,10.92,21344222,JEN,deep
11817,05/25/2024 22:02:00,10.9,100,10.92,21344222,JEN,deep
11818,05/25/2024 22:32:00,10.9,100,10.92,21344222,JEN,deep
11819,05/25/2024 23:02:00,10.89,100,10.91,21344222,JEN,deep
11820,05/25/2024 23:32:00,10.87,100,10.88,21344222,JEN,deep
11821,05/26/2024 00:02:00,10.9,100,10.92,21344222,JEN,deep
11822,05/26/2024 00:32:00,10.89,100,10.91,21344222,JEN,deep
11823,05/26/2024 01:02:00,10.92,100,10.93,21344222,JEN,deep
11824,05/26/2024 01:32:00,10.93,100,10.94,21344222,JEN,deep
11825,05/26/2024 02:02:00,10.9,100,10.92,21344222,JEN,deep
11826,05/26/2024 02:32:00,10.89,100,10.91,21344222,JEN,deep
11827,05/26/2024 03:02:00,10.92,100,10.93,21344222,JEN,deep
11828,05/26/2024 03:32:00,10.93,100,10.94,21344222,JEN,deep
11829,05/26/2024 04:02:00,10.88,100,10.9,21344222,JEN,deep
11830,05/26/2024 04:32:00,10.89,100,10.91,21344222,JEN,deep
11831,05/26/2024 05:02:00,10.93,100,10.94,21344222,JEN,deep
11832,05/26/2024 05:32:00,10.9,100,10.92,21344222,JEN,deep
11833,05/26/2024 06:02:00,10.93,100,10.94,21344222,JEN,deep
11834,05/26/2024 06:32:00,10.88,100,10.9,21344222,JEN,deep
11835,05/26/2024 07:02:00,10.9,100,10.92,21344222,JEN,deep
11836,05/26/2024 07:32:00,10.92,100,10.93,21344222,JEN,deep
11837,05/26/2024 08:02:00,10.9,100,10.92,21344222,JEN,deep
11838,05/26/2024 08:32:00,10.9,100,10.92,21344222,JEN,deep
11839,05/26/2024 09:02:00,10.9,100,10.92,21344222,JEN,deep
11840,05/26/2024 09:32:00,10.94,100,10.95,21344222,JEN,deep
11841,05/26/2024 10:02:00,10.93,100,10.94,21344222,JEN,deep
11842,05/26/2024 10:32:00,10.93,100,10.94,21344222,JEN,deep
11843,05/26/2024 11:02:00,10.93,100,10.94,21344222,JEN,deep
11844,05/26/2024 11:32:00,10.92,100,10.93,21344222,JEN,deep
11845,05/26/2024 12:02:00,10.9,100,10.92,21344222,JEN,deep
11846,05/26/2024 12:32:00,10.89,100,10.91,21344222,JEN,deep
11847,05/26/2024 13:02:00,10.9,100,10.92,21344222,JEN,deep
11848,05/26/2024 13:32:00,10.86,100,10.87,21344222,JEN,deep
11849,05/26/2024 14:02:00,10.9,100,10.92,21344222,JEN,deep
11850,05/26/2024 14:32:00,10.88,100,10.9,21344222,JEN,deep
11851,05/26/2024 15:02:00,10.88,100,10.9,21344222,JEN,deep
11852,05/26/2024 15:32:00,10.88,100,10.9,21344222,JEN,deep
11853,05/26/2024 16:02:00,10.9,100,10.92,21344222,JEN,deep
11854,05/26/2024 16:32:00,10.92,100,10.93,21344222,JEN,deep
11855,05/26/2024 17:02:00,10.9,100,10.92,21344222,JEN,deep
11856,05/26/2024 17:32:00,10.88,100,10.9,21344222,JEN,deep
11857,05/26/2024 18:02:00,10.93,100,10.94,21344222,JEN,deep
11858,05/26/2024 18:32:00,10.89,100,10.91,21344222,JEN,deep
11859,05/26/2024 19:02:00,10.88,100,10.9,21344222,JEN,deep
11860,05/26/2024 19:32:00,10.9,100,10.92,21344222,JEN,deep
11861,05/26/2024 20:02:00,10.86,100,10.87,21344222,JEN,deep
11862,05/26/2024 20:32:00,10.87,100,10.88,21344222,JEN,deep
11863,05/26/2024 21:02:00,10.88,100,10.9,21344222,JEN,deep
11864,05/26/2024 21:32:00,10.88,100,10.9,21344222,JEN,deep
11865,05/26/2024 22:02:00,10.86,100,10.87,21344222,JEN,deep
11866,05/26/2024 22:32:00,10.87,100,10.88,21344222,JEN,deep
11867,05/26/2024 23:02:00,10.89,100,10.91,21344222,JEN,deep
11868,05/26/2024 23:32:00,10.87,100,10.88,21344222,JEN,deep
11869,05/27/2024 00:02:00,10.89,100,10.91,21344222,JEN,deep
11870,05/27/2024 00:32:00,10.9,100,10.92,21344222,JEN,deep
11871,05/27/2024 01:02:00,10.89,100,10.91,21344222,JEN,deep
11872,05/27/2024 01:32:00,10.87,100,10.88,21344222,JEN,deep
11873,05/27/2024 02:02:00,10.87,100,10.88,21344222,JEN,deep
11874,05/27/2024 02:32:00,10.93,100,10.94,21344222,JEN,deep
11875,05/27/2024 03:02:00,10.94,100,10.95,21344222,JEN,deep
11876,05/27/2024 03:32:00,10.93,100,10.94,21344222,JEN,deep
11877,05/27/2024 04:02:00,10.93,100,10.94,21344222,JEN,deep
11878,05/27/2024 04:32:00,10.93,100,10.94,21344222,JEN,deep
11879,05/27/2024 05:02:00,10.9,100,10.92,21344222,JEN,deep
11880,05/27/2024 05:32:00,10.9,100,10.92,21344222,JEN,deep
11881,05/27/2024 06:02:00,10.93,100,10.94,21344222,JEN,deep
11882,05/27/2024 06:32:00,10.89,100,10.91,21344222,JEN,deep
11883,05/27/2024 07:02:00,10.9,100,10.92,21344222,JEN,deep
11884,05/27/2024 07:32:00,10.9,100,10.92,21344222,JEN,deep
11885,05/27/2024 08:02:00,10.94,100,10.95,21344222,JEN,deep
11886,05/27/2024 08:32:00,10.92,100,10.93,21344222,JEN,deep
11887,05/27/2024 09:02:00,10.93,100,10.94,21344222,JEN,deep
11888,05/27/2024 09:32:00,10.88,100,10.9,21344222,JEN,deep
11889,05/27/2024 10:02:00,10.93,100,10.94,21344222,JEN,deep
11890,05/27/2024 10:32:00,10.92,100,10.93,21344222,JEN,deep
11891,05/27/2024 11:02:00,10.9,100,10.92,21344222,JEN,deep
11892,05/27/2024 11:32:00,10.9,100,10.92,21344222,JEN,deep
11893,05/27/2024 12:02:00,10.89,100,10.91,21344222,JEN,deep
11894,05/27/2024 12:32:00,10.9,100,10.92,21344222,JEN,deep
11895,05/27/2024 13:02:00,10.88,100,10.9,21344222,JEN,deep
11896,05/27/2024 13:32:00,10.9,100,10.92,21344222,JEN,deep
11897,05/27/2024 14:02:00,10.9,100,10.92,21344222,JEN,deep
11898,05/27/2024 14:32:00,10.88,100,10.9,21344222,JEN,deep
11899,05/27/2024 15:02:00,10.88,100,10.9,21344222,JEN,deep
11900,05/27/2024 15:32:00,10.92,100,10.93,21344222,JEN,deep
11901,05/27/2024 16:02:00,10.9,100,10.92,21344222,JEN,deep
11902,05/27/2024 16:32:00,10.89,100,10.91,21344222,JEN,deep
11903,05/27/2024 17:02:00,10.89,100,10.91,21344222,JEN,deep
11904,05/27/2024 17:32:00,10.89,100,10.91,21344222,JEN,deep
11905,05/27/2024 18:02:00,10.9,100,10.92,21344222,JEN,deep
11906,05/27/2024 18:32:00,10.86,100,10.87,21344222,JEN,deep
11907,05/27/2024 19:02:00,10.88,100,10.9,21344222,JEN,deep
11908,05/27/2024 19:32:00,10.87,100,10.88,21344222,JEN,deep
11909,05/27/2024 20:02:00,10.88,100,10.9,21344222,JEN,deep
11910,05/27/2024 20:32:00,10.86,100,10.87,21344222,JEN,deep
11911,05/27/2024 21:02:00,10.86,100,10.87,21344222,JEN,deep
11912,05/27/2024 21:32:00,10.86,100,10.87,21344222,JEN,deep
11913,05/27/2024 22:02:00,10.88,100,10.9,21344222,JEN,deep
11914,05/27/2024 22:32:00,10.89,100,10.91,21344222,JEN,deep
11915,05/27/2024 23:02:00,10.88,100,10.9,21344222,JEN,deep
11916,05/27/2024 23:32:00,10.88,100,10.9,21344222,JEN,deep
11917,05/28/2024 00:02:00,10.85,100,10.86,21344222,JEN,deep
11918,05/28/2024 00:32:00,10.89,100,10.91,21344222,JEN,deep
11919,05/28/2024 01:02:00,10.88,100,10.9,21344222,JEN,deep
11920,05/28/2024 01:32:00,10.89,100,10.91,21344222,JEN,deep
11921,05/28/2024 02:02:00,10.9,100,10.92,21344222,JEN,deep
11922,05/28/2024 02:32:00,10.93,100,10.94,21344222,JEN,deep
11923,05/28/2024 03:02:00,10.9,100,10.92,21344222,JEN,deep
11924,05/28/2024 03:32:00,10.9,100,10.92,21344222,JEN,deep
11925,05/28/2024 04:02:00,10.88,100,10.9,21344222,JEN,deep
11926,05/28/2024 04:32:00,10.93,100,10.94,21344222,JEN,deep
11927,05/28/2024 05:02:00,10.93,100,10.94,21344222,JEN,deep
11928,05/28/2024 05:32:00,10.93,100,10.94,21344222,JEN,deep
11929,05/28/2024 06:02:00,10.9,100,10.92,21344222,JEN,deep
11930,05/28/2024 06:32:00,10.9,100,10.92,21344222,JEN,deep
11931,05/28/2024 07:02:00,10.9,100,10.92,21344222,JEN,deep
11932,05/28/2024 07:32:00,10.93,100,10.94,21344222,JEN,deep
11933,05/28/2024 08:02:00,10.89,100,10.91,21344222,JEN,deep
11934,05/28/2024 08:32:00,10.9,100,10.92,21344222,JEN,deep
11935,05/28/2024 09:02:00,10.89,100,10.91,21344222,JEN,deep
11936,05/28/2024 09:32:00,10.89,100,10.91,21344222,JEN,deep
11937,05/28/2024 10:02:00,10.93,100,10.94,21344222,JEN,deep
11938,05/28/2024 10:32:00,10.95,100,10.96,21344222,JEN,deep
11939,05/28/2024 11:02:00,10.9,100,10.92,21344222,JEN,deep
11940,05/28/2024 11:32:00,10.9,100,10.92,21344222,JEN,deep
11941,05/28/2024 12:02:00,10.9,100,10.92,21344222,JEN,deep
11942,05/28/2024 12:32:00,10.93,100,10.94,21344222,JEN,deep
11943,05/28/2024 13:02:00,10.89,100,10.91,21344222,JEN,deep
11944,05/28/2024 13:32:00,10.89,100,10.91,21344222,JEN,deep
11945,05/28/2024 14:02:00,10.88,100,10.9,21344222,JEN,deep
11946,05/28/2024 14:32:00,10.88,100,10.9,21344222,JEN,deep
11947,05/28/2024 15:02:00,10.89,100,10.91,21344222,JEN,deep
11948,05/28/2024 15:32:00,10.87,100,10.88,21344222,JEN,deep
11949,05/28/2024 16:02:00,10.89,100,10.91,21344222,JEN,deep
11950,05/28/2024 16:32:00,10.9,100,10.92,21344222,JEN,deep
11951,05/28/2024 17:02:00,10.87,100,10.88,21344222,JEN,deep
11952,05/28/2024 17:32:00,10.88,100,10.9,21344222,JEN,deep
11953,05/28/2024 18:02:00,10.87,100,10.88,21344222,JEN,deep
11954,05/28/2024 18:32:00,10.87,100,10.88,21344222,JEN,deep
11955,05/28/2024 19:02:00,10.86,100,10.87,21344222,JEN,deep
11956,05/28/2024 19:32:00,10.86,100,10.87,21344222,JEN,deep
11957,05/28/2024 20:02:00,10.86,100,10.87,21344222,JEN,deep
11958,05/28/2024 20:32:00,10.87,100,10.88,21344222,JEN,deep
11959,05/28/2024 21:02:00,10.88,100,10.9,21344222,JEN,deep
11960,05/28/2024 21:32:00,10.86,100,10.87,21344222,JEN,deep
11961,05/28/2024 22:02:00,10.88,100,10.9,21344222,JEN,deep
11962,05/28/2024 22:32:00,10.89,100,10.91,21344222,JEN,deep
11963,05/28/2024 23:02:00,10.87,100,10.88,21344222,JEN,deep
11964,05/28/2024 23:32:00,10.88,100,10.9,21344222,JEN,deep
11965,05/29/2024 00:02:00,10.88,100,10.9,21344222,JEN,deep
11966,05/29/2024 00:32:00,10.89,100,10.91,21344222,JEN,deep
11967,05/29/2024 01:02:00,10.89,100,10.91,21344222,JEN,deep
11968,05/29/2024 01:32:00,10.9,100,10.92,21344222,JEN,deep
11969,05/29/2024 02:02:00,10.9,100,10.92,21344222,JEN,deep
11970,05/29/2024 02:32:00,10.89,100,10.91,21344222,JEN,deep
11971,05/29/2024 03:02:00,10.9,100,10.92,21344222,JEN,deep
11972,05/29/2024 03:32:00,10.92,100,10.93,21344222,JEN,deep
11973,05/29/2024 04:02:00,10.92,100,10.93,21344222,JEN,deep
11974,05/29/2024 04:32:00,10.93,100,10.94,21344222,JEN,deep
11975,05/29/2024 05:02:00,10.93,100,10.94,21344222,JEN,deep
11976,05/29/2024 05:32:00,10.9,100,10.92,21344222,JEN,deep
11977,05/29/2024 06:02:00,10.94,100,10.95,21344222,JEN,deep
11978,05/29/2024 06:32:00,10.93,100,10.94,21344222,JEN,deep
11979,05/29/2024 07:02:00,10.93,100,10.94,21344222,JEN,deep
11980,05/29/2024 07:32:00,10.9,100,10.92,21344222,JEN,deep
11981,05/29/2024 08:02:00,10.88,100,10.9,21344222,JEN,deep
11982,05/29/2024 08:32:00,10.9,100,10.92,21344222,JEN,deep
11983,05/29/2024 09:02:00,10.92,100,10.93,21344222,JEN,deep
11984,05/29/2024 09:32:00,10.89,100,10.91,21344222,JEN,deep
11985,05/29/2024 10:02:00,10.88,100,10.9,21344222,JEN,deep
11986,05/29/2024 10:32:00,10.9,100,10.92,21344222,JEN,deep
11987,05/29/2024 11:02:00,10.9,100,10.92,21344222,JEN,deep
11988,05/29/2024 11:32:00,10.9,100,10.92,21344222,JEN,deep
11989,05/29/2024 12:02:00,10.89,100,10.91,21344222,JEN,deep
11990,05/29/2024 12:32:00,10.9,100,10.92,21344222,JEN,deep
11991,05/29/2024 13:02:00,10.9,100,10.92,21344222,JEN,deep
11992,05/29/2024 13:32:00,10.89,100,10.91,21344222,JEN,deep
11993,05/29/2024 14:02:00,10.87,100,10.88,21344222,JEN,deep
11994,05/29/2024 14:32:00,10.86,100,10.87,21344222,JEN,deep
11995,05/29/2024 15:02:00,10.88,100,10.9,21344222,JEN,deep
11996,05/29/2024 15:32:00,10.87,100,10.88,21344222,JEN,deep
11997,05/29/2024 16:02:00,10.88,100,10.9,21344222,JEN,deep
11998,05/29/2024 16:32:00,10.87,100,10.88,21344222,JEN,deep
11999,05/29/2024 17:02:00,10.89,100,10.91,21344222,JEN,deep
12000,05/29/2024 17:32:00,10.88,100,10.9,21344222,JEN,deep
12001,05/29/2024 18:02:00,10.88,100,10.9,21344222,JEN,deep
12002,05/29/2024 18:32:00,10.9,100,10.92,21344222,JEN,deep
12003,05/29/2024 19:02:00,10.88,100,10.9,21344222,JEN,deep
12004,05/29/2024 19:32:00,10.85,100,10.86,21344222,JEN,deep
12005,05/29/2024 20:02:00,10.89,100,10.91,21344222,JEN,deep
12006,05/29/2024 20:32:00,10.86,100,10.87,21344222,JEN,deep
12007,05/29/2024 21:02:00,10.89,100,10.91,21344222,JEN,deep
12008,05/29/2024 21:32:00,10.89,100,10.91,21344222,JEN,deep
12009,05/29/2024 22:02:00,10.89,100,10.91,21344222,JEN,deep
12010,05/29/2024 22:32:00,10.9,100,10.92,21344222,JEN,deep
12011,05/29/2024 23:02:00,10.9,100,10.92,21344222,JEN,deep
12012,05/29/2024 23:32:00,10.9,100,10.92,21344222,JEN,deep
,,,,,,,
,,,,,,,
,,,,,,,
,,,,,,,
,,,,,,,
,,,,,,,
,,,,,,,
,,,,,,,
,,,,,,,
,,,,,,,
,,,,,,,
,,,,,,,
,,,,,,,
,,,,,,,
,,,,,,,
,,,,,,,
,,,,,,,
,,,,,,,
,,,,,,,
,,,,,,,
,,,,,,,
,,,,,,,
,,,,,,,
,,,,,,,
,,,,,,,
,,,,,,,
,,,,,,,
,,,,,,,
,,,,,,,
,,,,,,,
,,,,,,,
,,,,,,,
,,,,,,,
,,,,,,,
,,,,,,,
,,,,,,,
,,,,,,,
,,,,,,,
,,,,,,,
,,,,,,,
,,,,,,,
,,,,,,,
,,,,,,,
,,,,,,,
,,,,,,,
,,,,,,,
,,,,,,,
,,,,,,,
,,,,,,,
,,,,,,,
,,,,,,,
,,,,,,,
,,,,,,,
,,,,,,,
,,,,,,,
,,,,,,,
,,,,,,,
,,,,,,,
,,,,,,,
,,,,,,,
,,,,,,,
,,,,,,,
,,,,,,,
,,,,,,,
,,,,,,,
,,,,,,,
,,,,,,,
,,,,,,,
,,,,,,,
,,,,,,,
,,,,,,,
,,,,,,,
,,,,,,,
,,,,,,,
,,,,,,,
,,,,,,,
,,,,,,,
,,,,,,,
,,,,,,,
,,,,,,,
,,,,,,,
,,,,,,,
,,,,,,,
,,,,,,,
,,,,,,,
,,,,,,,
,,,,,,,
,,,,,,,
,,,,,,,
,,,,,,,
,,,,,,,
,,,,,,,
,,,,,,,
,,,,,,,
,,,,,,,
,,,,,,,
,,,,,,,
,,,,,,,
,,,,,,,
,,,,,,,
,,,,,,,
,,,,,,,
,,,,,,,
,,,,,,,
,,,,,,,
,,,,,,,
,,,,,,,
,,,,,,,
,,,,,,,
,,,,,,,
,,,,,,,
,,,,,,,
,,,,,,,
,,,,,,,
,,,,,,,
,,,,,,,
,,,,,,,
,,,,,,,
,,,,,,,
,,,,,,,
,,,,,,,
,,,,,,,
,,,,,,,
,,,,,,,
,,,,,,,
,,,,,,,
,,,,,,,
,,,,,,,
,,,,,,,
,,,,,,,
,,,,,,,
,,,,,,,
,,,,,,,
,,,,,,,
,,,,,,,
,,,,,,,
,,,,,,,
,,,,,,,
,,,,,,,
,,,,,,,
,,,,,,,
,,,,,,,
,,,,,,,
,,,,,,,
,,,,,,,
,,,,,,,
,,,,,,,
,,,,,,,
,,,,,,,
,,,,,,,
,,,,,,,
,,,,,,,
,,,,,,,
,,,,,,,
,,,,,,,
,,,,,,,
,,,,,,,
,,,,,,,
,,,,,,,
,,,,,,,
,,,,,,,
,,,,,,,
,,,,,,,
,,,,,,,
,,,,,,,
,,,,,,,
,,,,,,,
,,,,,,,
,,,,,,,
,,,,,,,
,,,,,,,
,,,,,,,
,,,,,,,
,,,,,,,
,,,,,,,
,,,,,,,
,,,,,,,
,,,,,,,
,,,,,,,
,,,,,,,
,,,,,,,
,,,,,,,
,,,,,,,
,,,,,,,
,,,,,,,
,,,,,,,
,,,,,,,
,,,,,,,
,,,,,,,
,,,,,,,
,,,,,,,
,,,,,,,
,,,,,,,
,,,,,,,
,,,,,,,
,,,,,,,
,,,,,,,
,,,,,,,
,,,,,,,
,,,,,,,
,,,,,,,
,,,,,,,
,,,,,,,
,,,,,,,
,,,,,,,
,,,,,,,
,,,,,,,
,,,,,,,
,,,,,,,
,,,,,,,
,,,,,,,
,,,,,,,
,,,,,,,
,,,,,,,
,,,,,,,
,,,,,,,
,,,,,,,
,,,,,,,
,,,,,,,
,,,,,,,
,,,,,,,
,,,,,,,
,,,,,,,
,,,,,,,
,,,,,,,
,,,,,,,
,,,,,,,
,,,,,,,
,,,,,,,
,,,,,,,
,,,,,,,
,,,,,,,
,,,,,,,
,,,,,,,
,,,,,,,
,,,,,,,
,,,,,,,
,,,,,,,
,,,,,,,
,,,,,,,
,,,,,,,
,,,,,,,
,,,,,,,
,,,,,,,
,,,,,,,
,,,,,,,
,,,,,,,
,,,,,,,
,,,,,,,
,,,,,,,
,,,,,,,
,,,,,,,
,,,,,,,
,,,,,,,
,,,,,,,
,,,,,,,
,,,,,,,
,,,,,,,
,,,,,,,
,,,,,,,
,,,,,,,
,,,,,,,
,,,,,,,
,,,,,,,
,,,,,,,
,,,,,,,
,,,,,,,
,,,,,,,
,,,,,,,
,,,,,,,
,,,,,,,
,,,,,,,
,,,,,,,
,,,,,,,
,,,,,,,
,,,,,,,
,,,,,,,
,,,,,,,
,,,,,,,
,,,,,,,
,,,,,,,
,,,,,,,
,,,,,,,
,,,,,,,
,,,,,,,
,,,,,,,
,,,,,,,
,,,,,,,
,,,,,,,
,,,,,,,
,,,,,,,
,,,,,,,
,,,,,,,
,,,,,,,
,,,,,,,
,,,,,,,
,,,,,,,
,,,,,,,
,,,,,,,
,,,,,,,
,,,,,,,
,,,,,,,
,,,,,,,
,,,,,,,
,,,,,,,
,,,,,,,
,,,,,,,
,,,,,,,
,,,,,,,
,,,,,,,
,,,,,,,
,,,,,,,
,,,,,,,
,,,,,,,
,,,,,,,
,,,,,,,
,,,,,,,
,,,,,,,
,,,,,,,
,,,,,,,
,,,,,,,
,,,,,,,
,,,,,,,
,,,,,,,
,,,,,,,
,,,,,,,
,,,,,,,
,,,,,,,
,,,,,,,
,,,,,,,
,,,,,,,
,,,,,,,
,,,,,,,
,,,,,,,
,,,,,,,
,,,,,,,
,,,,,,,
,,,,,,,
,,,,,,,
,,,,,,,
,,,,,,,
,,,,,,,
,,,,,,,
,,,,,,,
,,,,,,,
,,,,,,,
,,,,,,,
,,,,,,,
,,,,,,,
,,,,,,,
,,,,,,,
,,,,,,,
,,,,,,,
,,,,,,,
,,,,,,,
,,,,,,,
,,,,,,,
,,,,,,,
,,,,,,,
,,,,,,,
,,,,,,,
,,,,,,,
,,,,,,,
,,,,,,,
,,,,,,,
,,,,,,,
,,,,,,,
,,,,,,,
,,,,,,,
,,,,,,,
,,,,,,,
,,,,,,,
,,,,,,,
,,,,,,,
,,,,,,,
,,,,,,,
,,,,,,,
,,,,,,,
,,,,,,,
,,,,,,,
,,,,,,,
,,,,,,,
,,,,,,,
,,,,,,,
,,,,,,,
,,,,,,,
,,,,,,,
,,,,,,,
,,,,,,,
,,,,,,,
,,,,,,,
,,,,,,,
,,,,,,,
,,,,,,,
,,,,,,,
,,,,,,,
,,,,,,,
,,,,,,,
,,,,,,,
,,,,,,,
,,,,,,,
,,,,,,,
,,,,,,,
,,,,,,,
,,,,,,,
,,,,,,,
,,,,,,,
,,,,,,,
,,,,,,,
,,,,,,,
,,,,,,,
,,,,,,,
,,,,,,,
,,,,,,,
,,,,,,,
,,,,,,,
,,,,,,,
,,,,,,,
,,,,,,,
,,,,,,,
,,,,,,,
,,,,,,,
,,,,,,,
,,,,,,,
,,,,,,,
,,,,,,,
,,,,,,,
,,,,,,,
,,,,,,,
,,,,,,,
,,,,,,,
,,,,,,,
,,,,,,,
,,,,,,,
,,,,,,,
,,,,,,,
,,,,,,,
,,,,,,,
,,,,,,,
,,,,,,,
,,,,,,,
,,,,,,,
,,,,,,,
,,,,,,,
,,,,,,,
,,,,,,,
,,,,,,,
,,,,,,,
,,,,,,,
,,,,,,,
,,,,,,,
,,,,,,,
,,,,,,,
,,,,,,,
,,,,,,,
,,,,,,,
,,,,,,,
,,,,,,,
,,,,,,,
,,,,,,,
,,,,,,,
,,,,,,,
,,,,,,,
,,,,,,,
,,,,,,,
,,,,,,,
,,,,,,,
,,,,,,,
,,,,,,,
,,,,,,,
,,,,,,,
,,,,,,,
,,,,,,,
,,,,,,,
,,,,,,,
,,,,,,,
,,,,,,,
,,,,,,,
,,,,,,,
,,,,,,,
,,,,,,,
,,,,,,,
,,,,,,,
,,,,,,,
,,,,,,,
,,,,,,,
,,,,,,,
,,,,,,,
,,,,,,,
,,,,,,,
,,,,,,,
,,,,,,,
,,,,,,,
,,,,,,,
,,,,,,,
,,,,,,,
,,,,,,,
,,,,,,,
,,,,,,,
,,,,,,,
,,,,,,,
,,,,,,,
,,,,,,,
,,,,,,,
,,,,,,,
,,,,,,,
,,,,,,,
,,,,,,,
,,,,,,,
,,,,,,,
,,,,,,,
,,,,,,,
,,,,,,,
,,,,,,,
,,,,,,,
,,,,,,,
,,,,,,,
,,,,,,,
,,,,,,,
,,,,,,,
,,,,,,,
,,,,,,,
,,,,,,,
,,,,,,,
,,,,,,,
,,,,,,,
,,,,,,,
,,,,,,,
,,,,,,,
,,,,,,,
,,,,,,,
,,,,,,,
,,,,,,,
,,,,,,,
,,,,,,,
,,,,,,,
,,,,,,,
,,,,,,,
,,,,,,,
,,,,,,,
,,,,,,,
,,,,,,,
,,,,,,,
,,,,,,,
,,,,,,,
,,,,,,,
,,,,,,,
,,,,,,,
,,,,,,,
,,,,,,,
,,,,,,,
,,,,,,,
,,,,,,,
,,,,,,,
,,,,,,,
,,,,,,,
,,,,,,,
,,,,,,,
,,,,,,,
,,,,,,,
,,,,,,,
,,,,,,,
,,,,,,,
,,,,,,,
,,,,,,,
,,,,,,,
,,,,,,,
,,,,,,,
,,,,,,,
,,,,,,,
,,,,,,,
,,,,,,,
,,,,,,,
,,,,,,,
,,,,,,,
,,,,,,,
,,,,,,,
,,,,,,,
,,,,,,,
,,,,,,,
,,,,,,,
,,,,,,,
,,,,,,,
,,,,,,,
,,,,,,,
,,,,,,,
,,,,,,,
,,,,,,,
,,,,,,,
,,,,,,,
,,,,,,,
,,,,,,,
,,,,,,,
,,,,,,,
,,,,,,,
,,,,,,,
,,,,,,,
,,,,,,,
,,,,,,,
,,,,,,,
,,,,,,,
,,,,,,,
,,,,,,,
,,,,,,,
,,,,,,,
,,,,,,,
,,,,,,,
,,,,,,,
,,,,,,,
,,,,,,,
,,,,,,,
,,,,,,,
,,,,,,,
,,,,,,,
,,,,,,,
,,,,,,,
,,,,,,,
,,,,,,,
,,,,,,,
,,,,,,,
,,,,,,,
,,,,,,,
,,,,,,,
,,,,,,,
,,,,,,,
,,,,,,,
,,,,,,,
,,,,,,,
,,,,,,,
,,,,,,,
,,,,,,,
,,,,,,,
,,,,,,,
,,,,,,,
,,,,,,,
,,,,,,,
,,,,,,,
,,,,,,,
,,,,,,,
,,,,,,,
,,,,,,,
,,,,,,,
,,,,,,,
,,,,,,,
,,,,,,,
,,,,,,,
,,,,,,,
,,,,,,,
,,,,,,,
,,,,,,,
,,,,,,,
,,,,,,,
,,,,,,,
,,,,,,,
,,,,,,,
,,,,,,,
,,,,,,,
,,,,,,,
,,,,,,,
,,,,,,,
,,,,,,,
,,,,,,,
,,,,,,,
,,,,,,,
,,,,,,,
,,,,,,,
,,,,,,,
,,,,,,,
,,,,,,,
,,,,,,,
,,,,,,,
,,,,,,,
,,,,,,,
,,,,,,,
,,,,,,,
,,,,,,,
,,,,,,,
,,,,,,,
,,,,,,,
,,,,,,,
,,,,,,,
,,,,,,,
,,,,,,,
,,,,,,,
,,,,,,,
,,,,,,,
,,,,,,,
,,,,,,,
,,,,,,,
,,,,,,,
,,,,,,,
,,,,,,,
,,,,,,,
,,,,,,,
,,,,,,,
,,,,,,,
,,,,,,,
,,,,,,,
,,,,,,,
,,,,,,,
,,,,,,,
,,,,,,,
,,,,,,,
,,,,,,,
,,,,,,,
,,,,,,,
,,,,,,,
,,,,,,,
,,,,,,,
,,,,,,,
,,,,,,,
,,,,,,,
,,,,,,,
,,,,,,,
,,,,,,,
,,,,,,,
,,,,,,,
,,,,,,,
,,,,,,,
,,,,,,,
,,,,,,,
,,,,,,,
,,,,,,,
,,,,,,,
,,,,,,,
,,,,,,,
,,,,,,,
,,,,,,,
,,,,,,,
,,,,,,,
,,,,,,,
,,,,,,,
,,,,,,,
,,,,,,,
,,,,,,,
,,,,,,,
,,,,,,,
,,,,,,,
,,,,,,,
,,,,,,,
,,,,,,,
,,,,,,,
,,,,,,,
,,,,,,,
,,,,,,,
,,,,,,,
,,,,,,,
,,,,,,,
,,,,,,,
,,,,,,,
,,,,,,,
,,,,,,,
,,,,,,,
,,,,,,,
,,,,,,,
,,,,,,,
,,,,,,,
,,,,,,,
,,,,,,,
,,,,,,,
,,,,,,,
,,,,,,,
,,,,,,,
,,,,,,,
,,,,,,,
,,,,,,,
,,,,,,,
,,,,,,,
,,,,,,,
,,,,,,,
,,,,,,,
,,,,,,,
,,,,,,,
,,,,,,,
,,,,,,,
,,,,,,,
,,,,,,,
,,,,,,,
,,,,,,,
,,,,,,,
,,,,,,,
,,,,,,,
,,,,,,,
,,,,,,,
,,,,,,,
,,,,,,,
,,,,,,,
,,,,,,,
,,,,,,,
,,,,,,,
,,,,,,,
,,,,,,,
,,,,,,,
,,,,,,,
,,,,,,,
,,,,,,,
,,,,,,,
,,,,,,,
,,,,,,,
,,,,,,,
,,,,,,,
,,,,,,,
,,,,,,,
,,,,,,,
,,,,,,,
,,,,,,,
,,,,,,,
,,,,,,,
,,,,,,,
,,,,,,,
,,,,,,,
,,,,,,,
,,,,,,,
,,,,,,,
,,,,,,,
,,,,,,,
,,,,,,,
,,,,,,,
,,,,,,,
,,,,,,,
,,,,,,,
,,,,,,,
,,,,,,,
,,,,,,,
,,,,,,,
,,,,,,,
,,,,,,,
,,,,,,,
,,,,,,,
,,,,,,,
,,,,,,,
,,,,,,,
,,,,,,,
,,,,,,,
,,,,,,,
,,,,,,,
,,,,,,,
,,,,,,,
,,,,,,,
,,,,,,,
,,,,,,,
,,,,,,,
,,,,,,,
,,,,,,,
,,,,,,,
,,,,,,,
,,,,,,,
,,,,,,,
,,,,,,,
,,,,,,,
,,,,,,,
,,,,,,,
,,,,,,,
,,,,,,,
,,,,,,,
,,,,,,,
,,,,,,,
,,,,,,,
,,,,,,,
,,,,,,,
,,,,,,,
,,,,,,,
,,,,,,,
,,,,,,,
,,,,,,,
,,,,,,,
,,,,,,,
,,,,,,,
,,,,,,,
,,,,,,,
,,,,,,,
,,,,,,,
,,,,,,,
,,,,,,,
,,,,,,,
,,,,,,,
,,,,,,,
,,,,,,,
,,,,,,,
,,,,,,,
,,,,,,,
,,,,,,,
,,,,,,,
,,,,,,,
,,,,,,,
,,,,,,,
,,,,,,,
,,,,,,,
,,,,,,,
,,,,,,,
,,,,,,,
,,,,,,,
,,,,,,,
,,,,,,,
,,,,,,,
,,,,,,,
,,,,,,,
,,,,,,,
,,,,,,,
,,,,,,,
,,,,,,,
,,,,,,,
,,,,,,,
,,,,,,,
,,,,,,,
,,,,,,,
,,,,,,,
,,,,,,,
,,,,,,,
,,,,,,,
,,,,,,,
,,,,,,,
,,,,,,,
,,,,,,,
,,,,,,,
,,,,,,,
,,,,,,,
,,,,,,,
,,,,,,,
,,,,,,,
,,,,,,,
,,,,,,,
,,,,,,,
,,,,,,,
,,,,,,,
,,,,,,,
,,,,,,,
,,,,,,,
,,,,,,,
,,,,,,,
,,,,,,,
,,,,,,,
,,,,,,,
,,,,,,,
,,,,,,,
,,,,,,,
,,,,,,,
,,,,,,,
,,,,,,,
,,,,,,,
,,,,,,,
,,,,,,,
,,,,,,,
,,,,,,,
,,,,,,,
,,,,,,,
,,,,,,,
,,,,,,,
,,,,,,,
,,,,,,,
,,,,,,,
,,,,,,,
,,,,,,,
,,,,,,,
,,,,,,,
,,,,,,,
,,,,,,,
,,,,,,,
,,,,,,,
,,,,,,,
,,,,,,,
,,,,,,,
,,,,,,,
,,,,,,,
,,,,,,,
,,,,,,,
,,,,,,,
,,,,,,,
,,,,,,,
,,,,,,,
,,,,,,,
,,,,,,,
,,,,,,,
,,,,,,,
,,,,,,,
,,,,,,,
,,,,,,,
,,,,,,,
,,,,,,,
,,,,,,,
,,,,,,,
,,,,,,,
,,,,,,,
,,,,,,,
,,,,,,,
,,,,,,,
,,,,,,,
,,,,,,,
,,,,,,,
,,,,,,,
,,,,,,,
,,,,,,,
,,,,,,,
,,,,,,,
,,,,,,,
,,,,,,,
,,,,,,,
,,,,,,,
,,,,,,,
,,,,,,,
,,,,,,,
,,,,,,,
,,,,,,,
,,,,,,,
,,,,,,,
,,,,,,,
,,,,,,,
,,,,,,,
,,,,,,,
,,,,,,,
,,,,,,,
,,,,,,,
,,,,,,,
,,,,,,,
,,,,,,,
,,,,,,,
,,,,,,,
,,,,,,,
,,,,,,,
,,,,,,,
,,,,,,,
,,,,,,,
,,,,,,,
,,,,,,,
,,,,,,,
,,,,,,,
,,,,,,,
,,,,,,,
,,,,,,,
,,,,,,,
,,,,,,,
,,,,,,,
,,,,,,,
,,,,,,,
,,,,,,,
,,,,,,,
,,,,,,,
,,,,,,,
,,,,,,,
,,,,,,,
,,,,,,,
,,,,,,,
,,,,,,,
,,,,,,,
,,,,,,,
,,,,,,,
,,,,,,,
,,,,,,,
,,,,,,,
,,,,,,,
,,,,,,,
,,,,,,,
,,,,,,,
,,,,,,,
,,,,,,,
,,,,,,,
,,,,,,,
,,,,,,,
,,,,,,,
,,,,,,,
,,,,,,,
,,,,,,,
,,,,,,,
,,,,,,,
,,,,,,,
,,,,,,,
,,,,,,,
,,,,,,,
,,,,,,,
,,,,,,,
,,,,,,,
,,,,,,,
,,,,,,,
,,,,,,,
,,,,,,,
,,,,,,,
,,,,,,,
,,,,,,,
,,,,,,,
,,,,,,,
,,,,,,,
,,,,,,,
,,,,,,,
,,,,,,,
,,,,,,,
,,,,,,,
,,,,,,,
,,,,,,,
,,,,,,,
,,,,,,,
,,,,,,,
,,,,,,,
,,,,,,,
,,,,,,,
,,,,,,,
,,,,,,,
,,,,,,,
,,,,,,,
,,,,,,,
,,,,,,,
,,,,,,,
,,,,,,,
,,,,,,,
,,,,,,,
,,,,,,,
,,,,,,,
,,,,,,,
,,,,,,,
,,,,,,,
,,,,,,,
,,,,,,,
,,,,,,,
,,,,,,,
,,,,,,,
,,,,,,,
,,,,,,,
,,,,,,,
,,,,,,,
,,,,,,,
,,,,,,,
,,,,,,,
,,,,,,,
,,,,,,,
,,,,,,,
,,,,,,,
,,,,,,,
,,,,,,,
,,,,,,,
,,,,,,,
,,,,,,,
,,,,,,,
,,,,,,,
,,,,,,,
,,,,,,,
,,,,,,,
,,,,,,,
,,,,,,,
,,,,,,,
,,,,,,,
,,,,,,,
,,,,,,,
,,,,,,,
,,,,,,,
,,,,,,,
,,,,,,,
,,,,,,,
,,,,,,,
,,,,,,,
,,,,,,,
,,,,,,,
,,,,,,,
,,,,,,,
,,,,,,,
,,,,,,,
,,,,,,,
,,,,,,,
,,,,,,,
,,,,,,,
,,,,,,,
,,,,,,,
,,,,,,,
,,,,,,,
,,,,,,,
,,,,,,,
,,,,,,,
,,,,,,,
,,,,,,,
,,,,,,,
,,,,,,,
,,,,,,,
,,,,,,,
,,,,,,,
,,,,,,,
,,,,,,,
,,,,,,,
,,,,,,,
,,,,,,,
,,,,,,,
,,,,,,,
,,,,,,,
,,,,,,,
,,,,,,,
,,,,,,,
,,,,,,,
,,,,,,,
,,,,,,,
,,,,,,,
,,,,,,,
,,,,,,,
,,,,,,,
,,,,,,,
,,,,,,,
,,,,,,,
,,,,,,,
,,,,,,,
,,,,,,,
,,,,,,,
,,,,,,,
,,,,,,,
,,,,,,,
,,,,,,,
,,,,,,,
,,,,,,,
,,,,,,,
,,,,,,,
,,,,,,,
,,,,,,,
,,,,,,,
,,,,,,,
,,,,,,,
,,,,,,,
,,,,,,,
,,,,,,,
,,,,,,,
,,,,,,,
,,,,,,,
,,,,,,,
,,,,,,,
,,,,,,,
,,,,,,,
,,,,,,,
,,,,,,,
,,,,,,,
,,,,,,,
,,,,,,,
,,,,,,,
,,,,,,,
,,,,,,,
,,,,,,,
,,,,,,,
,,,,,,,
,,,,,,,
,,,,,,,
,,,,,,,
,,,,,,,
,,,,,,,
,,,,,,,
,,,,,,,
,,,,,,,
,,,,,,,
,,,,,,,
,,,,,,,
,,,,,,,
,,,,,,,
,,,,,,,
,,,,,,,
,,,,,,,
,,,,,,,
,,,,,,,
,,,,,,,
,,,,,,,
,,,,,,,
,,,,,,,
,,,,,,,
,,,,,,,
,,,,,,,
,,,,,,,
,,,,,,,
,,,,,,,
,,,,,,,
,,,,,,,
,,,,,,,
,,,,,,,
,,,,,,,
,,,,,,,
,,,,,,,
,,,,,,,
,,,,,,,
,,,,,,,
,,,,,,,
,,,,,,,
,,,,,,,
,,,,,,,
,,,,,,,
,,,,,,,
,,,,,,,
,,,,,,,
,,,,,,,
,,,,,,,
,,,,,,,
,,,,,,,
,,,,,,,
,,,,,,,
,,,,,,,
,,,,,,,
,,,,,,,
,,,,,,,
,,,,,,,
,,,,,,,
,,,,,,,
,,,,,,,
,,,,,,,
,,,,,,,
,,,,,,,
,,,,,,,
,,,,,,,
,,,,,,,
,,,,,,,
,,,,,,,
,,,,,,,
,,,,,,,
,,,,,,,
,,,,,,,
,,,,,,,
,,,,,,,
,,,,,,,
,,,,,,,
,,,,,,,
,,,,,,,
,,,,,,,
,,,,,,,
,,,,,,,
,,,,,,,
,,,,,,,
,,,,,,,
,,,,,,,
,,,,,,,
,,,,,,,
,,,,,,,
,,,,,,,
,,,,,,,
,,,,,,,
,,,,,,,
,,,,,,,
,,,,,,,
,,,,,,,
,,,,,,,
,,,,,,,
,,,,,,,
,,,,,,,
,,,,,,,
,,,,,,,
,,,,,,,
,,,,,,,
,,,,,,,
,,,,,,,
,,,,,,,
,,,,,,,
,,,,,,,
,,,,,,,
,,,,,,,
,,,,,,,
,,,,,,,
,,,,,,,
,,,,,,,
,,,,,,,
,,,,,,,
,,,,,,,
,,,,,,,
,,,,,,,
,,,,,,,
,,,,,,,
,,,,,,,
,,,,,,,
,,,,,,,
,,,,,,,
,,,,,,,
,,,,,,,
,,,,,,,
,,,,,,,
,,,,,,,
,,,,,,,
,,,,,,,
,,,,,,,
,,,,,,,
,,,,,,,
,,,,,,,
,,,,,,,
,,,,,,,
,,,,,,,
,,,,,,,
,,,,,,,
,,,,,,,
,,,,,,,
,,,,,,,
,,,,,,,
,,,,,,,
,,,,,,,
,,,,,,,
,,,,,,,
,,,,,,,
,,,,,,,
,,,,,,,
,,,,,,,
,,,,,,,
,,,,,,,
,,,,,,,
,,,,,,,
,,,,,,,
,,,,,,,
,,,,,,,
,,,,,,,
,,,,,,,
,,,,,,,
,,,,,,,
,,,,,,,
,,,,,,,
,,,,,,,
,,,,,,,
,,,,,,,
,,,,,,,
,,,,,,,
,,,,,,,
,,,,,,,
,,,,,,,
,,,,,,,
,,,,,,,
,,,,,,,
,,,,,,,
,,,,,,,
,,,,,,,
,,,,,,,
,,,,,,,
,,,,,,,
,,,,,,,
,,,,,,,
,,,,,,,
,,,,,,,
,,,,,,,
,,,,,,,
,,,,,,,
,,,,,,,
,,,,,,,
,,,,,,,
,,,,,,,
,,,,,,,
,,,,,,,
,,,,,,,
,,,,,,,
,,,,,,,
,,,,,,,
,,,,,,,
,,,,,,,
,,,,,,,
,,,,,,,
,,,,,,,
,,,,,,,
,,,,,,,
,,,,,,,
,,,,,,,
,,,,,,,
,,,,,,,
,,,,,,,
,,,,,,,
,,,,,,,
,,,,,,,
,,,,,,,
,,,,,,,
,,,,,,,
,,,,,,,
,,,,,,,
,,,,,,,
,,,,,,,
,,,,,,,
,,,,,,,
,,,,,,,
,,,,,,,
,,,,,,,
,,,,,,,
,,,,,,,
,,,,,,,
,,,,,,,
,,,,,,,
,,,,,,,
,,,,,,,
,,,,,,,
,,,,,,,
,,,,,,,
,,,,,,,
,,,,,,,
,,,,,,,
,,,,,,,
,,,,,,,
,,,,,,,
,,,,,,,
,,,,,,,
,,,,,,,
,,,,,,,
,,,,,,,
,,,,,,,
,,,,,,,
,,,,,,,
,,,,,,,
,,,,,,,
,,,,,,,
,,,,,,,
,,,,,,,
,,,,,,,
,,,,,,,
,,,,,,,
,,,,,,,
,,,,,,,
,,,,,,,
,,,,,,,
,,,,,,,
,,,,,,,
,,,,,,,
,,,,,,,
,,,,,,,
,,,,,,,
,,,,,,,
,,,,,,,
,,,,,,,
,,,,,,,
,,,,,,,
,,,,,,,
,,,,,,,
,,,,,,,
,,,,,,,
,,,,,,,
,,,,,,,
,,,,,,,
,,,,,,,
,,,,,,,
,,,,,,,
,,,,,,,
,,,,,,,
,,,,,,,
,,,,,,,
,,,,,,,
,,,,,,,
,,,,,,,
,,,,,,,
,,,,,,,
,,,,,,,
,,,,,,,
,,,,,,,
,,,,,,,
,,,,,,,
,,,,,,,
,,,,,,,
,,,,,,,
,,,,,,,
,,,,,,,
,,,,,,,
,,,,,,,
,,,,,,,
,,,,,,,
,,,,,,,
,,,,,,,
,,,,,,,
,,,,,,,
,,,,,,,
,,,,,,,
,,,,,,,
,,,,,,,
,,,,,,,
,,,,,,,
,,,,,,,
,,,,,,,
,,,,,,,
,,,,,,,
,,,,,,,
,,,,,,,
,,,,,,,
,,,,,,,
,,,,,,,
,,,,,,,
,,,,,,,
,,,,,,,
,,,,,,,
,,,,,,,
,,,,,,,
,,,,,,,
,,,,,,,
,,,,,,,
,,,,,,,
,,,,,,,
,,,,,,,
,,,,,,,
,,,,,,,
,,,,,,,
,,,,,,,
,,,,,,,
,,,,,,,
,,,,,,,
,,,,,,,
,,,,,,,
,,,,,,,
,,,,,,,
,,,,,,,
,,,,,,,
,,,,,,,
,,,,,,,
,,,,,,,
,,,,,,,
,,,,,,,
,,,,,,,
,,,,,,,
,,,,,,,
,,,,,,,
,,,,,,,
,,,,,,,
,,,,,,,
,,,,,,,
,,,,,,,
,,,,,,,
,,,,,,,
,,,,,,,
,,,,,,,
,,,,,,,
,,,,,,,
,,,,,,,
,,,,,,,
,,,,,,,
,,,,,,,
,,,,,,,
,,,,,,,
,,,,,,,
,,,,,,,
,,,,,,,
,,,,,,,
,,,,,,,
,,,,,,,
,,,,,,,
,,,,,,,
,,,,,,,
,,,,,,,
,,,,,,,
,,,,,,,
,,,,,,,
,,,,,,,
,,,,,,,
,,,,,,,
,,,,,,,
,,,,,,,
,,,,,,,
,,,,,,,
,,,,,,,
,,,,,,,
,,,,,,,
,,,,,,,
,,,,,,,
,,,,,,,
,,,,,,,
,,,,,,,
,,,,,,,
,,,,,,,
,,,,,,,
,,,,,,,
,,,,,,,
,,,,,,,
,,,,,,,
,,,,,,,
,,,,,,,
,,,,,,,
,,,,,,,
,,,,,,,
,,,,,,,
,,,,,,,
,,,,,,,
,,,,,,,
,,,,,,,
,,,,,,,
,,,,,,,
,,,,,,,
,,,,,,,
,,,,,,,
,,,,,,,
,,,,,,,
,,,,,,,
,,,,,,,
,,,,,,,
,,,,,,,
,,,,,,,
,,,,,,,
,,,,,,,
,,,,,,,
,,,,,,,
,,,,,,,
,,,,,,,
,,,,,,,
,,,,,,,
,,,,,,,
,,,,,,,
,,,,,,,
,,,,,,,
,,,,,,,
,,,,,,,
,,,,,,,
,,,,,,,
,,,,,,,
,,,,,,,
,,,,,,,
,,,,,,,
,,,,,,,
,,,,,,,
,,,,,,,
,,,,,,,
,,,,,,,
,,,,,,,
,,,,,,,
,,,,,,,
,,,,,,,
,,,,,,,
,,,,,,,
,,,,,,,
,,,,,,,
,,,,,,,
,,,,,,,
,,,,,,,
,,,,,,,
,,,,,,,
,,,,,,,
,,,,,,,
,,,,,,,
,,,,,,,
,,,,,,,
,,,,,,,
,,,,,,,
,,,,,,,
,,,,,,,
,,,,,,,
,,,,,,,
,,,,,,,
,,,,,,,
,,,,,,,
,,,,,,,
,,,,,,,
,,,,,,,
,,,,,,,
,,,,,,,
,,,,,,,
,,,,,,,
,,,,,,,
,,,,,,,
,,,,,,,
,,,,,,,
,,,,,,,
,,,,,,,
,,,,,,,
,,,,,,,
,,,,,,,
,,,,,,,
,,,,,,,
,,,,,,,
,,,,,,,
,,,,,,,
,,,,,,,
,,,,,,,
,,,,,,,
,,,,,,,
,,,,,,,
,,,,,,,
,,,,,,,
,,,,,,,
,,,,,,,
,,,,,,,
,,,,,,,
,,,,,,,
,,,,,,,
,,,,,,,
,,,,,,,
,,,,,,,
,,,,,,,
,,,,,,,
,,,,,,,
,,,,,,,
,,,,,,,
,,,,,,,
,,,,,,,
,,,,,,,
,,,,,,,
,,,,,,,
,,,,,,,
,,,,,,,
,,,,,,,
,,,,,,,
,,,,,,,
,,,,,,,
,,,,,,,
,,,,,,,
,,,,,,,
,,,,,,,
,,,,,,,
,,,,,,,
,,,,,,,
,,,,,,,
,,,,,,,
,,,,,,,
,,,,,,,
,,,,,,,
,,,,,,,
,,,,,,,
,,,,,,,
,,,,,,,
,,,,,,,
,,,,,,,
,,,,,,,
,,,,,,,
,,,,,,,
,,,,,,,
,,,,,,,
,,,,,,,
,,,,,,,
,,,,,,,
,,,,,,,
,,,,,,,
,,,,,,,
,,,,,,,
,,,,,,,
,,,,,,,
,,,,,,,
,,,,,,,
,,,,,,,
,,,,,,,
,,,,,,,
,,,,,,,
,,,,,,,
,,,,,,,
,,,,,,,
,,,,,,,
,,,,,,,
,,,,,,,
,,,,,,,
,,,,,,,
,,,,,,,
,,,,,,,
,,,,,,,
,,,,,,,
,,,,,,,
,,,,,,,
,,,,,,,
,,,,,,,
,,,,,,,
,,,,,,,
,,,,,,,
,,,,,,,
,,,,,,,
,,,,,,,
,,,,,,,
,,,,,,,
,,,,,,,
,,,,,,,
,,,,,,,
,,,,,,,
,,,,,,,
,,,,,,,
,,,,,,,
,,,,,,,
,,,,,,,
,,,,,,,
,,,,,,,
,,,,,,,
,,,,,,,
,,,,,,,
,,,,,,,
,,,,,,,
,,,,,,,
,,,,,,,
,,,,,,,
,,,,,,,
,,,,,,,
,,,,,,,
,,,,,,,
,,,,,,,
,,,,,,,
,,,,,,,
,,,,,,,
,,,,,,,
,,,,,,,
,,,,,,,
,,,,,,,
,,,,,,,
,,,,,,,
,,,,,,,
,,,,,,,
,,,,,,,
,,,,,,,
,,,,,,,
,,,,,,,
,,,,,,,
,,,,,,,
,,,,,,,
,,,,,,,
,,,,,,,
,,,,,,,
,,,,,,,
,,,,,,,
,,,,,,,
,,,,,,,
,,,,,,,
,,,,,,,
,,,,,,,
,,,,,,,
,,,,,,,
,,,,,,,
,,,,,,,
,,,,,,,
,,,,,,,
,,,,,,,
,,,,,,,
,,,,,,,
,,,,,,,
,,,,,,,
,,,,,,,
,,,,,,,
,,,,,,,
,,,,,,,
,,,,,,,
,,,,,,,
,,,,,,,
,,,,,,,
,,,,,,,
,,,,,,,
,,,,,,,
,,,,,,,
,,,,,,,
,,,,,,,
,,,,,,,
,,,,,,,
,,,,,,,
,,,,,,,
,,,,,,,
,,,,,,,
,,,,,,,
,,,,,,,
,,,,,,,
,,,,,,,
,,,,,,,
,,,,,,,
,,,,,,,
,,,,,,,
,,,,,,,
,,,,,,,
,,,,,,,
,,,,,,,
,,,,,,,
,,,,,,,
,,,,,,,
,,,,,,,
,,,,,,,
,,,,,,,
,,,,,,,
,,,,,,,
,,,,,,,
,,,,,,,
,,,,,,,
,,,,,,,
,,,,,,,
,,,,,,,
,,,,,,,
,,,,,,,
,,,,,,,
,,,,,,,
,,,,,,,
,,,,,,,
,,,,,,,
,,,,,,,
,,,,,,,
,,,,,,,
,,,,,,,
,,,,,,,
,,,,,,,
,,,,,,,
,,,,,,,
,,,,,,,
,,,,,,,
,,,,,,,
,,,,,,,
,,,,,,,
,,,,,,,
,,,,,,,
,,,,,,,
,,,,,,,
,,,,,,,
,,,,,,,
,,,,,,,
,,,,,,,
,,,,,,,
,,,,,,,
,,,,,,,
,,,,,,,
,,,,,,,
,,,,,,,
,,,,,,,
,,,,,,,
,,,,,,,
,,,,,,,
,,,,,,,
,,,,,,,
,,,,,,,
,,,,,,,
,,,,,,,
,,,,,,,
,,,,,,,
,,,,,,,
,,,,,,,
,,,,,,,
,,,,,,,
,,,,,,,
,,,,,,,
,,,,,,,
,,,,,,,
,,,,,,,
,,,,,,,
,,,,,,,
,,,,,,,
,,,,,,,
,,,,,,,
,,,,,,,
,,,,,,,
,,,,,,,
,,,,,,,
,,,,,,,
,,,,,,,
,,,,,,,
,,,,,,,
,,,,,,,
,,,,,,,
,,,,,,,
,,,,,,,
,,,,,,,
,,,,,,,
,,,,,,,
,,,,,,,
,,,,,,,
,,,,,,,
,,,,,,,
,,,,,,,
,,,,,,,
,,,,,,,
,,,,,,,
,,,,,,,
,,,,,,,
,,,,,,,
,,,,,,,
,,,,,,,
,,,,,,,
,,,,,,,
,,,,,,,
,,,,,,,
,,,,,,,
,,,,,,,
,,,,,,,
,,,,,,,
,,,,,,,
,,,,,,,
,,,,,,,
,,,,,,,
,,,,,,,
,,,,,,,
,,,,,,,
,,,,,,,
,,,,,,,
,,,,,,,
,,,,,,,
,,,,,,,
,,,,,,,
,,,,,,,
,,,,,,,
,,,,,,,
,,,,,,,
,,,,,,,
,,,,,,,
,,,,,,,
,,,,,,,
,,,,,,,
,,,,,,,
,,,,,,,
,,,,,,,
,,,,,,,
,,,,,,,
,,,,,,,
,,,,,,,
,,,,,,,
,,,,,,,
,,,,,,,
,,,,,,,
,,,,,,,
,,,,,,,
,,,,,,,
,,,,,,,
,,,,,,,
,,,,,,,
,,,,,,,
,,,,,,,
,,,,,,,
,,,,,,,
,,,,,,,
,,,,,,,
,,,,,,,
,,,,,,,
,,,,,,,
,,,,,,,
,,,,,,,
,,,,,,,
,,,,,,,
,,,,,,,
,,,,,,,
,,,,,,,
,,,,,,,
,,,,,,,
,,,,,,,
,,,,,,,
,,,,,,,
,,,,,,,
,,,,,,,
,,,,,,,
,,,,,,,
,,,,,,,
,,,,,,,
,,,,,,,
,,,,,,,
,,,,,,,
,,,,,,,
,,,,,,,
,,,,,,,
,,,,,,,
,,,,,,,
,,,,,,,
,,,,,,,
,,,,,,,
,,,,,,,
,,,,,,,
,,,,,,,
,,,,,,,
,,,,,,,
,,,,,,,
,,,,,,,
,,,,,,,
,,,,,,,
,,,,,,,
,,,,,,,
,,,,,,,
,,,,,,,
,,,,,,,
,,,,,,,
,,,,,,,
,,,,,,,
,,,,,,,
,,,,,,,
,,,,,,,
,,,,,,,
,,,,,,,
,,,,,,,
,,,,,,,
,,,,,,,
,,,,,,,
,,,,,,,
,,,,,,,
,,,,,,,
,,,,,,,
,,,,,,,
,,,,,,,
,,,,,,,
,,,,,,,
,,,,,,,
,,,,,,,
,,,,,,,
,,,,,,,
,,,,,,,
,,,,,,,
,,,,,,,
,,,,,,,
,,,,,,,
,,,,,,,
,,,,,,,
,,,,,,,
,,,,,,,
,,,,,,,
,,,,,,,
,,,,,,,
,,,,,,,
,,,,,,,
,,,,,,,
,,,,,,,
,,,,,,,
,,,,,,,
,,,,,,,
,,,,,,,
,,,,,,,
,,,,,,,
,,,,,,,
,,,,,,,
,,,,,,,
,,,,,,,
,,,,,,,
,,,,,,,
,,,,,,,
,,,,,,,
,,,,,,,
,,,,,,,
,,,,,,,
,,,,,,,
,,,,,,,
,,,,,,,
,,,,,,,
,,,,,,,
,,,,,,,
,,,,,,,
,,,,,,,
,,,,,,,
,,,,,,,
,,,,,,,
,,,,,,,
,,,,,,,
,,,,,,,
,,,,,,,
,,,,,,,
,,,,,,,
,,,,,,,
,,,,,,,
,,,,,,,
,,,,,,,
,,,,,,,
,,,,,,,
,,,,,,,
,,,,,,,
,,,,,,,
,,,,,,,
,,,,,,,
,,,,,,,
,,,,,,,
,,,,,,,
,,,,,,,
,,,,,,,
,,,,,,,
,,,,,,,
,,,,,,,
,,,,,,,
,,,,,,,
,,,,,,,
,,,,,,,
,,,,,,,
,,,,,,,
,,,,,,,
,,,,,,,
,,,,,,,
,,,,,,,
,,,,,,,
,,,,,,,
,,,,,,,
,,,,,,,
,,,,,,,
,,,,,,,
,,,,,,,
,,,,,,,
,,,,,,,
,,,,,,,
,,,,,,,
,,,,,,,
,,,,,,,
,,,,,,,
,,,,,,,
,,,,,,,
,,,,,,,
,,,,,,,
,,,,,,,
,,,,,,,
,,,,,,,
,,,,,,,
,,,,,,,
,,,,,,,
,,,,,,,
,,,,,,,
,,,,,,,
,,,,,,,
,,,,,,,
,,,,,,,
,,,,,,,
,,,,,,,
,,,,,,,
,,,,,,,
,,,,,,,
,,,,,,,
,,,,,,,
,,,,,,,
,,,,,,,
,,,,,,,
,,,,,,,
,,,,,,,
,,,,,,,
,,,,,,,
,,,,,,,
,,,,,,,
,,,,,,,
,,,,,,,
,,,,,,,
,,,,,,,
,,,,,,,
,,,,,,,
,,,,,,,
,,,,,,,
,,,,,,,
,,,,,,,
,,,,,,,
,,,,,,,
,,,,,,,
,,,,,,,
,,,,,,,
,,,,,,,
,,,,,,,
,,,,,,,
,,,,,,,
,,,,,,,
,,,,,,,
,,,,,,,
,,,,,,,
,,,,,,,
,,,,,,,
,,,,,,,
,,,,,,,
,,,,,,,
,,,,,,,
,,,,,,,
,,,,,,,
,,,,,,,
,,,,,,,
,,,,,,,
,,,,,,,
,,,,,,,
,,,,,,,
,,,,,,,
,,,,,,,
,,,,,,,
,,,,,,,
,,,,,,,
,,,,,,,
,,,,,,,
,,,,,,,
,,,,,,,
,,,,,,,
,,,,,,,
,,,,,,,
,,,,,,,
,,,,,,,
,,,,,,,
,,,,,,,
,,,,,,,
,,,,,,,
,,,,,,,
,,,,,,,
,,,,,,,
,,,,,,,
,,,,,,,
,,,,,,,
,,,,,,,
,,,,,,,
,,,,,,,
,,,,,,,
,,,,,,,
,,,,,,,
,,,,,,,
,,,,,,,
,,,,,,,
,,,,,,,
,,,,,,,
,,,,,,,
,,,,,,,
,,,,,,,
,,,,,,,
,,,,,,,
,,,,,,,
,,,,,,,
,,,,,,,
,,,,,,,
,,,,,,,
,,,,,,,
,,,,,,,
,,,,,,,
,,,,,,,
,,,,,,,
,,,,,,,
,,,,,,,
,,,,,,,
,,,,,,,
,,,,,,,
,,,,,,,
,,,,,,,
,,,,,,,
,,,,,,,
,,,,,,,
,,,,,,,
,,,,,,,
,,,,,,,
,,,,,,,
,,,,,,,
,,,,,,,
,,,,,,,
,,,,,,,
,,,,,,,
,,,,,,,
,,,,,,,
,,,,,,,
,,,,,,,
,,,,,,,
,,,,,,,
,,,,,,,
,,,,,,,
,,,,,,,
,,,,,,,
,,,,,,,
,,,,,,,
,,,,,,,
,,,,,,,
,,,,,,,
,,,,,,,
,,,,,,,
,,,,,,,
,,,,,,,
,,,,,,,
,,,,,,,
,,,,,,,
,,,,,,,
,,,,,,,
,,,,,,,
,,,,,,,
,,,,,,,
,,,,,,,
,,,,,,,
,,,,,,,
,,,,,,,
,,,,,,,
,,,,,,,
,,,,,,,
,,,,,,,
,,,,,,,
,,,,,,,
,,,,,,,
,,,,,,,
,,,,,,,
,,,,,,,
,,,,,,,
,,,,,,,
,,,,,,,
,,,,,,,
,,,,,,,
,,,,,,,
,,,,,,,
,,,,,,,
,,,,,,,
,,,,,,,
,,,,,,,
,,,,,,,
,,,,,,,
,,,,,,,
,,,,,,,
,,,,,,,
,,,,,,,
,,,,,,,
,,,,,,,
,,,,,,,
,,,,,,,
,,,,,,,
,,,,,,,
,,,,,,,
,,,,,,,
,,,,,,,
,,,,,,,
,,,,,,,
,,,,,,,
,,,,,,,
,,,,,,,
,,,,,,,
,,,,,,,
,,,,,,,
,,,,,,,
,,,,,,,
,,,,,,,
,,,,,,,
,,,,,,,
,,,,,,,
,,,,,,,
,,,,,,,
,,,,,,,
,,,,,,,
,,,,,,,
,,,,,,,
,,,,,,,
,,,,,,,
,,,,,,,
,,,,,,,
,,,,,,,
,,,,,,,
,,,,,,,
,,,,,,,
,,,,,,,
,,,,,,,
,,,,,,,
,,,,,,,
,,,,,,,
,,,,,,,
,,,,,,,
,,,,,,,
,,,,,,,
,,,,,,,
,,,,,,,
,,,,,,,
,,,,,,,
,,,,,,,
,,,,,,,
,,,,,,,
,,,,,,,
,,,,,,,
,,,,,,,
,,,,,,,
,,,,,,,
,,,,,,,
,,,,,,,
,,,,,,,
,,,,,,,
,,,,,,,
,,,,,,,
,,,,,,,
,,,,,,,
,,,,,,,
,,,,,,,
,,,,,,,
,,,,,,,
,,,,,,,
,,,,,,,
,,,,,,,
,,,,,,,
,,,,,,,
,,,,,,,
,,,,,,,
,,,,,,,
,,,,,,,
,,,,,,,
,,,,,,,
,,,,,,,
,,,,,,,
,,,,,,,
,,,,,,,
,,,,,,,
,,,,,,,
,,,,,,,
,,,,,,,
,,,,,,,
,,,,,,,
,,,,,,,
,,,,,,,
,,,,,,,
,,,,,,,
,,,,,,,
,,,,,,,
,,,,,,,
,,,,,,,
,,,,,,,
,,,,,,,
,,,,,,,
,,,,,,,
,,,,,,,
,,,,,,,
,,,,,,,
,,,,,,,
,,,,,,,
,,,,,,,
,,,,,,,
,,,,,,,
,,,,,,,
,,,,,,,
,,,,,,,
,,,,,,,
,,,,,,,
,,,,,,,
,,,,,,,
,,,,,,,
,,,,,,,
,,,,,,,
,,,,,,,
,,,,,,,
,,,,,,,
,,,,,,,
,,,,,,,
,,,,,,,
,,,,,,,
,,,,,,,
,,,,,,,
,,,,,,,
,,,,,,,
,,,,,,,
,,,,,,,
,,,,,,,
,,,,,,,
,,,,,,,
,,,,,,,
,,,,,,,
,,,,,,,
,,,,,,,
,,,,,,,
,,,,,,,
,,,,,,,
,,,,,,,
,,,,,,,
,,,,,,,
,,,,,,,
,,,,,,,
,,,,,,,
,,,,,,,
,,,,,,,
,,,,,,,
,,,,,,,
,,,,,,,
,,,,,,,
,,,,,,,
,,,,,,,
,,,,,,,
,,,,,,,
,,,,,,,
,,,,,,,
,,,,,,,
,,,,,,,
,,,,,,,
,,,,,,,
,,,,,,,
,,,,,,,
,,,,,,,
,,,,,,,
,,,,,,,
,,,,,,,
,,,,,,,
,,,,,,,
,,,,,,,
,,,,,,,
,,,,,,,
,,,,,,,
,,,,,,,
,,,,,,,
,,,,,,,
,,,,,,,
,,,,,,,
,,,,,,,
,,,,,,,
,,,,,,,
,,,,,,,
,,,,,,,
,,,,,,,
,,,,,,,
,,,,,,,
,,,,,,,
,,,,,,,
,,,,,,,
,,,,,,,
,,,,,,,
,,,,,,,
,,,,,,,
,,,,,,,
,,,,,,,
,,,,,,,
,,,,,,,
,,,,,,,
,,,,,,,
,,,,,,,
,,,,,,,
,,,,,,,
,,,,,,,
,,,,,,,
,,,,,,,
,,,,,,,
,,,,,,,
,,,,,,,
,,,,,,,
,,,,,,,
,,,,,,,
,,,,,,,
,,,,,,,
,,,,,,,
,,,,,,,
,,,,,,,
,,,,,,,
,,,,,,,
,,,,,,,
,,,,,,,
,,,,,,,
,,,,,,,
,,,,,,,
,,,,,,,
,,,,,,,
,,,,,,,
,,,,,,,
,,,,,,,
,,,,,,,
,,,,,,,
,,,,,,,
,,,,,,,
,,,,,,,
,,,,,,,
,,,,,,,
,,,,,,,
,,,,,,,
,,,,,,,
,,,,,,,
,,,,,,,
,,,,,,,
,,,,,,,
,,,,,,,
,,,,,,,
,,,,,,,
,,,,,,,
,,,,,,,
,,,,,,,
,,,,,,,
,,,,,,,
,,,,,,,
,,,,,,,
,,,,,,,
,,,,,,,
,,,,,,,
,,,,,,,
,,,,,,,
,,,,,,,
,,,,,,,
,,,,,,,
,,,,,,,
,,,,,,,
,,,,,,,
,,,,,,,
,,,,,,,
,,,,,,,
,,,,,,,
,,,,,,,
,,,,,,,
,,,,,,,
,,,,,,,
,,,,,,,
,,,,,,,
,,,,,,,
,,,,,,,
,,,,,,,
,,,,,,,
,,,,,,,
,,,,,,,
,,,,,,,
,,,,,,,
,,,,,,,
,,,,,,,
,,,,,,,
,,,,,,,
,,,,,,,
,,,,,,,
,,,,,,,
,,,,,,,
,,,,,,,
,,,,,,,
,,,,,,,
,,,,,,,
,,,,,,,
,,,,,,,
,,,,,,,
,,,,,,,
,,,,,,,
,,,,,,,
,,,,,,,
,,,,,,,
,,,,,,,
,,,,,,,
,,,,,,,
,,,,,,,
,,,,,,,
,,,,,,,
,,,,,,,
,,,,,,,
,,,,,,,
,,,,,,,
,,,,,,,
,,,,,,,
,,,,,,,
,,,,,,,
,,,,,,,
,,,,,,,
,,,,,,,
,,,,,,,
,,,,,,,
,,,,,,,
,,,,,,,
,,,,,,,
,,,,,,,
,,,,,,,
,,,,,,,
,,,,,,,
,,,,,,,
,,,,,,,
,,,,,,,
,,,,,,,
,,,,,,,
,,,,,,,
,,,,,,,
,,,,,,,
,,,,,,,
,,,,,,,
,,,,,,,
,,,,,,,
,,,,,,,
,,,,,,,
,,,,,,,
,,,,,,,
,,,,,,,
,,,,,,,
,,,,,,,
,,,,,,,
,,,,,,,
,,,,,,,
,,,,,,,
,,,,,,,
,,,,,,,
,,,,,,,
,,,,,,,
,,,,,,,
,,,,,,,
,,,,,,,
,,,,,,,
,,,,,,,
,,,,,,,
,,,,,,,
,,,,,,,
,,,,,,,
,,,,,,,
,,,,,,,
,,,,,,,
,,,,,,,
,,,,,,,
,,,,,,,
,,,,,,,
,,,,,,,
,,,,,,,
,,,,,,,
,,,,,,,
,,,,,,,
,,,,,,,
,,,,,,,
,,,,,,,
,,,,,,,
,,,,,,,
,,,,,,,
,,,,,,,
,,,,,,,
,,,,,,,
,,,,,,,
,,,,,,,
,,,,,,,
,,,,,,,
,,,,,,,
,,,,,,,
,,,,,,,
,,,,,,,
,,,,,,,
,,,,,,,
,,,,,,,
,,,,,,,
,,,,,,,
,,,,,,,
,,,,,,,
,,,,,,,
,,,,,,,
,,,,,,,
,,,,,,,
,,,,,,,
,,,,,,,
,,,,,,,
,,,,,,,
,,,,,,,
,,,,,,,
,,,,,,,
,,,,,,,
,,,,,,,
,,,,,,,
,,,,,,,
,,,,,,,
,,,,,,,
,,,,,,,
,,,,,,,
,,,,,,,
,,,,,,,
,,,,,,,
,,,,,,,
,,,,,,,
,,,,,,,
,,,,,,,
,,,,,,,
,,,,,,,
,,,,,,,
,,,,,,,
,,,,,,,
,,,,,,,
,,,,,,,
,,,,,,,
,,,,,,,
,,,,,,,
,,,,,,,
,,,,,,,
,,,,,,,
,,,,,,,
,,,,,,,
,,,,,,,
,,,,,,,
,,,,,,,
,,,,,,,
,,,,,,,
,,,,,,,
,,,,,,,
,,,,,,,
,,,,,,,
,,,,,,,
,,,,,,,
,,,,,,,
,,,,,,,
,,,,,,,
,,,,,,,
,,,,,,,
,,,,,,,
,,,,,,,
,,,,,,,
,,,,,,,
,,,,,,,
,,,,,,,
,,,,,,,
,,,,,,,
,,,,,,,
,,,,,,,
,,,,,,,
,,,,,,,
,,,,,,,
,,,,,,,
,,,,,,,
,,,,,,,
,,,,,,,
,,,,,,,
,,,,,,,
,,,,,,,
,,,,,,,
,,,,,,,
,,,,,,,
,,,,,,,
,,,,,,,
,,,,,,,
,,,,,,,
,,,,,,,
,,,,,,,
,,,,,,,
,,,,,,,
,,,,,,,
,,,,,,,
,,,,,,,
,,,,,,,
,,,,,,,
,,,,,,,
,,,,,,,
,,,,,,,
,,,,,,,
,,,,,,,
,,,,,,,
,,,,,,,
,,,,,,,
,,,,,,,
,,,,,,,
,,,,,,,
,,,,,,,
,,,,,,,
,,,,,,,
,,,,,,,
,,,,,,,
,,,,,,,
,,,,,,,
,,,,,,,
,,,,,,,
,,,,,,,
,,,,,,,
,,,,,,,
,,,,,,,
,,,,,,,
,,,,,,,
,,,,,,,
,,,,,,,
,,,,,,,
,,,,,,,
,,,,,,,
,,,,,,,
,,,,,,,
,,,,,,,
,,,,,,,
,,,,,,,
,,,,,,,
,,,,,,,
,,,,,,,
,,,,,,,
,,,,,,,
,,,,,,,
,,,,,,,
,,,,,,,
,,,,,,,
,,,,,,,
,,,,,,,
,,,,,,,
,,,,,,,
,,,,,,,
,,,,,,,
,,,,,,,
,,,,,,,
,,,,,,,
,,,,,,,
,,,,,,,
,,,,,,,
,,,,,,,
,,,,,,,
,,,,,,,
,,,,,,,
,,,,,,,
,,,,,,,
,,,,,,,
,,,,,,,
,,,,,,,
,,,,,,,
,,,,,,,
,,,,,,,
,,,,,,,
,,,,,,,
,,,,,,,
,,,,,,,
,,,,,,,
,,,,,,,
,,,,,,,
,,,,,,,
,,,,,,,
,,,,,,,
,,,,,,,
,,,,,,,
,,,,,,,
,,,,,,,
,,,,,,,
,,,,,,,
,,,,,,,
,,,,,,,
,,,,,,,
,,,,,,,
,,,,,,,
,,,,,,,
,,,,,,,
,,,,,,,
,,,,,,,
,,,,,,,
,,,,,,,
,,,,,,,
,,,,,,,
,,,,,,,
,,,,,,,
,,,,,,,
,,,,,,,
,,,,,,,
,,,,,,,
,,,,,,,
,,,,,,,
,,,,,,,
,,,,,,,
,,,,,,,
,,,,,,,
,,,,,,,
,,,,,,,
,,,,,,,
,,,,,,,
,,,,,,,
,,,,,,,
,,,,,,,
,,,,,,,
,,,,,,,
,,,,,,,
,,,,,,,
,,,,,,,
,,,,,,,
,,,,,,,
,,,,,,,
,,,,,,,
,,,,,,,
,,,,,,,
,,,,,,,
,,,,,,,
,,,,,,,
,,,,,,,
,,,,,,,
,,,,,,,
,,,,,,,
,,,,,,,
,,,,,,,
,,,,,,,
,,,,,,,
,,,,,,,
,,,,,,,
,,,,,,,
,,,,,,,
,,,,,,,
,,,,,,,
,,,,,,,
,,,,,,,
,,,,,,,
,,,,,,,
,,,,,,,
,,,,,,,
,,,,,,,
,,,,,,,
,,,,,,,
,,,,,,,
,,,,,,,
,,,,,,,
,,,,,,,
,,,,,,,
,,,,,,,
,,,,,,,
,,,,,,,
,,,,,,,
,,,,,,,
,,,,,,,
,,,,,,,
,,,,,,,
,,,,,,,
,,,,,,,
,,,,,,,
,,,,,,,
,,,,,,,
,,,,,,,
,,,,,,,
,,,,,,,
,,,,,,,
,,,,,,,
,,,,,,,
,,,,,,,
,,,,,,,
,,,,,,,
,,,,,,,
,,,,,,,
,,,,,,,
,,,,,,,
,,,,,,,
,,,,,,,
,,,,,,,
,,,,,,,
,,,,,,,
,,,,,,,
,,,,,,,
,,,,,,,
,,,,,,,
,,,,,,,
,,,,,,,
,,,,,,,
,,,,,,,
,,,,,,,
,,,,,,,
,,,,,,,
,,,,,,,
,,,,,,,
,,,,,,,
,,,,,,,
,,,,,,,
,,,,,,,
,,,,,,,
,,,,,,,
,,,,,,,
,,,,,,,
,,,,,,,
,,,,,,,
,,,,,,,
,,,,,,,
,,,,,,,
,,,,,,,
,,,,,,,
,,,,,,,
,,,,,,,
,,,,,,,
,,,,,,,
,,,,,,,
,,,,,,,
,,,,,,,
,,,,,,,
,,,,,,,
,,,,,,,
,,,,,,,
,,,,,,,
,,,,,,,
,,,,,,,
,,,,,,,
,,,,,,,
,,,,,,,
,,,,,,,
,,,,,,,
,,,,,,,
,,,,,,,
,,,,,,,
,,,,,,,
,,,,,,,
,,,,,,,
,,,,,,,
,,,,,,,
,,,,,,,
,,,,,,,
,,,,,,,
,,,,,,,
,,,,,,,
,,,,,,,
,,,,,,,
,,,,,,,
,,,,,,,
,,,,,,,
,,,,,,,
,,,,,,,
,,,,,,,
,,,,,,,
,,,,,,,
,,,,,,,
,,,,,,,
,,,,,,,
,,,,,,,
,,,,,,,
,,,,,,,
,,,,,,,
,,,,,,,
,,,,,,,
,,,,,,,
,,,,,,,
,,,,,,,
,,,,,,,
,,,,,,,
,,,,,,,
,,,,,,,
,,,,,,,
,,,,,,,
,,,,,,,
,,,,,,,
,,,,,,,
,,,,,,,
,,,,,,,
,,,,,,,
,,,,,,,
,,,,,,,
,,,,,,,
,,,,,,,
,,,,,,,
,,,,,,,
,,,,,,,
,,,,,,,
,,,,,,,
,,,,,,,
,,,,,,,
,,,,,,,
,,,,,,,
,,,,,,,
,,,,,,,
,,,,,,,
,,,,,,,
,,,,,,,
,,,,,,,
,,,,,,,
,,,,,,,
,,,,,,,
,,,,,,,
,,,,,,,
,,,,,,,
,,,,,,,
,,,,,,,
,,,,,,,
,,,,,,,
,,,,,,,
,,,,,,,
,,,,,,,
,,,,,,,
,,,,,,,
,,,,,,,
,,,,,,,
,,,,,,,
,,,,,,,
,,,,,,,
,,,,,,,
,,,,,,,
,,,,,,,
,,,,,,,
,,,,,,,
,,,,,,,
,,,,,,,
,,,,,,,
,,,,,,,
,,,,,,,
,,,,,,,
,,,,,,,
,,,,,,,
,,,,,,,
,,,,,,,
,,,,,,,
,,,,,,,
,,,,,,,
,,,,,,,
,,,,,,,
,,,,,,,
,,,,,,,
,,,,,,,
,,,,,,,
,,,,,,,
,,,,,,,
,,,,,,,
,,,,,,,
,,,,,,,
,,,,,,,
,,,,,,,
,,,,,,,
,,,,,,,
,,,,,,,
,,,,,,,
,,,,,,,
,,,,,,,
,,,,,,,
,,,,,,,
,,,,,,,
,,,,,,,
,,,,,,,
,,,,,,,
,,,,,,,
,,,,,,,
,,,,,,,
,,,,,,,
,,,,,,,
,,,,,,,
,,,,,,,
,,,,,,,
,,,,,,,
,,,,,,,
,,,,,,,
,,,,,,,
,,,,,,,
,,,,,,,
,,,,,,,
,,,,,,,
,,,,,,,
,,,,,,,
,,,,,,,
,,,,,,,
,,,,,,,
,,,,,,,
,,,,,,,
,,,,,,,
,,,,,,,
,,,,,,,
,,,,,,,
,,,,,,,
,,,,,,,
,,,,,,,
,,,,,,,
,,,,,,,
,,,,,,,
,,,,,,,
,,,,,,,
,,,,,,,
,,,,,,,
,,,,,,,
,,,,,,,
,,,,,,,
,,,,,,,
,,,,,,,
,,,,,,,
,,,,,,,
,,,,,,,
,,,,,,,
,,,,,,,
,,,,,,,
,,,,,,,
,,,,,,,
,,,,,,,
,,,,,,,
,,,,,,,
,,,,,,,
,,,,,,,
,,,,,,,
,,,,,,,
,,,,,,,
,,,,,,,
,,,,,,,
,,,,,,,
,,,,,,,
,,,,,,,
,,,,,,,
,,,,,,,
,,,,,,,
,,,,,,,
,,,,,,,
,,,,,,,
,,,,,,,
,,,,,,,
,,,,,,,
,,,,,,,
,,,,,,,
,,,,,,,
,,,,,,,
,,,,,,,
,,,,,,,
,,,,,,,
,,,,,,,
,,,,,,,
,,,,,,,
,,,,,,,
,,,,,,,
,,,,,,,
,,,,,,,
,,,,,,,
,,,,,,,
,,,,,,,
,,,,,,,
,,,,,,,
,,,,,,,
,,,,,,,
,,,,,,,
,,,,,,,
,,,,,,,
,,,,,,,
,,,,,,,
,,,,,,,
,,,,,,,
,,,,,,,
,,,,,,,
,,,,,,,
,,,,,,,
,,,,,,,
,,,,,,,
,,,,,,,
,,,,,,,
,,,,,,,
,,,,,,,
,,,,,,,
,,,,,,,
,,,,,,,
,,,,,,,
,,,,,,,
,,,,,,,
,,,,,,,
,,,,,,,
,,,,,,,
,,,,,,,
,,,,,,,
,,,,,,,
,,,,,,,
,,,,,,,
,,,,,,,
,,,,,,,
,,,,,,,
,,,,,,,
,,,,,,,
,,,,,,,
,,,,,,,
,,,,,,,
,,,,,,,
,,,,,,,
,,,,,,,
,,,,,,,
,,,,,,,
,,,,,,,
,,,,,,,
,,,,,,,
,,,,,,,
,,,,,,,
,,,,,,,
,,,,,,,
,,,,,,,
,,,,,,,
,,,,,,,
,,,,,,,
,,,,,,,
,,,,,,,
,,,,,,,
,,,,,,,
,,,,,,,
,,,,,,,
,,,,,,,
,,,,,,,
,,,,,,,
,,,,,,,
,,,,,,,
,,,,,,,
,,,,,,,
,,,,,,,
,,,,,,,
,,,,,,,
,,,,,,,
,,,,,,,
,,,,,,,
,,,,,,,
,,,,,,,
,,,,,,,
,,,,,,,
,,,,,,,
,,,,,,,
,,,,,,,
,,,,,,,
,,,,,,,
,,,,,,,
,,,,,,,
,,,,,,,
,,,,,,,
,,,,,,,
,,,,,,,
,,,,,,,
,,,,,,,
,,,,,,,
,,,,,,,
,,,,,,,
,,,,,,,
,,,,,,,
,,,,,,,
,,,,,,,
,,,,,,,
,,,,,,,
,,,,,,,
,,,,,,,
,,,,,,,
,,,,,,,
,,,,,,,
,,,,,,,
,,,,,,,
,,,,,,,
,,,,,,,
,,,,,,,
,,,,,,,
,,,,,,,
,,,,,,,
,,,,,,,
,,,,,,,
,,,,,,,
,,,,,,,
,,,,,,,
,,,,,,,
,,,,,,,
,,,,,,,
,,,,,,,
,,,,,,,
,,,,,,,
,,,,,,,
,,,,,,,
,,,,,,,
,,,,,,,
,,,,,,,
,,,,,,,
,,,,,,,
,,,,,,,
,,,,,,,
,,,,,,,
,,,,,,,
,,,,,,,
,,,,,,,
,,,,,,,
,,,,,,,
,,,,,,,
,,,,,,,
,,,,,,,
,,,,,,,
,,,,,,,
,,,,,,,
,,,,,,,
,,,,,,,
,,,,,,,
,,,,,,,
,,,,,,,
,,,,,,,
,,,,,,,
,,,,,,,
,,,,,,,
,,,,,,,
,,,,,,,
,,,,,,,
,,,,,,,
,,,,,,,
,,,,,,,
,,,,,,,
,,,,,,,
,,,,,,,
,,,,,,,
,,,,,,,
,,,,,,,
,,,,,,,
,,,,,,,
,,,,,,,
,,,,,,,
,,,,,,,
,,,,,,,
,,,,,,,
,,,,,,,
,,,,,,,
,,,,,,,
,,,,,,,
,,,,,,,
,,,,,,,
,,,,,,,
,,,,,,,
,,,,,,,
,,,,,,,
,,,,,,,
,,,,,,,
,,,,,,,
,,,,,,,
,,,,,,,
,,,,,,,
,,,,,,,
,,,,,,,
,,,,,,,
,,,,,,,
,,,,,,,
,,,,,,,
,,,,,,,
,,,,,,,
,,,,,,,
,,,,,,,
,,,,,,,
,,,,,,,
,,,,,,,
,,,,,,,
,,,,,,,
,,,,,,,
,,,,,,,
,,,,,,,
,,,,,,,
,,,,,,,
,,,,,,,
,,,,,,,
,,,,,,,
,,,,,,,
,,,,,,,
,,,,,,,
,,,,,,,
,,,,,,,
,,,,,,,
,,,,,,,
,,,,,,,
,,,,,,,
,,,,,,,
,,,,,,,
,,,,,,,
,,,,,,,
,,,,,,,
,,,,,,,
,,,,,,,
,,,,,,,
,,,,,,,
,,,,,,,
,,,,,,,
,,,,,,,
,,,,,,,
,,,,,,,
,,,,,,,
,,,,,,,
,,,,,,,
,,,,,,,
,,,,,,,
,,,,,,,
,,,,,,,
,,,,,,,
,,,,,,,
,,,,,,,
,,,,,,,
,,,,,,,
,,,,,,,
,,,,,,,
,,,,,,,
,,,,,,,
,,,,,,,
,,,,,,,
,,,,,,,
,,,,,,,
,,,,,,,
,,,,,,,
,,,,,,,
,,,,,,,
,,,,,,,
,,,,,,,
,,,,,,,
,,,,,,,
,,,,,,,
,,,,,,,
,,,,,,,
,,,,,,,
,,,,,,,
,,,,,,,
,,,,,,,
,,,,,,,
,,,,,,,
,,,,,,,
,,,,,,,
,,,,,,,
,,,,,,,
,,,,,,,
,,,,,,,
,,,,,,,
,,,,,,,
,,,,,,,
,,,,,,,
,,,,,,,
,,,,,,,
,,,,,,,
,,,,,,,
,,,,,,,
,,,,,,,
,,,,,,,
,,,,,,,
,,,,,,,
,,,,,,,
,,,,,,,
,,,,,,,
,,,,,,,
,,,,,,,
,,,,,,,
,,,,,,,
,,,,,,,
,,,,,,,
,,,,,,,
,,,,,,,
,,,,,,,
,,,,,,,
,,,,,,,
,,,,,,,
,,,,,,,
,,,,,,,
,,,,,,,
,,,,,,,
,,,,,,,
,,,,,,,
,,,,,,,
,,,,,,,
,,,,,,,
,,,,,,,
,,,,,,,
,,,,,,,
,,,,,,,
,,,,,,,
,,,,,,,
,,,,,,,
,,,,,,,
,,,,,,,
,,,,,,,
,,,,,,,
,,,,,,,
,,,,,,,
,,,,,,,
,,,,,,,
,,,,,,,
,,,,,,,
,,,,,,,
,,,,,,,
,,,,,,,
,,,,,,,
,,,,,,,
,,,,,,,
,,,,,,,
,,,,,,,
,,,,,,,
,,,,,,,
,,,,,,,
,,,,,,,
,,,,,,,
,,,,,,,
,,,,,,,
,,,,,,,
,,,,,,,
,,,,,,,
,,,,,,,
,,,,,,,
,,,,,,,
,,,,,,,
,,,,,,,
,,,,,,,
,,,,,,,
,,,,,,,
,,,,,,,
,,,,,,,
,,,,,,,
,,,,,,,
,,,,,,,
,,,,,,,
,,,,,,,
,,,,,,,
,,,,,,,
,,,,,,,
,,,,,,,
,,,,,,,
,,,,,,,
,,,,,,,
,,,,,,,
,,,,,,,
,,,,,,,
,,,,,,,
,,,,,,,
,,,,,,,
,,,,,,,
,,,,,,,
,,,,,,,
,,,,,,,
,,,,,,,
,,,,,,,
,,,,,,,
,,,,,,,
,,,,,,,
,,,,,,,
,,,,,,,
,,,,,,,
,,,,,,,
,,,,,,,
,,,,,,,
,,,,,,,
,,,,,,,
,,,,,,,
,,,,,,,
,,,,,,,
,,,,,,,
,,,,,,,
,,,,,,,
,,,,,,,
,,,,,,,
,,,,,,,
,,,,,,,
,,,,,,,
,,,,,,,
,,,,,,,
,,,,,,,
,,,,,,,
,,,,,,,
,,,,,,,
,,,,,,,
,,,,,,,
,,,,,,,
,,,,,,,
,,,,,,,
,,,,,,,
,,,,,,,
,,,,,,,
,,,,,,,
,,,,,,,
,,,,,,,
,,,,,,,
,,,,,,,
,,,,,,,
,,,,,,,
,,,,,,,
,,,,,,,
,,,,,,,
,,,,,,,
,,,,,,,
,,,,,,,
,,,,,,,
,,,,,,,
,,,,,,,
,,,,,,,
,,,,,,,
,,,,,,,
,,,,,,,
,,,,,,,
,,,,,,,
,,,,,,,
,,,,,,,
,,,,,,,
,,,,,,,
,,,,,,,
,,,,,,,
,,,,,,,
,,,,,,,
,,,,,,,
,,,,,,,
,,,,,,,
,,,,,,,
,,,,,,,
,,,,,,,
,,,,,,,
,,,,,,,
,,,,,,,
,,,,,,,
,,,,,,,
,,,,,,,
,,,,,,,
,,,,,,,
,,,,,,,
,,,,,,,
,,,,,,,
,,,,,,,
,,,,,,,
,,,,,,,
,,,,,,,
,,,,,,,
,,,,,,,
,,,,,,,
,,,,,,,
,,,,,,,
,,,,,,,
,,,,,,,
,,,,,,,
,,,,,,,
,,,,,,,
,,,,,,,
,,,,,,,
,,,,,,,
,,,,,,,
,,,,,,,
,,,,,,,
,,,,,,,
,,,,,,,
,,,,,,,
,,,,,,,
,,,,,,,
,,,,,,,
,,,,,,,
,,,,,,,
,,,,,,,
,,,,,,,
,,,,,,,
,,,,,,,
,,,,,,,
,,,,,,,
,,,,,,,
,,,,,,,
,,,,,,,
,,,,,,,
,,,,,,,
,,,,,,,
,,,,,,,
,,,,,,,
,,,,,,,
,,,,,,,
,,,,,,,
,,,,,,,
,,,,,,,
,,,,,,,
,,,,,,,
,,,,,,,
,,,,,,,
,,,,,,,
,,,,,,,
,,,,,,,
,,,,,,,
,,,,,,,
,,,,,,,
,,,,,,,
,,,,,,,
,,,,,,,
,,,,,,,
,,,,,,,
,,,,,,,
,,,,,,,
,,,,,,,
,,,,,,,
,,,,,,,
,,,,,,,
,,,,,,,
,,,,,,,
,,,,,,,
,,,,,,,
,,,,,,,
,,,,,,,
,,,,,,,
,,,,,,,
,,,,,,,
,,,,,,,
,,,,,,,
,,,,,,,
,,,,,,,
,,,,,,,
,,,,,,,
,,,,,,,
,,,,,,,
,,,,,,,
,,,,,,,
,,,,,,,
,,,,,,,
,,,,,,,
,,,,,,,
,,,,,,,
,,,,,,,
,,,,,,,
,,,,,,,
,,,,,,,
,,,,,,,
,,,,,,,
,,,,,,,
,,,,,,,
,,,,,,,
,,,,,,,
,,,,,,,
,,,,,,,
,,,,,,,
,,,,,,,
,,,,,,,
,,,,,,,
,,,,,,,
,,,,,,,
,,,,,,,
,,,,,,,
,,,,,,,
,,,,,,,
,,,,,,,
,,,,,,,
,,,,,,,
,,,,,,,
,,,,,,,
,,,,,,,
,,,,,,,
,,,,,,,
,,,,,,,
,,,,,,,
,,,,,,,
,,,,,,,
,,,,,,,
,,,,,,,
,,,,,,,
,,,,,,,
,,,,,,,
,,,,,,,
,,,,,,,
,,,,,,,
,,,,,,,
,,,,,,,
,,,,,,,
,,,,,,,
,,,,,,,
,,,,,,,
,,,,,,,
,,,,,,,
,,,,,,,
,,,,,,,
,,,,,,,
,,,,,,,
,,,,,,,
,,,,,,,
,,,,,,,
,,,,,,,
,,,,,,,
,,,,,,,
,,,,,,,
,,,,,,,
,,,,,,,
,,,,,,,
,,,,,,,
,,,,,,,
,,,,,,,
,,,,,,,
,,,,,,,
,,,,,,,
,,,,,,,
,,,,,,,
,,,,,,,
,,,,,,,
,,,,,,,
,,,,,,,
,,,,,,,
,,,,,,,
,,,,,,,
,,,,,,,
,,,,,,,
,,,,,,,
,,,,,,,
,,,,,,,
,,,,,,,
,,,,,,,
,,,,,,,
,,,,,,,
,,,,,,,
,,,,,,,
,,,,,,,
,,,,,,,
,,,,,,,
,,,,,,,
,,,,,,,
,,,,,,,
,,,,,,,
,,,,,,,
,,,,,,,
,,,,,,,
,,,,,,,
,,,,,,,
,,,,,,,
,,,,,,,
,,,,,,,
,,,,,,,
,,,,,,,
,,,,,,,
,,,,,,,
,,,,,,,
,,,,,,,
,,,,,,,
,,,,,,,
,,,,,,,
,,,,,,,
,,,,,,,
,,,,,,,
,,,,,,,
,,,,,,,
,,,,,,,
,,,,,,,
,,,,,,,
,,,,,,,
,,,,,,,
,,,,,,,
,,,,,,,
,,,,,,,
,,,,,,,
,,,,,,,
,,,,,,,
,,,,,,,
,,,,,,,
,,,,,,,
,,,,,,,
,,,,,,,
,,,,,,,
,,,,,,,
,,,,,,,
,,,,,,,
,,,,,,,
,,,,,,,
,,,,,,,
,,,,,,,
,,,,,,,
,,,,,,,
,,,,,,,
,,,,,,,
,,,,,,,
,,,,,,,
,,,,,,,
,,,,,,,
,,,,,,,
,,,,,,,
,,,,,,,
,,,,,,,
,,,,,,,
,,,,,,,
,,,,,,,
,,,,,,,
,,,,,,,
,,,,,,,
,,,,,,,
,,,,,,,
,,,,,,,
,,,,,,,
,,,,,,,
,,,,,,,
,,,,,,,
,,,,,,,
,,,,,,,
,,,,,,,
,,,,,,,
,,,,,,,
,,,,,,,
,,,,,,,
,,,,,,,
,,,,,,,
,,,,,,,
,,,,,,,
,,,,,,,
,,,,,,,
,,,,,,,
,,,,,,,
,,,,,,,
,,,,,,,
,,,,,,,
,,,,,,,
,,,,,,,
,,,,,,,
,,,,,,,
,,,,,,,
,,,,,,,
,,,,,,,
,,,,,,,
,,,,,,,
,,,,,,,
,,,,,,,
,,,,,,,
,,,,,,,
,,,,,,,
,,,,,,,
,,,,,,,
,,,,,,,
,,,,,,,
,,,,,,,
,,,,,,,
,,,,,,,
,,,,,,,
,,,,,,,
,,,,,,,
,,,,,,,
,,,,,,,
,,,,,,,
,,,,,,,
,,,,,,,
,,,,,,,
,,,,,,,
,,,,,,,
,,,,,,,
,,,,,,,
,,,,,,,
,,,,,,,
,,,,,,,
,,,,,,,
,,,,,,,
,,,,,,,
,,,,,,,
,,,,,,,
,,,,,,,
,,,,,,,
,,,,,,,
,,,,,,,
,,,,,,,
,,,,,,,
,,,,,,,
,,,,,,,
,,,,,,,
,,,,,,,
,,,,,,,
,,,,,,,
,,,,,,,
,,,,,,,
,,,,,,,
,,,,,,,
,,,,,,,
,,,,,,,
,,,,,,,
,,,,,,,
,,,,,,,
,,,,,,,
,,,,,,,
,,,,,,,
,,,,,,,
,,,,,,,
,,,,,,,
,,,,,,,
,,,,,,,
,,,,,,,
,,,,,,,
,,,,,,,
,,,,,,,
,,,,,,,
,,,,,,,
,,,,,,,
,,,,,,,
,,,,,,,
,,,,,,,
,,,,,,,
,,,,,,,
,,,,,,,
,,,,,,,
,,,,,,,
,,,,,,,
,,,,,,,
,,,,,,,
,,,,,,,
,,,,,,,
,,,,,,,
,,,,,,,
,,,,,,,
,,,,,,,
,,,,,,,
,,,,,,,
,,,,,,,
,,,,,,,
,,,,,,,
,,,,,,,
,,,,,,,
,,,,,,,
,,,,,,,
,,,,,,,
,,,,,,,
,,,,,,,
,,,,,,,
,,,,,,,
,,,,,,,
,,,,,,,
,,,,,,,
,,,,,,,
,,,,,,,
,,,,,,,
,,,,,,,
,,,,,,,
,,,,,,,
,,,,,,,
,,,,,,,
,,,,,,,
,,,,,,,
,,,,,,,
,,,,,,,
,,,,,,,
,,,,,,,
,,,,,,,
,,,,,,,
,,,,,,,
,,,,,,,
,,,,,,,
,,,,,,,
,,,,,,,
,,,,,,,
,,,,,,,
,,,,,,,
,,,,,,,
,,,,,,,
,,,,,,,
,,,,,,,
,,,,,,,
,,,,,,,
,,,,,,,
,,,,,,,
,,,,,,,
,,,,,,,
,,,,,,,
,,,,,,,
,,,,,,,
,,,,,,,
,,,,,,,
,,,,,,,
,,,,,,,
,,,,,,,
,,,,,,,
,,,,,,,
,,,,,,,
,,,,,,,
,,,,,,,
,,,,,,,
,,,,,,,
,,,,,,,
,,,,,,,
,,,,,,,
,,,,,,,
,,,,,,,
,,,,,,,
,,,,,,,
,,,,,,,
,,,,,,,
,,,,,,,
,,,,,,,
,,,,,,,
,,,,,,,
,,,,,,,
,,,,,,,
,,,,,,,
,,,,,,,
,,,,,,,
,,,,,,,
,,,,,,,
,,,,,,,
,,,,,,,
,,,,,,,
,,,,,,,
,,,,,,,
,,,,,,,
,,,,,,,
,,,,,,,
,,,,,,,
,,,,,,,
,,,,,,,
,,,,,,,
,,,,,,,
,,,,,,,
,,,,,,,
,,,,,,,
,,,,,,,
,,,,,,,
,,,,,,,
,,,,,,,
,,,,,,,
,,,,,,,
,,,,,,,
,,,,,,,
,,,,,,,
,,,,,,,
,,,,,,,
,,,,,,,
,,,,,,,
,,,,,,,
,,,,,,,
,,,,,,,
,,,,,,,
,,,,,,,
,,,,,,,
,,,,,,,
,,,,,,,
,,,,,,,
,,,,,,,
,,,,,,,
,,,,,,,
,,,,,,,
,,,,,,,
,,,,,,,
,,,,,,,
,,,,,,,
,,,,,,,
,,,,,,,
,,,,,,,
,,,,,,,
,,,,,,,
,,,,,,,
,,,,,,,
,,,,,,,
,,,,,,,
,,,,,,,
,,,,,,,
,,,,,,,
,,,,,,,
,,,,,,,
,,,,,,,
,,,,,,,
,,,,,,,
,,,,,,,
,,,,,,,
,,,,,,,
,,,,,,,
,,,,,,,
,,,,,,,
,,,,,,,
,,,,,,,
,,,,,,,
,,,,,,,
,,,,,,,
,,,,,,,
,,,,,,,
,,,,,,,
,,,,,,,
,,,,,,,
,,,,,,,
,,,,,,,
,,,,,,,
,,,,,,,
,,,,,,,
,,,,,,,
,,,,,,,
,,,,,,,
,,,,,,,
,,,,,,,
,,,,,,,
,,,,,,,
,,,,,,,
,,,,,,,
,,,,,,,
,,,,,,,
,,,,,,,
,,,,,,,
,,,,,,,
,,,,,,,
,,,,,,,
,,,,,,,
,,,,,,,
,,,,,,,
,,,,,,,
,,,,,,,
,,,,,,,
,,,,,,,
,,,,,,,
,,,,,,,
,,,,,,,
,,,,,,,
,,,,,,,
,,,,,,,
,,,,,,,
,,,,,,,
,,,,,,,
,,,,,,,
,,,,,,,
,,,,,,,
,,,,,,,
,,,,,,,
,,,,,,,
,,,,,,,
,,,,,,,
,,,,,,,
,,,,,,,
,,,,,,,
,,,,,,,
,,,,,,,
,,,,,,,
,,,,,,,
,,,,,,,
,,,,,,,
,,,,,,,
,,,,,,,
,,,,,,,
,,,,,,,
,,,,,,,
,,,,,,,
,,,,,,,
,,,,,,,
,,,,,,,
,,,,,,,
,,,,,,,
,,,,,,,
,,,,,,,
,,,,,,,
,,,,,,,
,,,,,,,
,,,,,,,
,,,,,,,
,,,,,,,
,,,,,,,
,,,,,,,
,,,,,,,
,,,,,,,
,,,,,,,
,,,,,,,
,,,,,,,
,,,,,,,
,,,,,,,
,,,,,,,
,,,,,,,
,,,,,,,
,,,,,,,
,,,,,,,
,,,,,,,
,,,,,,,
,,,,,,,
,,,,,,,
,,,,,,,
,,,,,,,
,,,,,,,
,,,,,,,
,,,,,,,
,,,,,,,
,,,,,,,
,,,,,,,
,,,,,,,
,,,,,,,
,,,,,,,
,,,,,,,
,,,,,,,
,,,,,,,
,,,,,,,
,,,,,,,
,,,,,,,
,,,,,,,
,,,,,,,
,,,,,,,
,,,,,,,
,,,,,,,
,,,,,,,
,,,,,,,
,,,,,,,
,,,,,,,
,,,,,,,
,,,,,,,
,,,,,,,
,,,,,,,
,,,,,,,
,,,,,,,
,,,,,,,
,,,,,,,
,,,,,,,
,,,,,,,
,,,,,,,
,,,,,,,
,,,,,,,
,,,,,,,
,,,,,,,
,,,,,,,
,,,,,,,
,,,,,,,
,,,,,,,
,,,,,,,
,,,,,,,
,,,,,,,
,,,,,,,
,,,,,,,
,,,,,,,
,,,,,,,
,,,,,,,
,,,,,,,
,,,,,,,
,,,,,,,
,,,,,,,
,,,,,,,
,,,,,,,
,,,,,,,
,,,,,,,
,,,,,,,
,,,,,,,
,,,,,,,
,,,,,,,
,,,,,,,
,,,,,,,
,,,,,,,
,,,,,,,
,,,,,,,
,,,,,,,
,,,,,,,
,,,,,,,
,,,,,,,
,,,,,,,
,,,,,,,
,,,,,,,
,,,,,,,
,,,,,,,
,,,,,,,
,,,,,,,
,,,,,,,
,,,,,,,
,,,,,,,
,,,,,,,
,,,,,,,
,,,,,,,
,,,,,,,
,,,,,,,
,,,,,,,
,,,,,,,
,,,,,,,
,,,,,,,
,,,,,,,
,,,,,,,
,,,,,,,
,,,,,,,
,,,,,,,
,,,,,,,
,,,,,,,
,,,,,,,
,,,,,,,
,,,,,,,
,,,,,,,
,,,,,,,
,,,,,,,
,,,,,,,
,,,,,,,
,,,,,,,
,,,,,,,
,,,,,,,
,,,,,,,
,,,,,,,
,,,,,,,
,,,,,,,
,,,,,,,
,,,,,,,
,,,,,,,
,,,,,,,
,,,,,,,
,,,,,,,
,,,,,,,
,,,,,,,
,,,,,,,
,,,,,,,
,,,,,,,
,,,,,,,
,,,,,,,
,,,,,,,
,,,,,,,
,,,,,,,
,,,,,,,
,,,,,,,
,,,,,,,
,,,,,,,
,,,,,,,
,,,,,,,
,,,,,,,
,,,,,,,
,,,,,,,
,,,,,,,
,,,,,,,
,,,,,,,
,,,,,,,
,,,,,,,
,,,,,,,
,,,,,,,
,,,,,,,
,,,,,,,
,,,,,,,
,,,,,,,
,,,,,,,
,,,,,,,
,,,,,,,
,,,,,,,
,,,,,,,
,,,,,,,
,,,,,,,
,,,,,,,
,,,,,,,
,,,,,,,
,,,,,,,
,,,,,,,
,,,,,,,
,,,,,,,
,,,,,,,
,,,,,,,
,,,,,,,
,,,,,,,
,,,,,,,
,,,,,,,
,,,,,,,
,,,,,,,
,,,,,,,
,,,,,,,
,,,,,,,
,,,,,,,
,,,,,,,
,,,,,,,
,,,,,,,
,,,,,,,
,,,,,,,
,,,,,,,
,,,,,,,
,,,,,,,
,,,,,,,
,,,,,,,
,,,,,,,
,,,,,,,
,,,,,,,
,,,,,,,
,,,,,,,
,,,,,,,
,,,,,,,
,,,,,,,
,,,,,,,
,,,,,,,
,,,,,,,
,,,,,,,
,,,,,,,
,,,,,,,
,,,,,,,
,,,,,,,
,,,,,,,
,,,,,,,
,,,,,,,
,,,,,,,
,,,,,,,
,,,,,,,
,,,,,,,
,,,,,,,
,,,,,,,
,,,,,,,
,,,,,,,
,,,,,,,
,,,,,,,
,,,,,,,
,,,,,,,
,,,,,,,
,,,,,,,
,,,,,,,
,,,,,,,
,,,,,,,
,,,,,,,
,,,,,,,
,,,,,,,
,,,,,,,
,,,,,,,
,,,,,,,
,,,,,,,
,,,,,,,
,,,,,,,
,,,,,,,
,,,,,,,
,,,,,,,
,,,,,,,
,,,,,,,
,,,,,,,
,,,,,,,
,,,,,,,
,,,,,,,
,,,,,,,
,,,,,,,
,,,,,,,
,,,,,,,
,,,,,,,
,,,,,,,
,,,,,,,
,,,,,,,
,,,,,,,
,,,,,,,
,,,,,,,
,,,,,,,
,,,,,,,
,,,,,,,
,,,,,,,
,,,,,,,
,,,,,,,
,,,,,,,
,,,,,,,
,,,,,,,
,,,,,,,
,,,,,,,
,,,,,,,
,,,,,,,
,,,,,,,
,,,,,,,
,,,,,,,
,,,,,,,
,,,,,,,
,,,,,,,
,,,,,,,
,,,,,,,
,,,,,,,
,,,,,,,
,,,,,,,
,,,,,,,
,,,,,,,
,,,,,,,
,,,,,,,
,,,,,,,
,,,,,,,
,,,,,,,
,,,,,,,
,,,,,,,
,,,,,,,
,,,,,,,
,,,,,,,
,,,,,,,
,,,,,,,
,,,,,,,
,,,,,,,
,,,,,,,
,,,,,,,
,,,,,,,
,,,,,,,
,,,,,,,
,,,,,,,
,,,,,,,
,,,,,,,
,,,,,,,
,,,,,,,
,,,,,,,
,,,,,,,
,,,,,,,
,,,,,,,
,,,,,,,
,,,,,,,
,,,,,,,
,,,,,,,
,,,,,,,
,,,,,,,
,,,,,,,
,,,,,,,
,,,,,,,
,,,,,,,
,,,,,,,
,,,,,,,
,,,,,,,
,,,,,,,
,,,,,,,
,,,,,,,
,,,,,,,
,,,,,,,
,,,,,,,
,,,,,,,
,,,,,,,
,,,,,,,
,,,,,,,
,,,,,,,
,,,,,,,
,,,,,,,
,,,,,,,
,,,,,,,
,,,,,,,
,,,,,,,
,,,,,,,
,,,,,,,
,,,,,,,
,,,,,,,
,,,,,,,
,,,,,,,
,,,,,,,
,,,,,,,
,,,,,,,
,,,,,,,
,,,,,,,
,,,,,,,
,,,,,,,
,,,,,,,
,,,,,,,
,,,,,,,
,,,,,,,
,,,,,,,
,,,,,,,
,,,,,,,
,,,,,,,
,,,,,,,
,,,,,,,
,,,,,,,
,,,,,,,
,,,,,,,
,,,,,,,
,,,,,,,
,,,,,,,
,,,,,,,
,,,,,,,
,,,,,,,
,,,,,,,
,,,,,,,
,,,,,,,
,,,,,,,
,,,,,,,
,,,,,,,
,,,,,,,
,,,,,,,
,,,,,,,
,,,,,,,
,,,,,,,
,,,,,,,
,,,,,,,
,,,,,,,
,,,,,,,
,,,,,,,
,,,,,,,
,,,,,,,
,,,,,,,
,,,,,,,
,,,,,,,
,,,,,,,
,,,,,,,
,,,,,,,
,,,,,,,
,,,,,,,
,,,,,,,
,,,,,,,
,,,,,,,
,,,,,,,
,,,,,,,
,,,,,,,
,,,,,,,
,,,,,,,
,,,,,,,
,,,,,,,
,,,,,,,
,,,,,,,
,,,,,,,
,,,,,,,
,,,,,,,
,,,,,,,
,,,,,,,
,,,,,,,
,,,,,,,
,,,,,,,